
0.0
0.0
0.0
2.00930556865e-05
9.04420563648e-05
0.000244642087966
0.000516324807331
0.000937531514625
0.00153810421341
0.00234489655754
0.003380908424
0.0046643495531
0.00620916873526
0.00802141845678
0.0101080502677
0.0124729287104
0.0151169556989
0.0180381704104
0.021231359127
0.024687229677
0.0283965404977
0.0323483420114
0.0365302615302
0.0409288015583
0.0455296765419
0.0503132132421
0.055260459543
0.0603611431861
0.0656065208599
0.0709890284669
0.0765022913715
0.0821404970001
0.0878958417108
0.0937664302251
0.0997514620428
0.105851034284
0.112065935579
0.118397434095
0.124847088152
0.131416587741
0.138107602831
0.144921640369
0.151859906444
0.158923196486
0.166111792983
0.173419413957
0.180837396152
0.188366848375
0.19600877406
0.203763635051
0.211631583103
0.219612334479
0.227705126316
0.23590866965
0.244221110021
0.252639994867
0.261162254526
0.269784199162
0.27850151535
0.287299416877
0.296164145893
0.305093974931
0.314086964388
0.323140944372
0.332253491157
0.341421903213
0.350643173969
0.359913969735
0.369229355245
0.378584323908
0.387975047732
0.397397375812
0.40684683234
0.416318587338
0.425806182209
0.435295510733
0.444772513274
0.454236419639
0.46368630966
0.473121100862
0.482539536059
0.491940162199
0.501321310312
0.510681082075
0.520015154926
0.529321619641
0.538598446765
0.547843356313
0.557053670241
0.566225656458
0.57535563412
0.584439977107
0.593475117211
0.602457552312
0.611383852989
0.620250669579
0.62905474047
0.637792900184
0.646462087424
0.655054153451
0.663567229221
0.672000634149
0.680353303205
0.688622907271
0.696808945112
0.704910813547
0.712927817719
0.720859177612
0.728704035766
0.736461433482
0.744129361868
0.751707093969
0.759193698908
0.766587922763
0.773888581191
0.781094557763
0.788204803339
0.795218336715
0.802134243147
0.808951674984
0.81566985137
0.822288059356
0.828805654054
0.835222061348
0.841536775663
0.847749360164
0.853859447601
0.859866740161
0.865771009718
0.871572096488
0.877269906389
0.882864413836
0.888355659193
0.893743746237
0.899028841815
0.904211174198
0.909291029032
0.914268747831
0.919144727271
0.923919415857
0.92859331373
0.933166964767
0.937640955713
0.942015917242
0.946292518968
0.950471467116
0.954553504803
0.958539406581
0.96242997725
0.966226050452
0.969928485811
0.973538167928
0.977056002986
0.980482920159
0.983819867839
0.987067811902
0.990227736049
0.993300640596
0.996287540555
0.999189464305
1.00200745272
1.00474256015
1.00739585135
1.00996840202
1.01246129803
1.01487563464
1.01721251487
1.01947304981
1.02165835823
1.02376956583
1.0258078039
1.02777420898
1.02966992265
1.03149609113
1.03325386355
1.03494439161
1.03656882927
1.0381283321
1.03962405661
1.04105715923
1.04242879633
1.043740123
1.04499229284
1.04618645725
1.04732376454
1.04840535917
1.04943238168
1.05040596796
1.05132724892
1.05219734878
1.05301738514
1.05378846876
1.05451170312
1.05518818429
1.05581900005
1.05640522928
1.05694794194
1.05744819871
1.05790705044
1.05832553749
1.05870469063
1.05904553002
1.05934906457
1.05961629301
1.05984820237
1.06004576849
1.06020995597
1.06034171689
1.06044199233
1.06051171111
1.06055179015
1.06056313447
1.06054663663
1.06660027303
1.07309098672
1.0795784089
1.08606241866
1.09254289369
1.09901971061
1.10549274496
1.11196187485
1.11842697475
1.12488792112
1.13134459333
1.13779687273
1.14424464125
1.15068778123
1.15712617521
1.16355971208
1.16998828142
1.17641176826
1.18283005743
1.18924303529
1.19565058828
1.20205260611
1.20844898147
1.21483960516
1.22122436755
1.22760315691
1.23397586349
1.2403423777
1.24670259148
1.25305640428
1.25940370944
1.26574439555
1.27207834912
1.27840545436
1.28472559271
1.29103864348
1.29734448501
1.30364299185
1.30993403689
1.31621749684
1.32249325436
1.3287611884
1.33502118202
1.34127312031
1.34751689031
1.35375237919
1.35997947398
1.36619805905
1.37240801845
1.37860923705
1.38480160143
1.39098499893
1.39715931938
1.40332445132
1.40948027648
1.41562666892
1.42176350688
1.42789066223
1.43400800692
1.44011541691
1.44621277093
1.452299946
1.45837681909
1.46506721656
1.47201071042
1.47895184099
1.48589047509
1.49282647857
1.49975972155
1.50669006674
1.51361737425
1.5205415037
1.52746230676
1.53437963659
1.5412933465
1.54820328753
1.55510929907
1.56201121416
1.56890887437
1.57580212989
1.58269083724
1.58957485932
1.59645406087
1.60332830158
1.61019744091
1.61706133755
1.62391984221
1.63077280216
1.63762006676
1.64446148309
1.6512968951
1.65812614526
1.66494907245
1.67176551571
1.67857531078
1.68537828978
1.69217428241
1.69896311687
1.70574461902
1.71251861346
1.7192849258
1.7260433798
1.73279379701
1.739535996
1.74626979783
1.75299502259
1.75971149119
1.76641902748
1.77311745598
1.779806603
1.78648628946
1.79315633655
1.79981656602
1.80646680006
1.81310686087
1.81973656817
1.82635574018
1.83296419266
1.83956174104
1.8461482003
1.85272338667
1.85928711633
1.86583920437
1.87237946554
1.87890771409
1.88542375919
1.89192741167
1.89841848016
1.90489677289
1.91136210024
1.9178142724
1.92425309882
1.93067838849
1.93708995139
1.94348759419
1.94987112331
1.95624034467
1.96259506328
1.96893508258
1.97526020576
1.98157023631
1.98786497803
1.99414423328
2.00040780219
2.00665548459
2.01288708143
2.01910239357
2.02530121974
2.03148335996
2.03764861532
2.04379678711
2.049927678
2.05604108902
2.06213681946
2.0682146664
2.07427442798
2.08031590219
2.08633888625
2.09234317734
2.09832857322
2.1042948718
2.11024187108
2.11616936771
2.12207715853
2.12796503934
2.13383280438
2.1396802477
2.14550716411
2.15131334892
2.15709859689
2.16286270218
2.16860545909
2.17432666143
2.1800261026
2.18570357586
2.19135887391
2.1969917895
2.2026021146
2.20818964108
2.2137541624
2.21929547054
2.22481335624
2.23030760987
2.23577802234
2.24122438412
2.24664648548
2.25204411571
2.25741706346
2.26276511787
2.26808806744
2.27338570008
2.27865780394
2.28390416711
2.28912457763
2.29431882419
2.29948669509
2.30462797818
2.30974246115
2.31482993106
2.31989017446
2.32492297761
2.32992812694
2.33490540848
2.33985460774
2.34477551002
2.34966790049
2.35453156432
2.35936628664
2.36417185215
2.36894804533
2.37369465043
2.37841145161
2.38309823257
2.38775477684
2.39238086767
2.39697628836
2.40154082202
2.40607425138
2.41057635877
2.41504692697
2.41948573881
2.42389257681
2.42826722276
2.43260945815
2.43691906476
2.44119582394
2.4454395168
2.44964992403
2.45382682621
2.4579700037
2.46207923641
2.46615430401
2.47019498571
2.47420106031
2.47817230648
2.48210850259
2.48600942691
2.48987485706
2.49370457076
2.49749834574
2.50125595942
2.50497718918
2.50866181209
2.51230960491
2.51592034466
2.51949380773
2.52302977024
2.5265280086
2.52998829916
2.53341041852
2.53679414321
2.54013924937
2.54344551294
2.54671270951
2.54994061446
2.55312900266
2.55627764839
2.55938632563
2.56245480792
2.5671295383
2.57424619361
2.58133803434
2.58840466974
2.59544570704
2.60246075128
2.60944940559
2.61641127073
2.62334594558
2.63025302712
2.63713211011
2.64398278719
2.65080464885
2.65759728356
2.66436027771
2.67109321559
2.67779567943
2.68446724953
2.69110750414
2.69771601939
2.70429236939
2.71083612584
2.71734685853
2.72382413531
2.73026752195
2.73667658225
2.74305087809
2.74938996929
2.75569341377
2.76196076738
2.76819158366
2.77438541406
2.78054180785
2.78666031218
2.79274047231
2.79878183154
2.80478393108
2.81074631012
2.81666850581
2.82255005322
2.82839048529
2.8341893328
2.83994612442
2.84566038682
2.85133164468
2.85695942073
2.8625432357
2.86808260831
2.87357705523
2.87902609106
2.88442922839
2.88978597779
2.89509584779
2.90035834494
2.90557297391
2.91073923744
2.91585663632
2.92092466937
2.92594283345
2.93091062346
2.93582753234
2.94069305105
2.94550666848
2.95026787144
2.95497614474
2.95963097118
2.96423183157
2.96877820485
2.973269568
2.977705396
2.98208516191
2.98640833673
2.99067438949
2.99488278715
2.99903299468
3.00312447506
3.00715668949
3.01112909734
3.01504115613
3.01889232144
3.02268204701
3.02640978461
3.03007498401
3.03367709317
3.03721555819
3.04068982324
3.04409933055
3.04744352053
3.05072183172
3.05393370089
3.05707856294
3.06015585091
3.06316499585
3.06610542717
3.06897657243
3.07177785722
3.07450870527
3.07716853846
3.07975677687
3.0822728388
3.0847161408
3.08708609783
3.08938212294
3.09160362732
3.09375002049
3.09582071017
3.09781510232
3.0997326006
3.10157260713
3.10333452254
3.10501774561
3.10662167353
3.10814570162
3.10958922363
3.11095163167
3.11223231618
3.11343066586
3.11454606788
3.11557790747
3.11652556796
3.11738843131
3.11816587782
3.11885728617
3.1194620334
3.11997949502
3.12040904509
3.12075005621
3.1210018991
3.12116394269
3.12123555442
3.12121610012
3.12110494398
3.12090144863
3.12060497539
3.12021488398
3.11973053279
3.11915127874
3.11847647715
3.11770548191
3.1168376452
3.1158723177
3.1148088486
3.1136465857
3.11238487575
3.1110230638
3.10956049353
3.10799650728
3.10633044596
3.10456164909
3.10268945491
3.10071320031
3.09863222073
3.09644585047
3.09415342255
3.09175426867
3.08924771925
3.08663310341
3.08390974895
3.08107698252
3.07813412948
3.07508051394
3.07191545885
3.06863828602
3.06524831615
3.06174486874
3.05812726214
3.05439481351
3.05054683899
3.04658265371
3.04250157166
3.03830290575
3.03398596767
3.02955006793
3.0249945164
3.02031862196
3.01552169238
3.01060303451
3.00556195422
3.00039775654
2.99510974552
2.9896972242
2.98415949513
2.97849585934
2.97270561726
2.96678806874
2.96074251278
2.9545682473
2.94826456927
2.94183077504
2.93526616044
2.92857002054
2.92174165008
2.91478034328
2.90768539304
2.90045609132
2.89309173019
2.88559160098
2.8779549943
2.8701812
2.86226950734
2.85421920494
2.84602958122
2.83769992444
2.8292295224
2.82061766224
2.81186363042
2.80296671296
2.79392619588
2.78474136516
2.7754115065
2.76593590495
2.75631384496
2.74654461095
2.73662748712
2.7265617577
2.71634670684
2.70598161817
2.69546577482
2.68479845998
2.67397895731
2.66300655027
2.65188052218
2.64060015613
2.6291647352
2.61757354272
2.60582586235
2.59392097758
2.58185817182
2.56963672902
2.557255933
2.54471506759
2.53201341695
2.51915026563
2.5061248984
2.49293660059
2.47958465752
2.46606835512
2.45238697956
2.43853981748
2.42452615599
2.41034528274
2.3959964855
2.39775002233
2.40777298273
2.41779931612
2.42782870877
2.43786084429
2.44789540379
2.45793206573
2.4679705058
2.47801039728
2.48805141102
2.49809321543
2.50813547619
2.51817785637
2.52822001646
2.53826161446
2.54830230576
2.55834174295
2.56837957599
2.57841545218
2.58844901615
2.59847990975
2.60850777213
2.61853223975
2.62855294646
2.63856952353
2.64858159968
2.65858880091
2.66859075042
2.67858706861
2.68857737312
2.69856127887
2.70853839818
2.71850834046
2.72847071227
2.73842511728
2.74837115644
2.75830842787
2.76823652692
2.77815504615
2.78806357544
2.79796170194
2.80784900999
2.81772508104
2.82758949365
2.8374418234
2.84728164318
2.85710852296
2.8669220299
2.87672172828
2.88650717946
2.89627794194
2.90603357134
2.91577362038
2.92549763882
2.93520517361
2.94489576863
2.9545689649
2.96422430055
2.97386131078
2.98347952776
2.99307848069
3.00265769576
3.01221669625
3.02175500248
3.03127213183
3.04076759875
3.05024091466
3.05969158794
3.06911912404
3.07852302529
3.08790279106
3.09725791769
3.10658789847
3.11589222374
3.12517038083
3.13442185395
3.14364612427
3.15284266993
3.16201096601
3.17115048454
3.18026069443
3.18934106155
3.1983910487
3.20741011559
3.21639771881
3.22535331185
3.23427634509
3.24316626577
3.25202251804
3.26084454293
3.2696317783
3.27838365894
3.28709961649
3.29577907946
3.30442147318
3.31302621984
3.32159273844
3.33012044482
3.33860875171
3.34705706866
3.35546480205
3.3638313551
3.387312731
3.41498168885
3.44279851549
3.47076345478
3.49887674784
3.52713863291
3.55554934442
3.58410911362
3.61281816776
3.64167673048
3.67068502221
3.69984325967
3.72915165548
3.75861041903
3.78821975579
3.81797986731
3.84789095208
3.87795320432
3.90816681343
3.93853196557
3.96904884298
3.99971762398
4.03053848278
4.06151158915
4.09263710889
4.1239152036
4.15534603048
4.18692974284
4.21866648998
4.25055641584
4.28259966085
4.31479636147
4.34714665008
4.37965065432
4.41230849733
4.44512029811
4.47808617114
4.51120622572
4.5444805673
4.57790929621
4.61149250758
4.64523029137
4.67912273289
4.71316991251
4.74737190573
4.7817287826
4.81624060854
4.8509074441
4.88572934444
4.92070635987
4.95583853606
4.99112591344
5.02656852687
5.06216640658
5.09791957759
5.13382805955
5.16989186665
5.20611100782
5.24248548625
5.27901529949
5.3157004402
5.35254089462
5.38953664305
5.42668766041
5.46399391547
5.50145537169
5.53907198677
5.57684371293
5.61477049673
5.65285227868
5.69108899347
5.72948056987
5.76802693046
5.80672799187
5.84558366466
5.88459385297
5.92375845494
5.96307736208
6.00255045931
6.04217762543
6.08195873259
6.12189364657
6.16198222703
6.20222432686
6.24261979309
6.28316846588
6.32387017886
6.36472475909
6.40573202945
6.44689180383
6.48820388827
6.52966808158
6.57128417574
6.61305195582
6.65497119972
6.69704167797
6.73926315391
6.78163538366
6.82415811623
6.86683109355
6.90965405102
6.9526267169
6.99574881171
7.03902004914
7.08244013525
7.12600876861
7.16972564007
7.21359043284
7.25760282245
7.3017624766
7.34606905549
7.39052221144
7.4351215903
7.4798668287
7.52475755525
7.56979339055
7.61497394754
7.66029883253
7.7057676428
7.75137996718
7.79713538584
7.84303347074
7.88907378532
7.935255885
7.98157932139
8.02804363267
8.07464834596
8.12139298121
8.16827704971
8.21530005431
8.26246148987
8.30976084158
8.35719758649
8.40477119315
8.45248112149
8.50032682339
8.5483077412
8.59642330773
8.64467294711
8.69305607427
8.74157209578
8.79022040903
8.83900040199
8.88791145351
8.93695293376
8.98612420194
9.03542460774
9.08485349185
9.13441018601
9.18409401215
9.2339042829
9.28384030149
9.33390136213
9.38408674907
9.43439573624
9.4848275876
9.53538155738
9.58605689158
9.63685282295
9.68776857373
9.73880335601
9.78995637266
9.84122681638
9.89261386969
9.94411671689
9.99573452099
10.0474664305
10.0993115832
10.1512691066
10.2033381173
10.2555177218
10.3078070156
10.3602050838
10.412711002
10.4653238346
10.5180426355
10.570866448
10.6237943052
10.6768252292
10.7299582314
10.7831923118
10.83652646
10.8899596577
10.9434908724
10.9971190595
11.0508431634
11.1046621182
11.1585748469
11.2125802615
11.2666772625
11.3208647392
11.3751415693
11.429506619
11.4839587429
11.5384967836
11.5931195728
11.6478259302
11.7026146636
11.7574845712
11.8124344388
11.8674630368
11.9225691234
11.977751445
12.0330087356
12.0883397176
12.143743101
12.1992175832
12.2547618496
12.3103745734
12.3660544148
12.4218000221
12.4776100311
12.5334830649
12.5894177345
12.6454126382
12.7014663622
12.75757748
12.8137445519
12.8699661263
12.9262407387
12.9825669119
13.0389431559
13.0953679683
13.1518398327
13.2083572201
13.2649185881
13.3215223813
13.3781670316
13.4348509571
13.4915725623
13.5483302384
13.6051223634
13.6619473017
13.7188034047
13.7756890099
13.8326024419
13.8895420118
13.9465060167
14.0034927405
14.0605004536
14.1175274126
14.1745718608
14.2316320273
14.288706128
14.3457923668
14.4028889304
14.4599939914
14.5171057084
14.5742222268
14.6313416776
14.6884621776
14.7455818294
14.8026987213
14.8598109275
14.9169165079
14.9740135076
15.0310999578
15.0881738767
15.1452332678
15.2022761205
15.2593004096
15.3163040956
15.3732851248
15.4302414286
15.4871709239
15.5440715128
15.6009410827
15.6577775062
15.7145786415
15.7713423318
15.8280664052
15.8847486751
15.9413869397
15.9979789836
16.0545225756
16.1110154686
16.1674554002
16.2238400931
16.2801672564
16.3364345838
16.3926397505
16.4487804177
16.5048542314
16.5608588229
16.6167918084
16.6726507891
16.7284333514
16.7841370665
16.8397594911
16.8952981663
16.9507506174
17.0061143546
17.0613868726
17.1165656511
17.1716481541
17.2266318301
17.2815141124
17.336292419
17.3909641519
17.4455266974
17.4999774262
17.5543136933
17.6085328379
17.6626321837
17.7166090384
17.7704606941
17.8241844272
17.8777774981
17.9312371515
17.9845606163
18.0377451055
18.0907878165
18.1436859306
18.1964366133
18.2490370144
18.3014842673
18.35377549
18.4059077842
18.457878236
18.5096839153
18.5613218763
18.6175552218
18.6823391176
18.7471088258
18.8118626728
18.8765989754
18.941316041
19.0060121679
19.0706856449
19.1353347516
19.1999577587
19.2645529272
19.3291185092
19.393652747
19.4581538738
19.5226201134
19.5870496798
19.6514407779
19.715791603
19.7801003408
19.8443651677
19.9085842505
19.9727557466
20.0368778037
20.1009485601
20.1649661444
20.2289286755
20.2928342628
20.3566810059
20.4204669953
20.4841903115
20.5478490255
20.611441199
20.6749648839
20.7384181227
20.8017989481
20.8651053837
20.9283354431
20.9914871309
21.0545584418
21.1175473611
21.1804518642
21.2432699172
21.3059994764
21.3686384886
21.4311848909
21.4936366107
21.5559915658
21.6182476644
21.6804028046
21.742454875
21.8044017543
21.8662413116
21.9279714065
21.9895898886
22.0510945981
22.1124833656
22.1737540118
22.2349043481
22.2959321761
22.3568352877
22.4176114653
22.4782584815
22.5387740996
22.5991560729
22.6594021456
22.7195100517
22.779477516
22.8393022534
22.8989819692
22.958514359
23.0178971089
23.0771278952
23.1362043844
23.2076296184
23.3774837494
23.5483069017
23.7201026951
23.8928747505
24.0666266901
24.2413621382
24.4170847195
24.5937980598
24.7715057861
24.9502115258
25.1299189074
25.3106315604
25.4923531147
25.6750872005
25.8588374485
26.0436074902
26.2294009576
26.4162214834
26.6040727003
26.7929582411
26.9828817385
27.1738468248
27.3658571318
27.5589162916
27.7530279356
27.9481956954
28.1444232001
28.341714077
28.5400719524
28.7395004513
28.9400031972
29.141583813
29.3442459201
29.5479931376
29.7528290832
29.9587573703
30.1657816129
30.3739054233
30.583132412
30.7934661868
31.0049103534
31.2174685143
31.4311442705
31.6459412204
31.8618629601
32.0789130825
32.2970951772
32.5164128311
32.7368696275
32.9584691459
33.1812149632
33.4051106529
33.630159783
33.8563659171
34.0837326146
34.3122634305
34.5419619153
34.7728316153
35.0048760718
35.2380988214
35.4725033962
35.7080933232
35.9448721243
36.1828433158
36.4220104079
36.6623769062
36.9039463102
37.1467221136
37.3907078036
37.6359068615
37.8823227623
38.1299589754
38.378818964
38.6289061843
38.8802240857
39.1327761105
39.386565694
39.6415962661
39.8978712466
40.155394047
40.4141680717
40.6741967172
40.935483372
41.1980314165
41.461844222
41.726925151
41.993277557
42.2609047851
42.5298101715
42.7999970431
43.0714687172
43.344228502
43.6182796956
43.8936255864
44.1702694511
44.4482145573
44.7274641632
45.0080215173
45.2898898582
45.5730724142
45.8575724027
46.1433930299
46.4305374897
46.7190089651
47.0088106283
47.2999456379
47.5924171404
47.8862282696
48.181382147
48.4778818816
48.7757305702
49.0749312972
49.3754871328
49.6774011333
49.9806763403
50.2853157828
50.5913224752
50.8986994177
51.2074495958
51.5175759807
51.8290815292
52.1419691839
52.4562418722
52.7719025063
53.0889539831
53.4073991839
53.7272409745
54.0484822049
54.3711257092
54.6951743052
55.0206307942
55.3474979624
55.6757785777
56.0054753901
56.3365911315
56.6691285161
57.0030902413
57.3384789871
57.6752974158
58.0135481722
58.3532338825
58.6943571536
59.0369205721
59.3809267071
59.7263781083
60.0732773063
60.4216268115
60.771429115
61.1226866873
61.4754019792
61.8295774214
62.1852154231
62.5423183727
62.9008886371
63.2609285618
63.6224404709
63.9854266672
64.3498894309
64.7158310203
65.0832536723
65.4521595993
65.8225509895
66.1944300083
66.5677987983
66.9426594797
67.3190141481
67.6968648761
68.0762137117
68.4570626788
68.8394137767
69.2232689789
69.6086302341
69.9954994652
70.3838785686
70.7737694149
71.1651738492
71.5580936886
71.9525307244
72.3484867219
72.7459634204
73.1449625319
73.5454857398
73.9475347003
74.3511110411
74.7562163628
75.1628522376
75.5710202099
75.9807217941
76.3919584712
76.8047316923
77.2190428795
77.6348934226
78.0522846805
78.471217984
78.8916946363
79.3137159088
79.7372830413
80.1623972432
80.5890596929
81.0172715369
81.4470338895
81.878347833
82.3112144165
82.7456346571
83.1816095391
83.6191400165
84.0582270066
84.4988713905
84.9410740141
85.3848356912
85.8301571991
86.2770392773
86.725482631
87.1754879314
87.6270558137
88.0801868775
88.5348816883
88.9911407723
89.4489646189
89.9083536796
90.3693083704
90.8318290686
91.2959161114
91.7615697972
92.2287903855
92.6975780972
93.1679331142
93.6398555798
94.1133455983
94.588403234
95.065028511
95.543221413
96.0229818829
96.5043098223
96.9872050886
97.4716674996
97.9576968341
98.4452928295
98.934455181
99.425183541
99.9174775195
100.411336683
100.906760553
101.403748608
101.902300283
102.402414967
102.904092005
103.407330695
103.912130291
104.418489997
104.926408974
105.435886332
105.946921139
106.459512415
106.973659134
107.489360222
108.006614559
108.525420973
109.045778249
109.567685118
110.091140267
110.616142328
111.142689886
111.670781474
112.200415576
112.731590626
113.264305008
113.798557054
114.334345044
114.871667208
115.410521721
115.950906709
116.492820244
117.036260347
117.58122499
118.311842233
119.207290709
120.108573093
121.015720111
121.928762599
122.847731505
123.772657884
124.703572902
125.640507836
126.58349407
127.532563101
128.487746536
129.449076094
130.4165836
131.390300989
132.370260309
133.356493719
134.349033491
135.347912008
136.353161767
137.364815372
138.382905536
139.407465083
140.438526942
141.476124149
142.520289853
143.571057309
144.628459886
145.692531072
146.763304468
147.840813784
148.925092846
150.016175582
151.114096022
152.218888311
153.330586701
154.449225554
155.574839341
156.707462643
157.84713015
158.993876659
160.147737075
161.308746412
162.476939789
163.652352434
164.835019685
166.024976987
167.222259892
168.426904065
169.638945276
170.858419407
172.085362447
173.319810491
174.561799741
175.811366505
177.068547201
178.333378353
179.605896593
180.886138655
182.174141383
183.469941726
184.773576739
186.085083587
188.731861985
190.067208384
191.410576319
192.762003473
194.121527635
195.489186695
196.865018651
198.249061603
199.641353758
201.041933428
202.450839031
203.868109084
205.293782205
206.727897116
208.170492638
209.621607695
211.081281314
212.549552626
214.026460861
215.512045352
217.006345532
218.509400938
220.021251203
221.54193606
223.071495341
224.609968975
226.157396991
227.713819517
229.279276771
230.853809072
232.437456841
234.030260602
235.632260975
237.243498669
238.86401449
240.493849338
242.133044208
243.781640191
245.439678468
247.107200316
248.784247101
250.470860284
252.167081417
253.872952147
255.588514213
257.313809437
259.048879738
260.793767128
262.548513705
264.313161655
266.087753259
267.872330879
269.666936966
271.471614054
273.286404767
275.111351812
276.946497982
278.791886159
280.647559305
282.513560468
284.389932778
286.276719447
288.17396377
290.081709127
291.999998982
293.928876873
295.868386415
297.818571305
299.779475316
301.751142293
303.73361616
305.726940927
307.73116068
309.746319581
311.77246187
313.809631856
315.857873928
317.917232542
319.987752231
322.069477603
324.162453333
326.266724166
328.382334914
330.509330461
332.647755755
334.797655814
336.959075719
339.132060619
341.31665573
343.512906332
345.720857766
347.940555439
350.172044818
352.415371432
354.670580871
356.937718783
359.21683087
361.507962895
363.811160686
366.126470121
368.453937138
370.793607726
373.145527929
375.509743845
377.886301619
380.27524745
382.676627581
385.090488308
387.516875979
389.955836987
392.407417772
394.871664818
397.348624651
399.838343845
402.340869011
404.856246806
407.384523927
409.925747109
412.479963125
415.047218783
417.627560933
420.221036461
422.827692287
425.447575362
428.080732671
430.727211231
433.387058088
436.060320313
438.747045008
441.447279306
444.161070357
446.88846535
449.629511486
452.384255985
455.152746085
457.935029045
460.731152141
463.541162667
466.365107936
469.203035273
472.054992019
474.921025529
477.801183167
480.695512311
483.604060344
486.526874665
489.464002667
492.41549176
495.381389369
498.361742922
501.356599848
504.36600758
507.39001355
510.428665192
513.482009933
516.550095192
519.632968381
522.7306769
525.84326814
528.970789479
532.113288276
535.270811879
538.443407618
541.631122808
544.834004741
548.052100689
551.285457911
554.534123637
557.798145065
561.077569367
564.372443686
567.682815133
571.008730792
574.35023771
577.707382907
581.080213369
584.468776045
587.873117848
591.293285651
594.729326269
598.181286486
601.649213059
605.133152702
608.633152086
612.149257832
615.681516519
619.229974675
622.79467877
626.375675213
629.973010352
633.586730476
637.216881805
640.863510488
644.526662606
648.206384167
651.902721111
655.6157193
659.345424524
663.091882496
666.855138856
670.635239164
674.432228903
678.24615349
682.077058246
685.924988404
689.789989105
693.672105399
697.57138224
701.487864496
705.421596941
709.372624257
713.340991026
717.326741729
721.329920746
725.350572351
729.388740708
733.444469873
737.517803786
741.608786276
745.717461055
749.843871719
753.988061741
758.150074476
762.329953152
766.527740871
770.743480604
774.977215195
779.228987352
783.498839652
787.786814531
792.092954282
796.417301054
801.975564197
808.369164422
814.807806077
821.291758403
827.82129191
834.396678386
841.018190892
847.686103788
854.400692692
861.162234497
867.971007377
874.827290797
881.731365521
888.683513608
895.684018421
902.73316463
909.831238211
916.978526448
924.17531795
931.421902648
938.718571807
946.065618009
953.46333516
960.912018504
968.411964616
975.963471415
983.566838162
991.222365469
998.930355301
1006.69111098
1014.50493718
1022.37213995
1030.2930267
1038.26790621
1046.29708862
1054.38088548
1062.5196097
1070.71357556
1078.96309874
1087.2684963
1095.63008671
1104.04818981
1112.52312685
1121.05522047
1129.64479473
1138.2921751
1146.99768841
1155.76166292
1164.58442834
1173.46631578
1182.40765779
1191.40878837
1200.47004291
1209.59175826
1218.77427269
1228.01792592
1237.32305911
1246.69001484
1256.11913717
1265.6107716
1275.16526506
1284.78296598
1294.4642242
1304.20939105
1314.01881932
1323.89286326
1333.83187859
1343.8362225
1353.90625368
1364.04233225
1374.24481986
1384.51407962
1394.85047613
1405.2543755
1415.72614531
1426.26615466
1436.87477414
1447.55237583
1458.29933334
1469.11602178
1480.00281776
1490.96009939
1501.98824629
1513.08763954
1524.25866179
1535.50169729
1546.81713179
1558.20535253
1569.66674828
1581.20170935
1592.81062758
1604.49389631
1616.25191049
1628.08506658
1639.99376258
1651.97839805
1664.03937407
1676.17709327
1688.39195987
1700.68437964
1713.05475988
1725.50350942
1738.03103865
1750.63775949
1763.32408545
1776.09043157
1788.93721445
1801.86485226
1814.87376477
1827.96437326
1841.13710057
1854.39237119
1867.73061118
1881.15224821
1894.65771153
1908.24743197
1921.92184196
1935.68137549
1949.52646816
1963.45755712
1977.47508113
1991.57948053
2005.77119725
2020.05067477
2034.41835821
2048.87469422
2063.42013108
2078.05511867
2092.78010839
2107.59555327
2122.50190789
2137.49962844
2152.58917268
2167.77100001
2183.0455714
2198.41334945
2213.87479836
2229.43038389
2245.08057345
2260.82583604
2276.66664228
2292.60346443
2308.63677631
2324.7670534
2340.99477276
2357.32041308
2373.74445465
2390.26737939
2406.88967081
2423.61181402
2440.43429575
2457.35760433
2474.38222969
2491.50866341
2508.73739861
2526.06893004
2543.50375403
2561.04236854
2578.68527309
2596.43296885
2614.28595857
2632.24474662
2650.30983898
2668.48174322
2686.76096853
2705.1480257
2723.64342713
2742.24768678
2760.96132028
2779.78484479
2798.71877915
2817.76364374
2836.9199605
2856.188253
2875.56904638
2895.06286733
2914.67024414
2934.3917067
2954.22778647
2974.17901651
2994.24593145
3014.42906754
3034.72896259
3055.14615597
3075.68118868
3096.33460324
3117.10694379
3137.99875602
3159.01058722
3180.14298624
3201.39650347
3222.7716909
3244.26910208
3265.88929208
3287.63281758
3309.50023676
3331.49210935
3353.60899665
3375.85146148
3398.22006822
3420.71538274
3443.33797249
3466.08840646
3488.96725517
3511.97509064
3535.11248644
3558.38001766
3581.77826088
3605.30779418
3628.96919719
3652.76305099
3676.68993817
3700.75044281
3724.94515049
3749.27464827
3773.73952474
3798.34036993
3823.07777532
3847.95233387
3872.96463997
3898.11528949
3923.40487978
3948.83400962
3974.40327924
4000.11329029
4025.96464591
4051.95795066
4078.09381052
4104.37283291
4130.79562665
4157.36280198
4184.07497053
4210.93274535
4237.93674087
4265.08757294
4292.3858588
4319.83221706
4347.42726772
4375.17163218
4403.06593317
4431.1107948
4459.30684251
4487.65470309
4516.15500469
4544.80837677
4573.61545009
4602.57685673
4631.69323008
4660.96520482
4690.39341691
4719.97850361
4749.72110345
4779.62185625
4809.68140307
4839.90038624
4870.27944937
4900.81923731
4931.52039609
4962.38357303
4993.40941665
5024.59857672
5055.95170424
5087.46945141
5119.15247157
5151.00141919
5183.01694993
5215.19972058
5247.55038908

iteration: 2050 -- 20 %

total time     = 1.26e-01

5280.0696145
5312.75805708
5345.61637813
5378.64524013
5411.84530659
5445.21724217
5478.7617126
5512.47938472
5546.3709264
5580.4370066
5614.67829532
5649.09546358
5683.68918342
5718.46012791
5753.40897107
5788.53638791
5823.84305443
5859.3296476
5894.99684533
5930.84532648
5966.87577083
6003.0888591
6039.48527293
6076.06569484
6112.83080828
6149.78129756
6186.91784785
6224.2411452
6261.75187646
6299.45072931
6337.33839224
6375.41555455
6413.68290633
6452.14113841
6490.79094244
6529.63301076
6568.66803649
6607.89671346
6647.31973619
6686.93779988
6726.75160041
6766.76183441
6806.96919904
6847.37439213
6887.97811209
6928.78105794
6969.78392932
7010.98742641
7052.39225002
7093.99910147
7135.80868264
7177.82169594
7220.03884426
7262.46083102
7305.08836012
7347.9221359
7390.96286319
7434.21124722
7477.66799365
7521.3338085
7565.20939819
7609.29546945
7653.59272941
7698.10188547
7742.82364532
7787.75871697
7832.90780864
7878.27162882
7923.85088617
7969.6462896
8015.65854819
8061.88837118
8108.33646801
8155.00354819
8201.89032141
8248.99749742
8296.32578608
8343.8758973
8391.64854092
8439.64442691
8487.86426528
8536.30876606
8584.97863925
8633.87459477
8682.99734247
8732.34759207
8781.92605316
8831.73343522
8881.77044751
8932.03779903
8982.53619852
9033.26635452
9084.22897527
9135.42476873
9186.85444261
9238.51870426
9290.41826063
9342.55381831
9394.92608354
9447.53576216
9500.3835596
9553.47018084
9606.79633034
9660.3627121
9714.17002953
9768.2189855
9822.51028233
9877.04462178
9931.82270496
9986.84523231
10042.1129036
10097.6264177
10153.3864731
10209.3937673
10265.6489969
10322.1528578
10378.906045
10435.9092527
10493.163174
10550.6685012
10608.4259256
10666.4361374
10724.6998261
10783.2176798
10841.9903857
10901.0186299
10960.3030975
11019.8444723
11079.6434369
11139.7006729
11200.0168603
11260.5926782
11321.4288042
11382.5259146
11443.8846844
11505.5057869
11567.3898943
11629.5376769
11691.9498041
11754.6269432
11817.5697602
11880.7789198
11944.2550847
12007.9989163
12072.0110742
12136.2922163
12200.8429988
12265.6640762
12330.7561011
12396.1197243
12461.7555946
12527.6643591
12593.8466627
12660.3031486
12727.0344577
12794.0412291
12861.3240997
12928.8837041
12996.7206752
13064.8356433
13133.2292366
13201.9020811
13270.8548004
13340.0880159
13409.6023465
13479.3984088
13549.4768168
13619.8381821
13690.4831135
13761.4122177
13832.6260983
13904.1253566
13975.910591
14047.9823973
14120.3413685
14192.988095
14265.9231639
14339.1471599
14412.6606645
14486.4642565
14560.5585113
14634.9440015
14709.6212964
14784.5909624
14859.8535625
14935.4096568
15011.2598019
15087.4045513
15163.8444552
15240.5800602
15317.6119096
15394.9405434
15472.5664979
15550.4903058
15628.7124964
15707.2335952
15786.054124
15865.1746008
15944.59554
16024.3174521
16104.3408436
16184.6662172
16265.2940717
16346.2249017

