No BFECC...
Using 10 tracers...
Refresh rate : 50
Reynold's number : 10000.0
0.000812182741117 0
0.0010761374286 0
0.00134009211608 0
0.00160404680356 0
0.00186800149104 0
0.00213195617853 0
0.00239591086601 0
0.00265986555349 0
0.00292382024097 0
0.00318777492845 0
0.00345172961594 0
0.00371568430342 0
0.0039796389909 0
0.00424359367838 0
0.00450754836586 0
0.00477150305335 0
0.00503545774083 0
0.00529941242831 0
0.00556336711579 0
0.00582732180327 0
0.00609127649076 0
0.00635523117824 0
0.00661918586572 0
0.0068831405532 0
0.00714709524068 0
0.00741104992817 0
0.00767500461565 0
0.00793895930313 0
0.00820291399061 0
0.00846686867809 0
0.00873082336558 0
0.00899477805306 0
0.00925873274054 0
0.00952268742802 0
0.0097866421155 0
0.010050596803 0
0.0103145514905 0
0.0105785061779 0
0.0108424608654 0
0.0111064155529 0
0.0113703702404 0
0.0116343249279 0
0.0118982796154 0
0.0121622343028 0
0.0124261889903 0
0.0126901436778 0
0.0129540983653 0
0.0132180530528 0
0.0134820077403 0
0.0137459624277 0
0.0140099171152 0
0.0142738718027 -3.41741851408e-06
0.0145378264902 -6.58763698903e-06
0.0148017811777 -9.51666169945e-06
0.0150657358651 -1.22088543663e-05
0.0153296905526 -1.46667936726e-05
0.0155936452401 -1.68955762377e-05
0.0158575999276 -1.88982154439e-05
0.0161215546151 -2.06778532542e-05
0.0163855093026 -2.22373231163e-05
0.01664946399 -2.35790624439e-05
0.0169134186775 -2.47054978435e-05
0.017177373365 -2.56227923047e-05
0.0174413280525 -2.63336913573e-05
0.01770528274 -2.68396374264e-05
0.0179692374274 -2.71413183068e-05
0.0182331921149 -2.72382399761e-05
0.0184971468024 -2.71296134115e-05
0.0187611014899 -2.68191269055e-05
0.0190250561774 -2.63072197023e-05
0.0192890108649 -2.55916061599e-05
0.0195529655523 -2.46690971057e-05
0.0198169202398 -2.35354317984e-05
0.0200808749273 -2.21865753448e-05
0.0203448296148 -2.06188541985e-05
0.0206087843023 -1.88281008073e-05
0.0208727389897 -1.68107003789e-05
0.0211366936772 -1.45618227239e-05
0.0214006483647 -1.20791593843e-05
0.0216646030522 -9.3608826651e-06
0.0219285577397 -6.40267146134e-06
0.0221925124272 -3.2011323684e-06
0.0224564671146 2.47835524784e-07
0.0227204218021 3.94793802268e-06
0.0229843764896 7.90256424982e-06
0.0232483311771 1.21145740267e-05
0.0235122858646 1.65870599728e-05
0.023776240552 2.13221032095e-05
0.0240401952395 2.63216786617e-05
0.024304149927 3.15884728262e-05
0.0245681046145 3.71242297427e-05
0.024832059302 4.29308371259e-05
0.0250960139895 4.90107730857e-05
0.0253599686769 5.53659416743e-05
0.0256239233644 6.20000391454e-05
0.0258878780519 6.89126102746e-05
0.0261518327394 7.61046210353e-05
0.0264157874269 8.35780870887e-05
0.0266797421143 9.13331526853e-05
0.0269436968018 9.93746863304e-05
0.0272076514893 0.000107702812189
0.0274716061768 0.000116320785221
0.0277355608643 0.000125227804246
0.0279995155518 0.000134424445084
0.0282634702392 0.000143907005411
0.0285274249267 0.000153674560949
0.0287913796142 0.000163734987208
0.0290553343017 0.000174087804463
0.0293192889892 0.000184723529897
0.0295832436767 0.000195634372395
0.0298471983641 0.000206793129533
0.0301111530516 0.000218182194026
0.0303751077391 0.000229796499793
0.0306390624266 0.00024163037326
0.0309030171141 0.00025367342908
0.0311669718015 0.000265912094259
0.031430926489 0.000278331227958
0.0316948811765 0.000290925219204
0.031958835864 0.000303698739202
0.0322227905515 0.000316669941955
0.032486745239 0.000329823241591
0.0327506999264 0.000343162044931
0.0330146546139 0.000356699236893
0.0332786093014 0.000370432087075
0.0335425639889 0.000384352516663
0.0338065186764 0.000398451183638
0.0340704733638 0.000412721692087
0.0343344280513 0.000427149177264
0.0345983827388 0.000441721965245
0.0348623374263 0.000456435799005
0.0351262921138 0.000471273938158
0.0353902468013 0.000486220440629
0.0356542014887 0.000501267748791
0.0359181561762 0.00051640232884
0.0361821108637 0.000531612355308
0.0364460655512 0.000546879746723
0.0367100202387 0.000562199066473
0.0369739749261 0.000577554402278
0.0372379296136 0.000592926403644
0.0375018843011 0.00060829169989
0.0377658389886 0.000623618695458
0.0380297936761 0.000638880796895
0.0382937483636 0.000654054638067
0.038557703051 0.000669129345059
0.0388216577385 0.000684104163049
0.039085612426 0.000698964284958
0.0393495671135 0.000713690474761
0.039613521801 0.000728265599031
0.0398774764884 0.000742678815924
0.0401414311759 0.000756919796963
0.0404053858634 0.000770977904554
0.0406693405509 0.000784848867067
0.0409332952384 0.000798541171445
0.0411972499259 0.000812050451212
0.0414612046133 0.000825372517503
0.0417251593008 0.000838504170989
0.0419891139883 0.000851438652022
0.0422530686758 0.000864174374971
0.0425170233633 0.000876711316217
0.0427809780507 0.000889050771604
0.0430449327382 0.000901193897797
0.0433088874257 0.000913153987436
0.0435728421132 0.000924938952946
0.0438367968007 0.000936550502223
0.0441007514882 0.000947988373316
0.0443647061756 0.000959250516346
0.0446286608631 0.000970333492332
0.0448926155506 0.000981234389095
0.0451565702381 0.000991949967024
0.0454205249256 0.00100247273888
0.0456844796131 0.00101226394547
0.0459484343005 0.00102228721999
0.046212388988 0.00103220171038
0.0464763436755 0.00104198776385
0.046740298363 0.00105162521297
0.0470042530505 0.00106108012841
0.0472682077379 0.00107031339455
0.0475321624254 0.0010792911128
0.0477961171129 0.00108797382321
0.0480600718004 0.00109632589348
0.0483240264879 0.00110431616346
0.0485879811754 0.00111192000234
0.0488519358628 0.00111912244246
0.0491158905503 0.00112591812501
0.0493798452378 0.00113230639823
0.0496437999253 0.0011382902292
0.0499077546128 0.00114387626103
0.0501717093002 0.00114907968521
0.0504356639877 0.00115391377216
0.0506996186752 0.00115839061612
0.0509635733627 0.0011625221408
0.0512275280502 0.00116631984674
0.0514914827377 0.00116979411542
0.0517554374251 0.00117295580098
0.0520193921126 0.00117581428709
0.0522833468001 0.00117837816497
0.0525473014876 0.00118065552869
0.0528112561751 0.00118265373423
0.0530752108625 0.00118437994369
0.05333916555 0.00118584161027
0.0536031202375 0.00118704579956
0.053867074925 0.00118799964831
0.0541310296125 0.00118871011117
0.0543949843 0.00118918326679
0.0546589389874 0.00118942626774
0.0549228936749 0.0011894514912
0.0551868483624 0.00118926716705
0.0554508030499 0.00118888149483
0.0557147577374 0.00118830448949
0.0559787124248 0.00118754180635
0.0562426671123 0.00118659947849
0.0565066217998 0.00118548301964
0.0567705764873 0.00118419737616
0.0570345311748 0.0011827476874
0.0572984858623 0.00118113848416
0.0575624405497 0.00117937371707
0.0578263952372 0.00117745693563
0.0580903499247 0.00117539132736
0.0583543046122 0.00117317953903
0.0586182592997 0.00117082336472
0.0588822139871 0.00116832402916
0.0591461686746 0.00116568245317
0.0594101233621 0.00116290394608
0.0596740780496 0.0011599926942
0.0599380327371 0.00115695057475
0.0602019874246 0.00115377905273
0.060465942112 0.00115047943262
0.0607298967995 0.00114705253664
0.060993851487 0.00114349914568
0.0612578061745 0.00113981989874
0.061521760862 0.00113601563265
0.0617857155495 0.00113208677577
0.0620496702369 0.00112803326278
0.0623136249244 0.00112385478234
0.0625775796119 0.00111955093832
0.0628415342994 0.00111512303332
0.0631054889869 0.00111057051177
0.0633694436743 0.00110589217586
0.0636333983618 0.00110108665051
0.0638973530493 0.00109615704519
0.0641613077368 0.00109110400576
0.0644252624243 0.00108592607869
0.0646892171118 0.00108062057718
0.0649531717992 0.00107518594695
0.0652171264867 0.00106961910451
0.0654810811742 0.00106391816624
0.0657450358617 0.00105808130961
0.0660089905492 0.00105210658392
0.0662729452366 0.00104599196225
0.0665368999241 0.00103973378144
0.0668008546116 0.00103332968562
0.0670648092991 0.00102677732589
0.0673287639866 0.00102007371733
0.0675927186741 0.0010132170245
0.0678566733615 0.00100620580814
0.068120628049 0.000999038267541
0.0683845827365 0.000991711765338
0.068648537424 0.000984222038623
0.0689124921115 0.000976565405052
0.0691764467989 0.000968738074115
0.0694404014864 0.000960737524905
0.0697043561739 0.000952562676616
0.0699683108614 0.000944208392249
0.0702322655489 0.000935671534394
0.0704962202364 0.000926950811489
0.0707601749238 0.000918045758045
0.0710241296113 0.000908953477677
0.0712880842988 0.000899671975175
0.0715520389863 0.000890201522547
0.0718159936738 0.000880541488184
0.0720799483612 0.000870689857666
0.0723439030487 0.000860644910381
0.0726078577362 0.000850406004903
0.0728718124237 0.000839973576212
0.0731357671112 0.000829348772676
0.0733997217987 0.000818530899473
0.0736636764861 0.000807519288716
0.0739276311736 0.000796315524679
0.0741915858611 0.000784923462986
0.0744555405486 0.000773347469771
0.0747194952361 0.000761592253916
0.0749834499235 0.000749674721797
0.075247404611 0.00073759606593
0.0755113592985 0.000725358714716
0.075775313986 0.000712965595875
0.0760392686735 0.000700418589931
0.076303223361 0.000687722909422
0.0765671780484 0.000674883102864
0.0768311327359 0.000661899579971
0.0770950874234 0.000648762399022
0.0773590421109 0.000635467657825
0.0776229967984 0.000622022982237
0.0778869514859 0.000608444692794
0.0781509061733 0.000594738385163
0.0784148608608 0.0005809043166
0.0786788155483 0.00056695136118
0.0789427702358 0.000552882812759
0.0792067249233 0.000538701914323
0.0794706796107 0.000524418412563
0.0797346342982 0.000510039014189
0.0799985889857 0.000495567816839
0.0802625436732 0.00048101433023
0.0805264983607 0.00046637752169
0.0807904530482 0.00045165441823
0.0810544077356 0.000436846753841
0.0813183624231 0.000421963297682
0.0815823171106 0.000407013284
0.0818462717981 0.000392005224072
0.0821102264856 0.000376952497012
0.082374181173 0.000361862826114
0.0826381358605 0.000346744198264
0.082902090548 0.000331605737398
0.0831660452355 0.000316453009492
0.083429999923 0.000301293288786
0.0836939546105 0.00028612536089
0.0839579092979 0.000270952227691
0.0842218639854 0.000255777970554
0.0844858186729 0.000240601692878
0.0847497733604 0.000225423244831
0.0850137280479 0.000210246636734
0.0852776827353 0.000195076121758
0.0855416374228 0.000179916882933
0.0858055921103 0.000164774287568
0.0860695467978 0.000149656941619
0.0863335014853 0.000134569506015
0.0865974561728 0.000119513353025
0.0868614108602 0.000104494509736
0.0871253655477 8.95125493104e-05
0.0873893202352 7.45696187195e-05
0.0876532749227 5.96717382114e-05
0.0879172296102 4.4827490776e-05
0.0881811842976 3.00521415869e-05
0.0884451389851 1.53534731747e-05
0.0887090936726 7.36734168943e-07
0.0889730483601 -1.37933902449e-05
0.0892370030476 -2.82326875802e-05
0.0895009577351 -4.25802210166e-05
0.0897649124225 -5.68319729885e-05
0.09002886711 -7.0983499768e-05
0.0902928217975 -8.50313042846e-05
0.090556776485 -9.89713247113e-05
0.0908207311725 -0.000112796765397
0.0910846858599 -0.000127142100674
0.0913486405474 -0.000141480921089
0.0916125952349 -0.00015582643701
0.0918765499224 -0.000170160995315
0.0921405046099 -0.000184473543894
0.0924044592974 -0.000198765833911
0.0926684139848 -0.000213031383823
0.0929323686723 -0.00022725241701
0.0931963233598 -0.000241411077121
0.0934602780473 -0.000255492573059
0.0937242327348 -0.000269489630851
0.0939881874223 -0.000283398153645
0.0942521421097 -0.00029721331977
0.0945160967972 -0.000310930706301
0.0947800514847 -0.000324546344304
0.0950440061722 -0.00033805678135
0.0953079608597 -0.000351458745031
0.0955719155471 -0.000364748931501
0.0958358702346 -0.000377922595936
0.0960998249221 -0.000390974099582
0.0963637796096 -0.000403906029659
0.0966277342971 -0.000416717673313
0.0968916889846 -0.000429403681291
0.097155643672 -0.000441957564543
0.0974195983595 -0.000454372545868
0.097683553047 -0.00046664181661
0.0979475077345 -0.000478758349515
0.098211462422 -0.000490715942966
0.0984754171094 -0.000502507978828
0.0987393717969 -0.000514127797985
0.0990033264844 -0.000525569192705
0.0992672811719 -0.000536826175824
0.0995312358594 -0.000547892427427
0.0997951905469 -0.000558761717846
0.100059145234 -0.000569428060251
0.100323099922 -0.000579885593574
0.100587054609 -0.000590128247707
0.100851009297 -0.000600150075503
0.101114963984 -0.000609947240319
0.101378918672 -0.000619524159992
0.101642873359 -0.000628877368361
0.101906828047 -0.000638001960812
0.102170782734 -0.00064689372044
0.102434737422 -0.000655547864895
0.102698692109 -0.000663959840199
0.102962646797 -0.000672126261326
0.103226601484 -0.000680041909617
0.103490556172 -0.000687702798404
0.103754510859 -0.000695103389499
0.104018465547 -0.000702239514847
0.104282420234 -0.000709107964406
0.104546374922 -0.000715704694038
0.104810329609 -0.000722026195251
0.105074284296 -0.000728069656668
0.105338238984 -0.000733830865066
0.105602193671 -0.000739314796738
0.105866148359 -0.000744521621932
0.106130103046 -0.00074944917611
0.106394057734 -0.000754094972906
0.106658012421 -0.0007584568113
0.106921967109 -0.000762532700482
0.107185921796 -0.000766321477268
0.107449876484 -0.000769821895828
0.107713831171 -0.000773032513803
0.107977785859 -0.000775951659147
0.108241740546 -0.000778577699746
0.108505695234 -0.000780910838171
0.108769649921 -0.000782950349303
0.109033604609 -0.00078469753867
0.109297559296 -0.000786151182374
0.109561513984 -0.000787310085806
0.109825468671 -0.000788170969448
0.110089423359 -0.000788729925933
0.110353378046 -0.000788982981867
0.110617332734 -0.000788926854698
0.110881287421 -0.000788557017474
0.111145242109 -0.000787869130667
0.111409196796 -0.000786859689547
0.111673151484 -0.000785523155725
0.111937106171 -0.000783858328631
0.112201060859 -0.000781861462505
0.112465015546 -0.000779527699375
0.112728970233 -0.000776853417186
0.112992924921 -0.00077383464656
0.113256879608 -0.000770467708466
0.113520834296 -0.000766748815479
0.113784788983 -0.000762675350804
0.114048743671 -0.000758245066285
0.114312698358 -0.000753456707412
0.114576653046 -0.000748307256731
0.114840607733 -0.000742794673918
0.115104562421 -0.00073691593241
0.115368517108 -0.000730667731581
0.115632471796 -0.000724049686982
0.115896426483 -0.000717064685872
0.116160381171 -0.000709709653796
0.116424335858 -0.000701981509651
0.116688290546 -0.000693878143418
0.116952245233 -0.000685406612877
0.117216199921 -0.000676565524983
0.117480154608 -0.000667352737485
0.117744109296 -0.000657768478104
0.118008063983 -0.000647823496228
0.118272018671 -0.000637514312934
0.118535973358 -0.00062683975483
0.118799928046 -0.000615806248274
0.119063882733 -0.000604427271588
0.119327837421 -0.000592722210732
0.119591792108 -0.000580698266875
0.119855746795 -0.000568369261697
0.120119701483 -0.000555732746364
0.12038365617 -0.000542786425457
0.120647610858 -0.000529549731969
0.120911565545 -0.000516018276868
0.121175520233 -0.000502191082198
0.12143947492 -0.000488061885816
0.121703429608 -0.000473626497319
0.121967384295 -0.000458890466157
0.122231338983 -0.000443891042381
0.12249529367 -0.000428648035824
0.122759248358 -0.000413162864978
0.123023203045 -0.00039744789229
0.123287157733 -0.00038151709851
0.12355111242 -0.000365384057316
0.123815067108 -0.000349057063579
0.124079021795 -0.000332549477335
0.124342976483 -0.000315876540788
0.12460693117 -0.00029905239791
0.124870885858 -0.00028209866466
0.125134840545 -0.000265025915764
0.125398795233 -0.000247860885436
0.12566274992 -0.000230632043214
0.125926704608 -0.000213379414936
0.126190659295 -0.000196130068675
0.126454613983 -0.000178909623271
0.12671856867 -0.000161743650459
0.126982523357 -0.000144641559231
0.127246478045 -0.000127627383809
0.127510432732 -0.000110722724376
0.12777438742 -9.39528904318e-05
0.128038342107 -7.73428242873e-05
0.128302296795 -6.09158392376e-05
0.128566251482 -4.46923862584e-05
0.12883020617 -2.86752975947e-05
0.129094160857 -1.28722490087e-05
0.129358115545 2.70793256152e-06
0.129622070232 1.80601219796e-05
0.12988602492 3.31759836352e-05
0.130149979607 4.80519830541e-05
0.130413934295 6.26868603069e-05
0.130677888982 7.70807304786e-05
0.13094184367 9.12493802703e-05
0.131205798357 0.000105201483387
0.131469753045 0.000118942249444
0.131733707732 0.000132477010133
0.13199766242 0.000145810385577
0.132261617107 0.000158946397984
0.132525571795 0.000171888336701
0.132789526482 0.000184638209828
0.13305348117 0.000197196318202
0.133317435857 0.000209566243897
0.133581390545 0.000221752796785
0.133845345232 0.000233753707496
0.13410929992 0.000245566086457
0.134373254607 0.000257185710314
0.134637209294 0.000268608412262
0.134901163982 0.000279830709467
0.135165118669 0.000290847869868
0.135429073357 0.000301655581906
0.135693028044 0.000312255028895
0.135956982732 0.000322643109485
0.136220937419 0.000332814517753
0.136484892107 0.000342187520728
0.136748846794 0.000351794640901
0.137012801482 0.000361275322919
0.137276756169 0.000370608448058
0.137540710857 0.00037978958873
0.137804665544 0.000388802768637
0.138068620232 0.000397612348966
0.138332574919 0.000406176463124
0.138596529607 0.000414461065122
0.138860484294 0.000422440157655
0.139124438982 0.00043009088387
0.139388393669 0.000437397064174
0.139652348357 0.000444349173751
0.139916303044 0.000450942811906
0.140180257732 0.000457179158894
0.140444212419 0.000463063710061
0.140708167107 0.000468604299793
0.140972121794 0.000473810654318
0.141236076482 0.000478694109851
0.141500031169 0.000483265622512
0.141763985856 0.000487535337491
0.142027940544 0.000491512700952
0.142291895231 0.0004952078516
0.142555849919 0.000498633392301
0.142819804606 0.000501801341297
0.143083759294 0.0005047209568
0.143347713981 0.000507400302614
0.143611668669 0.000509847304041
0.143875623356 0.000512067598784
0.144139578044 0.000514066393055
0.144403532731 0.000515849139118
0.144667487419 0.000517421336975
0.144931442106 0.000518788305375
0.145195396794 0.000519955547405
0.145459351481 0.000520928445317
0.145723306169 0.000521712410587
0.145987260856 0.000522312207072
0.146251215544 0.000522731760412
0.146515170231 0.000522976097687
0.146779124919 0.000523056084155
0.147043079606 0.000522977975823
0.147307034294 0.000522747592394
0.147570988981 0.000522371386447
0.147834943669 0.000521853942809
0.148098898356 0.000521198172501
0.148362853044 0.000520407088249
0.148626807731 0.000519483288625
0.148890762419 0.000518428872966
0.149154717106 0.000517244833763
0.149418671793 0.00051593308556
0.149682626481 0.000514495221303
0.149946581168 0.000512932485131
0.150210535856 0.000511247249665
0.150474490543 0.000509439953136
0.150738445231 0.000507517885601
0.151002399918 0.00050548353138
0.151266354606 0.00050333832843
0.151530309293 0.000501084742987
0.151794263981 0.000498722070823
0.152058218668 0.000496248067402
0.152322173356 0.000493660622414
0.152586128043 0.000490957648904
0.152850082731 0.000488137162556
0.153114037418 0.000485197641345
0.153377992106 0.000482136881983
0.153641946793 0.000478952825535
0.153905901481 0.000475643348859
0.154169856168 0.000472206373578
0.154433810856 0.000468644477174
0.154697765543 0.000464955912035
0.154961720231 0.000461140374345
0.155225674918 0.00045719782611
0.155489629606 0.000453125994539
0.155753584293 0.000448922343073
0.156017538981 0.000444584265147
0.156281493668 0.000440109998545
0.156545448355 0.000435497478682
0.156809403043 0.000430743587221
0.15707335773 0.000425842015769
0.157337312418 0.000420789892556
0.157601267105 0.000415588231821
0.157865221793 0.000410236835152
0.15812917648 0.000404731094258
0.158393131168 0.000399066439428
0.158657085855 0.000393242394181
0.158921040543 0.000387255871673
0.15918499523 0.00038110425742
0.159448949918 0.000374781446666
0.159712904605 0.000368283751914
0.159976859293 0.000361609179426
0.16024081398 0.00035475591491
0.160504768668 0.000347719357729
0.160768723355 0.000340500080515
0.161032678043 0.000333098376479
0.16129663273 0.000325512426783
0.161560587418 0.000317738855487
0.161824542105 0.000309776852441
0.162088496793 0.00030162479876
0.16235245148 0.000293282508996
0.162616406168 0.000284749279421
0.162880360855 0.000276026737304
0.163144315543 0.00026711618457
0.16340827023 0.000258018516677
0.163672224917 0.000248732795034
0.163936179605 0.000239262943905
0.164200134292 0.000229611254768
0.16446408898 0.000219784612243
0.164728043667 0.00020978908327
0.164991998355 0.000199627433694
0.165255953042 0.000189303879737
0.16551990773 0.000178823559372
0.165783862417 0.000168188788201
0.166047817105 0.000157408915318
0.166311771792 0.000146481778132
0.16657572648 0.000135403882715
0.166839681167 0.00012417985996
0.167103635855 0.000112814392399
0.167367590542 0.000101315665853
0.16763154523 8.96887279127e-05
0.167895499917 7.79423212952e-05
0.168159454605 6.60818216216e-05
0.168423409292 5.41126089828e-05
0.16868736398 4.20431358516e-05
0.168951318667 2.98790732033e-05
0.169215273355 1.7624677641e-05
0.169479228042 5.28405151362e-06
0.16974318273 -7.14035743425e-06
0.170007137417 -1.96506641915e-05
0.170271092105 -3.22462020941e-05
0.170535046792 -4.49276700287e-05
0.17079900148 -5.76899954457e-05
0.171062956167 -7.05337148296e-05
0.171326910854 -8.34624092435e-05
0.171590865542 -9.64816670508e-05
0.171854820229 -0.000109596766175
0.172118774917 -0.000122816855439
0.172382729604 -0.000136153235337
0.172646684292 -0.000149614990052
0.172910638979 -0.000163206900948
0.173174593667 -0.000176928164886
0.173438548354 -0.00019077160032
0.173702503042 -0.000204732744483
0.173966457729 -0.000218809392479
0.174230412417 -0.000232996357546
0.174494367104 -0.000247287146204
0.174758321792 -0.000261677214181
0.175022276479 -0.000276159214216
0.175286231167 -0.000290732254459
0.175550185854 -0.000305391379588
0.175814140542 -0.000320128086754
0.176078095229 -0.000334934677608
0.176342049917 -0.000349801674655
0.176606004604 -0.000364711144044
0.176869959292 -0.00037965442798
0.177133913979 -0.000394632331922
0.177397868667 -0.000409641311184
0.177661823354 -0.000424675458115
0.177925778042 -0.000439731769923
0.178189732729 -0.000454805987542
0.178453687416 -0.000469893371832
0.178717642104 -0.000484987815685
0.178981596791 -0.000500083651428
0.179245551479 -0.000515176014937
0.179509506166 -0.000530259187179
0.179773460854 -0.000545327263151
0.180037415541 -0.00056037482242
0.180301370229 -0.000575396455938
0.180565324916 -0.000590385756581
0.180829279604 -0.000605336296755
0.181093234291 -0.000620243523126
0.181357188979 -0.000635105542724
0.181621143666 -0.000649925527178
0.181885098354 -0.000665371192281
0.182149053041 -0.000680859575172
0.182413007729 -0.00069642185108
0.182676962416 -0.000712032048046
0.182940917104 -0.000727681292354
0.183204871791 -0.000743367839436
0.183468826479 -0.000759076393995
0.183732781166 -0.000774785241845
0.183996735854 -0.000790473619223
0.184260690541 -0.000806129506307
0.184524645229 -0.000821740726409
0.184788599916 -0.000837297864982
0.185052554604 -0.000852794357667
0.185316509291 -0.000868227305632
0.185580463978 -0.000883592560617
0.185844418666 -0.000898892294985
0.186108373353 -0.000914127765865
0.186372328041 -0.000929297641079
0.186636282728 -0.000944397316139
0.186900237416 -0.000959421384236
0.187164192103 -0.000974363894739
0.187428146791 -0.000989217509834
0.187692101478 -0.00100397560979
0.187956056166 -0.00101863085753
0.188220010853 -0.00103317522085
0.188483965541 -0.00104760039794
0.188747920228 -0.00106189762967
0.189011874916 -0.00107605830091
0.189275829603 -0.00109007362487
0.189539784291 -0.00110393455141
0.189803738978 -0.0011176324056
0.190067693666 -0.00113116122411
0.190331648353 -0.00114451799717
0.190595603041 -0.00115770281369
0.190859557728 -0.00117070900772
0.191123512416 -0.00118352886013
0.191387467103 -0.00119615530454
0.191651421791 -0.00120858120289
0.191915376478 -0.00122080034788
0.192179331166 -0.00123280567999
0.192443285853 -0.00124459076693
0.192707240541 -0.00125614908754
0.192971195228 -0.00126747393287
0.193235149915 -0.00127855826607
0.193499104603 -0.00128939340747
0.19376305929 -0.00129997143878
0.194027013978 -0.00131028496493
0.194290968665 -0.00132032834743
0.194554923353 -0.00133010366379
0.19481887804 -0.0013396078763
0.195082832728 -0.00134883513376
0.195346787415 -0.00135777997305
0.195610742103 -0.00136643738358
0.19587469679 -0.00137480248126
0.196138651478 -0.00138287063747
0.196402606165 -0.00139063595831
0.196666560853 -0.00139809424877
0.19693051554 -0.00140524113632
0.197194470228 -0.00141207229789
0.197458424915 -0.00141858325235
0.197722379603 -0.00142476924893
0.19798633429 -0.00143062878307
0.198250288978 -0.00143616807628
0.198514243665 -0.00144138398412
0.198778198353 -0.00144627019418
0.19904215304 -0.00145082059555
0.199306107728 -0.0014550296362
0.199570062415 -0.00145889256451
0.199834017103 -0.00146240540061
0.20009797179 -0.0014655661561
0.200361926477 -0.00146837403962
0.200625881165 -0.00147082579033
0.200889835852 -0.00147291877568
0.20115379054 -0.00147465032792
0.201417745227 -0.00147601678746
0.201681699915 -0.00147701743093
0.201945654602 -0.00147764753579
0.20220960929 -0.00147789768117
0.202473563977 -0.00147776142735
0.202737518665 -0.00147723452508
0.203001473352 -0.00147631116424
0.20326542804 -0.00147498563379
0.203529382727 -0.00147325609701
0.203793337415 -0.00147112004645
0.204057292102 -0.00146857424721
0.20432124679 -0.00146561568093
0.204585201477 -0.00146223877881
0.204849156165 -0.00145843833699
0.205113110852 -0.00145421210334
0.20537706554 -0.00144955841537
0.205641020227 -0.00144447990164
0.205904974915 -0.00143897711722
0.206168929602 -0.00143304508885
0.20643288429 -0.00142668079368
0.206696838977 -0.00141988697233
0.206960793665 -0.00141266554972
0.207224748352 -0.00140501666245
0.207488703039 -0.00139693842361
0.207752657727 -0.00138843761063
0.208016612414 -0.00137951786736
0.208280567102 -0.0013701780215
0.208544521789 -0.00136042408951
0.208808476477 -0.00135026266959
0.209072431164 -0.00133970280407
0.209336385852 -0.00132876000899
0.209600340539 -0.00131744495906
0.209864295227 -0.00130577041425
0.210128249914 -0.00129373662445
0.210392204602 -0.00128134862369
0.210656159289 -0.00126862016655
0.210920113977 -0.0012555444769
0.211184068664 -0.00124212020789
0.211448023352 -0.00122836068879
0.211711978039 -0.00121427221724
0.211975932727 -0.00119987287407
0.212239887414 -0.00118519015743
0.212503842102 -0.00117023372327
0.212767796789 -0.00115501283081
0.213031751477 -0.00113953757586
0.213295706164 -0.00112381384026
0.213559660852 -0.00110784910938
0.213823615539 -0.00109165702613
0.214087570227 -0.00107525370996
0.214351524914 -0.00105865854114
0.214615479602 -0.00104188458221
0.214879434289 -0.00102495243487
0.215143388976 -0.00100788535855
0.215407343664 -0.000990728078352
0.215671298351 -0.000973509201142
0.215935253039 -0.00095625534486
0.216199207726 -0.00093898308356
0.216463162414 -0.000921713109559
0.216727117101 -0.000904466833322
0.216991071789 -0.000887271012958
0.217255026476 -0.000870156168658
0.217518981164 -0.000853154787225
0.217782935851 -0.000836290084274
0.218046890539 -0.000819571791135
0.218310845226 -0.000803013312553
0.218574799914 -0.000786629432421
0.218838754601 -0.000770436690541
0.219102709289 -0.000754444710537
0.219366663976 -0.000738659645112
0.219630618664 -0.000723087001701
0.219894573351 -0.000707724343094
0.220158528039 -0.000692559168453
0.220422482726 -0.000677586267331
0.220686437414 -0.000662801400537
0.220950392101 -0.00064820006075
0.221214346789 -0.000633777954611
0.221478301476 -0.0006195313754
0.221742256164 -0.000605456144501
0.222006210851 -0.000591549882825
0.222270165538 -0.000577806714328
0.222534120226 -0.000564224937058
0.222798074913 -0.000550804976048
0.223062029601 -0.000537548172817
0.223325984288 -0.000524455769022
0.223589938976 -0.000511528775292
0.223853893663 -0.000498769499187
0.224117848351 -0.000486180816569
0.224381803038 -0.000473764765599
0.224645757726 -0.000461525325987
0.224909712413 -0.000449467263686
0.225173667101 -0.000437593390399
0.225437621788 -0.000425908604056
0.225701576476 -0.000414418264152
0.225965531163 -0.000403127022078
0.226229485851 -0.000392039397459
0.226493440538 -0.000381159671234
0.226757395226 -0.000370492288485
0.227021349913 -0.000360040749748
0.227285304601 -0.000350384190622
0.227549259288 -0.000340470345497
0.227813213976 -0.000330640807988
0.228077168663 -0.000320912964152
0.228341123351 -0.000311306504338
0.228605078038 -0.000301847890087
0.228869032726 -0.000292580843364
0.229132987413 -0.000283554990498
0.229396942101 -0.000274812152513
0.229660896788 -0.00026638659581
0.229924851475 -0.000258301138501
0.230188806163 -0.000250568578796
0.23045276085 -0.000243195765005
0.230716715538 -0.000236184870437
0.230980670225 -0.000229531077432
0.231244624913 -0.000223226861146
0.2315085796 -0.000217261966803
0.231772534288 -0.000211625278413
0.232036488975 -0.000206304474288
0.232300443663 -0.000201287697538
0.23256439835 -0.000196563797302
0.232828353038 -0.000192123040344
0.233092307725 -0.000187956526774
0.233356262413 -0.000184056145894
0.2336202171 -0.000180414632728
0.233884171788 -0.00017702497217
0.234148126475 -0.000173873785949
0.234412081163 -0.000170952049651
0.23467603585 -0.00016825011607
0.234939990538 -0.000165760265467
0.235203945225 -0.000163476438462
0.235467899913 -0.000161394066578
0.2357318546 -0.000159508040681
0.235995809288 -0.000157813397499
0.236259763975 -0.000156305266062
0.236523718663 -0.000154978991174
0.23678767335 -0.000153830001931
0.237051628037 -0.000152853936505
0.237315582725 -0.000152046844721
0.237579537412 -0.000151405079919
0.2378434921 -0.000150925264505
0.238107446787 -0.000150598544952
0.238371401475 -0.00015041733931
0.238635356162 -0.000150376983794
0.23889931085 -0.000150473446464
0.239163265537 -0.000150702665364
0.239427220225 -0.000151062304971
0.239691174912 -0.000151550775802
0.2399551296 -0.000152166601141
0.240219084287 -0.000152908309011
0.240483038975 -0.000153775161467
0.240746993662 -0.00015476604753
0.24101094835 -0.000155880260996
0.241274903037 -0.000157117466858
0.241538857725 -0.000158477904735
0.241802812412 -0.000159960435542
0.2420667671 -0.000161561797089
0.242330721787 -0.000163279671014
0.242594676475 -0.000165113983252
0.242858631162 -0.000167065006236
0.24312258585 -0.000169133493071
0.243386540537 -0.000171320819298
0.243650495225 -0.000173628911689
0.243914449912 -0.00017605941734
0.244178404599 -0.000178613691942
0.244442359287 -0.000181293002432
0.244706313974 -0.000184099085179
0.244970268662 -0.000187033930634
0.245234223349 -0.000190099596361
0.245498178037 -0.000193298775327
0.245762132724 -0.00019663142627
0.246026087412 -0.000200098656817
0.246290042099 -0.000203701188415
0.246553996787 -0.000207439756285
0.246817951474 -0.000211315321196
0.247081906162 -0.000215331247849
0.247345860849 -0.000219489385496
0.247609815537 -0.000223791820627
0.247873770224 -0.000228240753014
0.248137724912 -0.000232842315304
0.248401679599 -0.000237600430466
0.248665634287 -0.000242518051454
0.248929588974 -0.000247594851908
0.249193543662 -0.000252832965515
0.249457498349 -0.000258237392695
0.249721453037 -0.000263810391212
0.249985407724 -0.000269554273202
0.250249362412 -0.000275470201365
0.250513317099 -0.000281563271938
0.250777271787 -0.00028783845694
0.251041226474 -0.000294297581542
0.251305181162 -0.000300942917328
0.251569135849 -0.000307779376504
0.251833090536 -0.000314807039102
0.252097045224 -0.000322025294581
0.252360999911 -0.000329435646347
0.252624954599 -0.000337039565966
0.252888909286 -0.000344838644101
0.253152863974 -0.000352833347642
0.253416818661 -0.000361025232582
0.253680773349 -0.000369414181545
0.253944728036 -0.000377999956841
0.254208682724 -0.00038678074264
0.254472637411 -0.000395754831373
0.254736592099 -0.000404922121004
0.255000546786 -0.000414279194899
0.255264501474 -0.000423823590879
0.255528456161 -0.00043354737988
0.255792410849 -0.000443444600268
0.256056365536 -0.000453511657801
0.256320320224 -0.000463745057402
0.256584274911 -0.000474138756788
0.256848229599 -0.000484688546802
0.257112184286 -0.000495386471318
0.257376138974 -0.000506233756537
0.257640093661 -0.000517239968127
0.257904048349 -0.000528398807389
0.258168003036 -0.000539705062545
0.258431957724 -0.000551149525782
0.258695912411 -0.000562726423177
0.258959867098 -0.000574429217308
0.259223821786 -0.000586252862693
0.259487776473 -0.000598192032487
0.259751731161 -0.000610236267682
0.260015685848 -0.000622379463327
0.260279640536 -0.000634618956007
0.260543595223 -0.000646948402803
0.260807549911 -0.00065936667319
0.261071504598 -0.000671874045994
0.261335459286 -0.000684471513076
0.261599413973 -0.000697162377429
0.261863368661 -0.000709937989139
0.262127323348 -0.000722797607176
0.262391278036 -0.0007357443593
0.262655232723 -0.00074878364394
0.262919187411 -0.000761922731004
0.263183142098 -0.000775174589112
0.263447096786 -0.000788542287069
0.263711051473 -0.000802030751502
0.263975006161 -0.00081564725213
0.264238960848 -0.000829389529344
0.264502915536 -0.000843250632459
0.264766870223 -0.000857226945905
0.265030824911 -0.000871315151255
0.265294779598 -0.000885511114311
0.265558734286 -0.000899809086189
0.265822688973 -0.000914202998604
0.26608664366 -0.000928685141865
0.266350598348 -0.000943252214051
0.266614553035 -0.000957900675107
0.266878507723 -0.000972622570152
0.26714246241 -0.000987410514947
0.267406417098 -0.00100225602577
0.267670371785 -0.00101714242954
0.267934326473 -0.00103206006362
0.26819828116 -0.00104700582204
0.268462235848 -0.00106197770687
0.268726190535 -0.00107696941062
0.268990145223 -0.00109197724333
0.26925409991 -0.00110699635378
0.269518054598 -0.00112202226561
0.269782009285 -0.00113704947006
0.270045963973 -0.00115207193092
0.27030991866 -0.00116708516644
0.270573873348 -0.00118208363492
0.270837828035 -0.00119706183781
0.271101782723 -0.00121201479307
0.27136573741 -0.00122693788903
0.271629692098 -0.00124182461215
0.271893646785 -0.00125666866258
0.272157601473 -0.00127146471649
0.27242155616 -0.00128621380827
0.272685510848 -0.0013009166243
0.272949465535 -0.00131623724297
0.273213420223 -0.0013315976621
0.27347737491 -0.00134703158435
0.273741329597 -0.0013625132676
0.274005284285 -0.00137803421013
0.274269238972 -0.00139359294937
0.27453319366 -0.00140917422607
0.274797148347 -0.00142475655741
0.275061103035 -0.00144031929789
0.275325057722 -0.00145585137851
0.27558901241 -0.00147133972468
0.275852967097 -0.00148677515793
0.276116921785 -0.00150215109986
0.276380876472 -0.00151746404473
0.27664483116 -0.00153270927166
0.276908785847 -0.00154789002736
0.277172740535 -0.00156300870696
0.277436695222 -0.00157806168373
0.27770064991 -0.00159304432179
0.277964604597 -0.00160795126855
0.278228559285 -0.001622776551
0.278492513972 -0.00163751296805
0.27875646866 -0.00165215422004
0.279020423347 -0.001666693039
0.279284378035 -0.00168112174596
0.279548332722 -0.00169543211367
0.27981228741 -0.00170961565138
0.280076242097 -0.00172366390417
0.280340196785 -0.00173756820647
0.280604151472 -0.00175131964338
0.280868106159 -0.00176490950273
0.281132060847 -0.00177833310582
0.281396015534 -0.00179159016884
0.281659970222 -0.00180467740343
0.281923924909 -0.00181758748154
0.282187879597 -0.00183031306742
0.282451834284 -0.00184284708328
0.282715788972 -0.00185518238511
0.282979743659 -0.00186731267652
0.283243698347 -0.00187923085616
0.283507653034 -0.00189093037461
0.283771607722 -0.00190240409002
0.284035562409 -0.00191364499485
0.284299517097 -0.00192464493943
0.284563471784 -0.00193539576427
0.284827426472 -0.00194588975137
0.285091381159 -0.00195611948259
0.285355335847 -0.00196608357293
0.285619290534 -0.00197578319704
0.285883245222 -0.00198521211269
0.286147199909 -0.00199436428038
0.286411154597 -0.00200323498218
0.286675109284 -0.00201181914434
0.286939063972 -0.00202011182202
0.287203018659 -0.00202810688539
0.287466973347 -0.00203579977165
0.287730928034 -0.00204318606811
0.287994882721 -0.00205026145172
0.288258837409 -0.00205702105846
0.288522792096 -0.00206346043851
0.288786746784 -0.00206957721798
0.289050701471 -0.00207537598845
0.289314656159 -0.00208085505128
0.289578610846 -0.00208600695904
0.289842565534 -0.00209082642592
0.290106520221 -0.00209530684663
0.290370474909 -0.00209944306601
0.290634429596 -0.00210323167081
0.290898384284 -0.00210666905266
0.291162338971 -0.00210975489257
0.291426293659 -0.00211248648222
0.291690248346 -0.002114860648
0.291954203034 -0.00211687474885
0.292218157721 -0.0021185251983
0.292482112409 -0.00211981143765
0.292746067096 -0.00212072809484
0.293010021784 -0.00212126576504
0.293273976471 -0.00212141777999
0.293537931159 -0.00212117969896
0.293801885846 -0.00212054598892
0.294065840534 -0.0021195104069
0.294329795221 -0.00211807182098
0.294593749909 -0.00211622731677
0.294857704596 -0.0021139743299
0.295121659284 -0.00211130794974
0.295385613971 -0.00210822323593
0.295649568658 -0.00210471527376
0.295913523346 -0.00210078122716
0.296177478033 -0.00209642007935
0.296441432721 -0.00209163471297
0.296705387408 -0.00208642465415
0.296969342096 -0.00208078634186
0.297233296783 -0.00207471620519
0.297497251471 -0.0020682170209
0.297761206158 -0.00206129126129
0.298025160846 -0.00205393934974
0.298289115533 -0.00204615988123
0.298553070221 -0.00203795857274
0.298817024908 -0.00202933995192
0.299080979596 -0.00202030396919
0.299344934283 -0.00201085542936
0.299608888971 -0.00200100236648
0.299872843658 -0.00199075239573
0.300136798346 -0.00198011874998
0.300400753033 -0.00196911551841
0.300664707721 -0.0019577567068
0.300928662408 -0.00194604349052
0.301192617096 -0.00193398037145
0.301456571783 -0.00192158187856
0.301720526471 -0.00190884141368
0.301984481158 -0.00189575771208
0.302248435846 -0.00188234583714
0.302512390533 -0.0018686098545
0.30277634522 -0.00185456655521
0.303040299908 -0.00184024389532
0.303304254595 -0.00182565511939
0.303568209283 -0.00181081159109
0.30383216397 -0.00179572813943
0.304096118658 -0.00178040181188
0.304360073345 -0.00176484114296
0.304624028033 -0.00174905878264
0.30488798272 -0.00173307073401
0.305151937408 -0.00171689147812
0.305415892095 -0.0017005359313
0.305679846783 -0.00168402634806
0.30594380147 -0.0016673877458
0.306207756158 -0.00165066356262
0.306471710845 -0.00163388065748
0.306735665533 -0.00161706429726
0.30699962022 -0.00160022453497
0.307263574908 -0.00158338695584
0.307527529595 -0.00156657352772
0.307791484283 -0.00154981099331
0.30805543897 -0.0015331291761
0.308319393658 -0.00151655903146
0.308583348345 -0.00150012272979
0.308847303033 -0.00148382713092
0.30911125772 -0.00146768784312
0.309375212408 -0.0014517193265
0.309639167095 -0.00143593630437
0.309903121783 -0.00142034759424
0.31016707647 -0.00140496053142
0.310431031157 -0.00138978104287
0.310694985845 -0.00137479752116
0.310958940532 -0.00136000136579
0.31122289522 -0.00134538812027
0.311486849907 -0.00133095422914
0.311750804595 -0.00131669593086
0.312014759282 -0.00130260896997
0.31227871397 -0.00128868960423
0.312542668657 -0.00127493566144
0.312806623345 -0.00126134373126
0.313070578032 -0.00124790687952
0.31333453272 -0.00123462441169
0.313598487407 -0.00122149795206
0.313862442095 -0.001208529538
0.314126396782 -0.00119572031712
0.31439035147 -0.00118307193819
0.314654306157 -0.00117058694235
0.314918260845 -0.00115826764189
0.315182215532 -0.00114611721099
0.31544617022 -0.00113414058861
0.315710124907 -0.00112234438979
0.315974079595 -0.00111073357254
0.316238034282 -0.00109931035038
0.31650198897 -0.00108807762354
0.316765943657 -0.00107703976419
0.317029898345 -0.00106620142939
0.317293853032 -0.00105556719151
0.317557807719 -0.00104514121731
0.317821762407 -0.00103492640899
0.318085717094 -0.00102492498601
0.318349671782 -0.00101572235069
0.318613626469 -0.00100625901961
0.318877581157 -0.000996864976627
0.319141535844 -0.000987557743565
0.319405490532 -0.000978362133801
0.319669445219 -0.00096931439663
0.319933399907 -0.000960460556612
0.320197354594 -0.000951852290863
0.320461309282 -0.000943532106607
0.320725263969 -0.000935534925647
0.320989218657 -0.000927886135112
0.321253173344 -0.000920598177063
0.321517128032 -0.000913675661066
0.321781082719 -0.000907115946376
0.322045037407 -0.000900912175292
0.322308992094 -0.000895054551069
0.322572946782 -0.000889532403517
0.322836901469 -0.000884333349388
0.323100856157 -0.000879444806675
0.323364810844 -0.000874854548175
0.323628765532 -0.000870551050191
0.323892720219 -0.000866523784497
0.324156674907 -0.000862763124025
0.324420629594 -0.000859260369465
0.324684584281 -0.000856008117274
0.324948538969 -0.000852999600058
0.325212493656 -0.00085022845867
0.325476448344 -0.000847681916357
0.325740403031 -0.000845351206818
0.326004357719 -0.000843229094674
0.326268312406 -0.00084130655146
0.326532267094 -0.000839576263042
0.326796221781 -0.00083803356501
0.327060176469 -0.000836673144411
0.327324131156 -0.000835489719891
0.327588085844 -0.000834478235607
0.327852040531 -0.000833633658536
0.328115995219 -0.0008329514812
0.328379949906 -0.000832427431327
0.328643904594 -0.00083205760663
0.328907859281 -0.00083183850293
0.329171813969 -0.000831767093971
0.329435768656 -0.000831839909833
0.329699723344 -0.000832047300689
0.329963678031 -0.000832384890432
0.330227632719 -0.000832849192302
0.330491587406 -0.000833437330583
0.330755542094 -0.000834148154642
0.331019496781 -0.0008349793532
0.331283451469 -0.000835929356842
0.331547406156 -0.000836997164941
0.331811360844 -0.000838182794915
0.332075315531 -0.000839485845965
0.332339270218 -0.000840906794685
0.332603224906 -0.000842447233601
0.332867179593 -0.000844108388484
0.333131134281 -0.000845891458639
0.333395088968 -0.000847797276016
0.333659043656 -0.000849821984456
0.333922998343 -0.000851963880489
0.334186953031 -0.000854223282936
0.334450907718 -0.000856600991488
0.334714862406 -0.000859097826129
0.334978817093 -0.000861714625797
0.335242771781 -0.000864452909918
0.335506726468 -0.000867314240992
0.335770681156 -0.000870299894333
0.336034635843 -0.00087341165765
0.336298590531 -0.00087665144886
0.336562545218 -0.000880021255909
0.336826499906 -0.000883523882321
0.337090454593 -0.000887163605906
0.337354409281 -0.000890941705832
0.337618363968 -0.000894857712042
0.337882318656 -0.000898913398308
0.338146273343 -0.000903109876175
0.338410228031 -0.000907448607295
0.338674182718 -0.000911932185505
0.338938137406 -0.000916562261716
0.339202092093 -0.000921341879616
0.33946604678 -0.000926276777197
0.339730001468 -0.000931370620884
0.339993956155 -0.000936626240263
0.340257910843 -0.000942046925329
0.34052186553 -0.000947635867042
0.340785820218 -0.000953395496071
0.341049774905 -0.000959328903564
0.341313729593 -0.000965438711508
0.34157768428 -0.000971724988688
0.341841638968 -0.000978193707708
0.342105593655 -0.000984847643112
0.342369548343 -0.000991688442783
0.34263350303 -0.000998719089065
0.342897457718 -0.00100594520385
0.343161412405 -0.00101336796279
0.343425367093 -0.00102098533408
0.34368932178 -0.0010287991198
0.343953276468 -0.00103681018086
0.344217231155 -0.0010450189687
0.344481185843 -0.00105342584929
0.34474514053 -0.00106203113186
0.345009095218 -0.0010708354395
0.345273049905 -0.00107983844271
0.345537004593 -0.00108903908443
0.34580095928 -0.00109843541892
0.346064913968 -0.00110802452693
0.346328868655 -0.00111780417227
0.346592823342 -0.00112776735879
0.34685677803 -0.00113790655624
0.347120732717 -0.00114821665765
0.347384687405 -0.00115869227487
0.347648642092 -0.00116932882582
0.34791259678 -0.00118012152975
0.348176551467 -0.00119106432162
0.348440506155 -0.00120215814552
0.348704460842 -0.00121341078521
0.34896841553 -0.00122482340782
0.349232370217 -0.00123638979952
0.349496324905 -0.00124810049085
0.349760279592 -0.00125995025804
0.35002423428 -0.00127193042693
0.350288188967 -0.00128403697285
0.350552143655 -0.00129626477822
0.350816098342 -0.00130860387841
0.35108005303 -0.00132104578693
0.351344007717 -0.00133358441672
0.351607962405 -0.00134621819723
0.351871917092 -0.00135893856723
0.35213587178 -0.00137174716878
0.352399826467 -0.00138464530853
0.352663781155 -0.00139763602468
0.352927735842 -0.00141071982078
0.35319169053 -0.0014238822944
0.353455645217 -0.00143712281926
0.353719599905 -0.00145045256328
0.353983554592 -0.00146387788301
0.354247509279 -0.0014774027831
0.354511463967 -0.00149102721103
0.354775418654 -0.0015047504153
0.355039373342 -0.001518574337
0.355303328029 -0.0015325076035
0.355567282717 -0.00154654955606
0.355831237404 -0.00156069393664
0.356095192092 -0.00157493700152
0.356359146779 -0.0015892753783
0.356623101467 -0.00160370576642
0.356887056154 -0.00161822303797
0.357151010842 -0.00163282059172
0.357414965529 -0.00164749071637
0.357678920217 -0.00166222507968
0.357942874904 -0.00167702282126
0.358206829592 -0.00169187806027
0.358470784279 -0.00170678353434
0.358734738967 -0.00172173606248
0.358998693654 -0.00173672924932
0.359262648342 -0.00175174650733
0.359526603029 -0.00176677910337
0.359790557717 -0.00178182209799
0.360054512404 -0.00179687064611
0.360318467092 -0.00181191728514
0.360582421779 -0.00182695651292
0.360846376467 -0.00184198415268
0.361110331154 -0.00185699499595
0.361374285841 -0.00187198400141
0.361638240529 -0.00188694539841
0.361902195216 -0.00190187470251
0.362166149904 -0.00191676653658
0.362430104591 -0.00193161574578
0.362694059279 -0.00194641679509
0.362958013966 -0.00196116493178
0.363221968654 -0.00197586219303
0.363485923341 -0.00199050321291
0.363749878029 -0.00200575562398
0.364013832716 -0.00202104465386
0.364277787404 -0.00203640236152
0.364541742091 -0.00205180493024
0.364805696779 -0.00206724206018
0.365069651466 -0.0020827147453
0.365333606154 -0.00209820962851
0.365597560841 -0.00211370659244
0.365861515529 -0.00212918540796
0.366125470216 -0.0021446348525
0.366389424904 -0.00216004298301
0.366653379591 -0.00217539969781
0.366917334279 -0.0021906981057
0.367181288966 -0.00220593422879
0.367445243654 -0.0022211023467
0.367709198341 -0.00223620610867
0.367973153029 -0.00225124596261
0.368237107716 -0.0022662174297
0.368501062404 -0.00228111561887
0.368765017091 -0.00229593489396
0.369028971778 -0.00231066883874
0.369292926466 -0.00232531055388
0.369556881153 -0.00233985324578
0.369820835841 -0.00235428989041
0.370084790528 -0.00236861277069
0.370348745216 -0.00238281389368
0.370612699903 -0.00239688564616
0.370876654591 -0.00241082035509
0.371140609278 -0.00242460973956
0.371404563966 -0.00243824546569
0.371668518653 -0.00245171910587
0.371932473341 -0.00246502231416
0.372196428028 -0.00247815554929
0.372460382716 -0.00249111771636
0.372724337403 -0.00250390165205
0.372988292091 -0.00251650042707
0.373252246778 -0.0025289076043
0.373516201466 -0.00254111636728
0.373780156153 -0.00255312062896
0.374044110841 -0.00256491404379
0.374308065528 -0.00257648994791
0.374572020216 -0.00258784130469
0.374835974903 -0.00259896038817
0.375099929591 -0.00260984085126
0.375363884278 -0.00262047437248
0.375627838966 -0.00263085377222
0.375891793653 -0.00264097181048
0.37615574834 -0.00265082144329
0.376419703028 -0.002660405123
0.376683657715 -0.00266972059685
0.376947612403 -0.00267876166162
0.37721156709 -0.0026875226812
0.377475521778 -0.00269599850855
0.377739476465 -0.00270418482666
0.378003431153 -0.00271207666158
0.37826738584 -0.00271966927731
0.378531340528 -0.00272695777164
0.378795295215 -0.00273393810194
0.379059249903 -0.00274060632154
0.37932320459 -0.00274695786167
0.379587159278 -0.00275298867462
0.379851113965 -0.00275869989011
0.380115068653 -0.00276409232599
0.38037902334 -0.00276916277798
0.380642978028 -0.00277390563062
0.380906932715 -0.00277831551594
0.381170887403 -0.00278238616693
0.38143484209 -0.0027861132741
0.381698796778 -0.00278949362601
0.381962751465 -0.00279252507538
0.382226706153 -0.00279520787521
0.38249066084 -0.00279753913531
0.382754615528 -0.00279951509086
0.383018570215 -0.00280113354289
0.383282524902 -0.00280239202942
0.38354647959 -0.00280328884928
0.383810434277 -0.00280381686153
0.384074388965 -0.00280396841096
0.384338343652 -0.00280373786041
0.38460229834 -0.00280312094174
0.384866253027 -0.00280211204933
0.385130207715 -0.00280070570239
0.385394162402 -0.00279890197897
0.38565811709 -0.00279669738749
0.385922071777 -0.00279409007698
0.386186026465 -0.00279107372788
0.386449981152 -0.00278764485433
0.38671393584 -0.00278379900444
0.386977890527 -0.00277953383313
0.387241845215 -0.00277484934591
0.387505799902 -0.0027697489155
0.38776975459 -0.00276422997858
0.388033709277 -0.00275829026326
0.388297663965 -0.00275192672064
0.388561618652 -0.00274514537097
0.38882557334 -0.00273794651914
0.389089528027 -0.00273032976836
0.389353482715 -0.00272229378401
0.389617437402 -0.00271384866463
0.38988139209 -0.0027049952855
0.390145346777 -0.00269573403482
0.390409301465 -0.00268607057064
0.390673256152 -0.00267601639972
0.390937210839 -0.00266557773566
0.391201165527 -0.00265476807566
0.391465120214 -0.00264360298893
0.391729074902 -0.00263209326941
0.391993029589 -0.00262024069744
0.392256984277 -0.00260805297414
0.392520938964 -0.00259553909566
0.392784893652 -0.00258269284903
0.393048848339 -0.00256951750957
0.393312803027 -0.00255602489128
0.393576757714 -0.00254221919829
0.393840712402 -0.00252811634368
0.394104667089 -0.00251374679801
0.394368621777 -0.00249912150693
0.394632576464 -0.00248425280672
0.394896531152 -0.00246915126532
0.395160485839 -0.00245381350297
0.395424440527 -0.00243825106876
0.395688395214 -0.00242247987615
0.395952349902 -0.00240651370948
0.396216304589 -0.00239036439541
0.396480259277 -0.00237404584242
0.396744213964 -0.00235758251185
0.397008168652 -0.0023410007551
0.397272123339 -0.00232434029278
0.397536078027 -0.00230762859025
0.397800032714 -0.00229089088339
0.398063987401 -0.00227413741685
0.398327942089 -0.00225739354717
0.398591896776 -0.00224068051064
0.398855851464 -0.00222402167912
0.399119806151 -0.00220744727236
0.399383760839 -0.00219098562248
0.399647715526 -0.00217466160909
0.399911670214 -0.00215847967947
0.400175624901 -0.00214245549091
0.400439579589 -0.00212660210128
0.400703534276 -0.00211093409421
0.400967488964 -0.00209546094702
0.401231443651 -0.00208018886293
0.401495398339 -0.00206512231323
0.401759353026 -0.00205025388203
0.402023307714 -0.0020355709847
0.402287262401 -0.00202107042734
0.402551217089 -0.00200674839521
0.402815171776 -0.0019926008175
0.403079126464 -0.00197862381758
0.403343081151 -0.00196481360836
0.403607035839 -0.00195116741178
0.403870990526 -0.00193768394548
0.404134945214 -0.0019243563375
0.404398899901 -0.00191118416586
0.404662854589 -0.00189816941068
0.404926809276 -0.00188531380321
0.405190763963 -0.00187261978836
0.405454718651 -0.00186008877655
0.405718673338 -0.00184772306387
0.405982628026 -0.00183552615901
0.406246582713 -0.00182350041477
0.406510537401 -0.00181164966567
0.406774492088 -0.0017999799798
0.407038446776 -0.00178849664921
0.407302401463 -0.00177720094043
0.407566356151 -0.00176609759158
0.407830310838 -0.00175519174349
0.408094265526 -0.0017444882197
0.408358220213 -0.00173399143528
0.408622174901 -0.00172370595522
0.408886129588 -0.0017136351732
0.409150084276 -0.00170435962914
0.409414038963 -0.00169482566977
0.409677993651 -0.00168536378237
0.409941948338 -0.0016759913771
0.410205903026 -0.00166673252833
0.410469857713 -0.00165762446176
0.410733812401 -0.00164871148195
0.410997767088 -0.00164004430869
0.411261721776 -0.0016316655866
0.411525676463 -0.00162360940725
0.411789631151 -0.00161590119832
0.412053585838 -0.00160855640198
0.412317540526 -0.00160157844296
0.412581495213 -0.00159496489594
0.4128454499 -0.00158870882712
0.413109404588 -0.00158280025126
0.413373359275 -0.00157722811191
0.413637313963 -0.00157198039978
0.41390126865 -0.00156704423547
0.414165223338 -0.00156240722623
0.414429178025 -0.00155805774481
0.414693132713 -0.00155398522064
0.4149570874 -0.00155018005405
0.415221042088 -0.00154663337351
0.415484996775 -0.00154333752924
0.415748951463 -0.00154028541784
0.41601290615 -0.00153747054695
0.416276860838 -0.00153488375547
0.416540815525 -0.00153251351328
0.416804770213 -0.00153035240643
0.4170687249 -0.00152839368933
0.417332679588 -0.00152662780778
0.417596634275 -0.00152504933597
0.417860588963 -0.00152365319521
0.41812454365 -0.00152243399681
0.418388498338 -0.00152138634704
0.418652453025 -0.00152050474487
0.418916407713 -0.00151978474523
0.4191803624 -0.00151922214831
0.419444317088 -0.0015188129979
0.419708271775 -0.00151855370196
0.419972226462 -0.0015184411738
0.42023618115 -0.00151847260924
0.420500135837 -0.00151864136421
0.420764090525 -0.00151894020582
0.421028045212 -0.00151936528112
0.4212919999 -0.00151991376276
0.421555954587 -0.0015205840211
0.421819909275 -0.00152137476648
0.422083863962 -0.00152228409171
0.42234781865 -0.0015233107613
0.422611773337 -0.00152445391017
0.422875728025 -0.00152571367699
0.423139682712 -0.00152709031832
0.4234036374 -0.0015285855062
0.423667592087 -0.00153020086315
0.423931546775 -0.00153193776646
0.424195501462 -0.00153379747447
0.42445945615 -0.00153578082744
0.424723410837 -0.00153788219176
0.424987365525 -0.00154010155814
0.425251320212 -0.0015424392604
0.4255152749 -0.00154489687597
0.425779229587 -0.00154747495407
0.426043184275 -0.00155017458708
0.426307138962 -0.00155299737457
0.42657109365 -0.00155594480365
0.426835048337 -0.00155901827532
0.427099003024 -0.00156221969973
0.427362957712 -0.00156555106514
0.427626912399 -0.00156901444063
0.427890867087 -0.00157261306147
0.428154821774 -0.00157635142693
0.428418776462 -0.00158022934598
0.428682731149 -0.0015842472941
0.428946685837 -0.00158840711976
0.429210640524 -0.00159271027007
0.429474595212 -0.00159715827086
0.429738549899 -0.00160175332716
0.430002504587 -0.00160649722174
0.430266459274 -0.00161139370625
0.430530413962 -0.00161644798528
0.430794368649 -0.00162166355519
0.431058323337 -0.00162704309835
0.431322278024 -0.00163259040033
0.431586232712 -0.00163830872496
0.431850187399 -0.00164420002234
0.432114142087 -0.00165026781832
0.432378096774 -0.00165651406683
0.432642051462 -0.0016629394517
0.432906006149 -0.00166955002578
0.433169960837 -0.00167634757841
0.433433915524 -0.00168333366877
0.433697870212 -0.00169051222644
0.433961824899 -0.00169788837613
0.434225779587 -0.0017054622612
0.434489734274 -0.0017132327321
0.434753688961 -0.00172120071473
0.435017643649 -0.00172936765718
0.435281598336 -0.00173773329041
0.435545553024 -0.00174629821725
0.435809507711 -0.00175506225526
0.436073462399 -0.0017640261433
0.436337417086 -0.00177318901552
0.436601371774 -0.00178254977937
0.436865326461 -0.00179210687957
0.437129281149 -0.00180185544597
0.437393235836 -0.00181179393821
0.437657190524 -0.00182191273595
0.437921145211 -0.00183220590928
0.438185099899 -0.00184266740949
0.438449054586 -0.00185329197641
0.438713009274 -0.00186407520231
0.438976963961 -0.00187501297036
0.439240918649 -0.00188610218473
0.439504873336 -0.00189734508722
0.439768828024 -0.00190874852431
0.440032782711 -0.00192031018872
0.440296737399 -0.00193202434886
0.440560692086 -0.00194388055018
0.440824646774 -0.00195587492458
0.441088601461 -0.00196799854671
0.441352556149 -0.00198024666275
0.441616510836 -0.00199261390127
0.441880465523 -0.00200509018276
0.442144420211 -0.00201766720799
0.442408374898 -0.00203034037322
0.442672329586 -0.00204310660745
0.442936284273 -0.00205596038367
0.443200238961 -0.00206890461618
0.443464193648 -0.00208193973702
0.443728148336 -0.00209506859439
0.443992103023 -0.00210828812752
0.444256057711 -0.00212158447556
0.444520012398 -0.00213496665727
0.444783967086 -0.00214844036875
0.445047921773 -0.00216200961515
0.445311876461 -0.00217567635391
0.445575831148 -0.00218943952617
0.445839785836 -0.00220329822287
0.446103740523 -0.00221725452688
0.446367695211 -0.0022313169268
0.446631649898 -0.00224548362846
0.446895604586 -0.00225974908549
0.447159559273 -0.00227410986495
0.447423513961 -0.00228856200857
0.447687468648 -0.00230310238728
0.447951423336 -0.00231772541039
0.448215378023 -0.00233242383518
0.448479332711 -0.00234718985066
0.448743287398 -0.00236201528446
0.449007242086 -0.0023768985898
0.449271196773 -0.00239183397064
0.44953515146 -0.00240681998051
0.449799106148 -0.00242185160531
0.450063060835 -0.0024369213391
0.450327015523 -0.00245201106752
0.45059097021 -0.00246711068091
0.450854924898 -0.0024822137738
0.451118879585 -0.00249731602419
0.451382834273 -0.00251240986593
0.45164678896 -0.00252748977004
0.451910743648 -0.00254255119129
0.452174698335 -0.0025575893025
0.452438653023 -0.00257259948362
0.45270260771 -0.00258757535548
0.452966562398 -0.00260251243009
0.453230517085 -0.00261740526804
0.453494471773 -0.00263224860634
0.45375842646 -0.00264703915337
0.454022381148 -0.00266177818301
0.454286335835 -0.00267646090382
0.454550290523 -0.00269175889483
0.45481424521 -0.00270709511942
0.455078199898 -0.0027224996394
0.455342154585 -0.00273794593548
0.455606109273 -0.00275342363342
0.45587006396 -0.0027689374481
0.456134018648 -0.00278447419249
0.456397973335 -0.00280001495601
0.456661928022 -0.00281554053158
0.45692588271 -0.00283104041239
0.457189837397 -0.00284650151082
0.457453792085 -0.00286191378853
0.457717746772 -0.0028772699446
0.45798170146 -0.00289256547381
0.458245656147 -0.00290779532223
0.458509610835 -0.00292296345882
0.458773565522 -0.0029380686169
0.45903752021 -0.00295310657188
0.459301474897 -0.00296807167645
0.459565429585 -0.00298295795414
0.459829384272 -0.00299775879928
0.46009333896 -0.00301246716785
0.460357293647 -0.00302707650159
0.460621248335 -0.00304157904375
0.460885203022 -0.00305596687842
0.46114915771 -0.00307023282335
0.461413112397 -0.00308436846242
0.461677067085 -0.00309836581742
0.461941021772 -0.00311221733711
0.46220497646 -0.00312591497728
0.462468931147 -0.00313945036341
0.462732885835 -0.00315281510229
0.462996840522 -0.00316600941631
0.46326079521 -0.00317903257631
0.463524749897 -0.00319187716419
0.463788704584 -0.00320453647013
0.464052659272 -0.00321700359691
0.464316613959 -0.00322927180338
0.464580568647 -0.00324133518424
0.464844523334 -0.00325318802186
0.465108478022 -0.00326482358766
0.465372432709 -0.0032762344886
0.465636387397 -0.00328741307
0.465900342084 -0.00329835284618
0.466164296772 -0.00330904638726
0.466428251459 -0.00331948566873
0.466692206147 -0.00332966383752
0.466956160834 -0.00333957405002
0.467220115522 -0.00334921563146
0.467484070209 -0.00335858917832
0.467748024897 -0.00336768874138
0.468011979584 -0.00337650837298
0.468275934272 -0.00338504258115
0.468539888959 -0.00339328616412
0.468803843647 -0.00340123389834
0.469067798334 -0.00340888220506
0.469331753022 -0.00341622634973
0.469595707709 -0.00342326204017
0.469859662397 -0.00342998547045
0.470123617084 -0.00343639192355
0.470387571772 -0.0034424774148
0.470651526459 -0.0034482416027
0.470915481147 -0.00345368581934
0.471179435834 -0.00345880673165
0.471443390521 -0.00346359952697
0.471707345209 -0.00346805969485
0.471971299896 -0.00347218073156
0.472235254584 -0.00347595821576
0.472499209271 -0.00347938847563
0.472763163959 -0.00348246828811
0.473027118646 -0.00348519659351
0.473291073334 -0.00348757336276
0.473555028021 -0.00348959539279
0.473818982709 -0.00349126057207
0.474082937396 -0.00349256658917
0.474346892084 -0.00349351133778
0.474610846771 -0.00349409027258
0.474874801459 -0.00349429557256
0.475138756146 -0.00349412158695
0.475402710834 -0.00349356358407
0.475666665521 -0.00349261727014
0.475930620209 -0.00349127658677
0.476194574896 -0.00348953992883
0.476458529584 -0.00348740571141
0.476722484271 -0.00348487190135
0.476986438959 -0.00348193286515
0.477250393646 -0.00347858487047
0.477514348334 -0.00347482452077
0.477778303021 -0.00347064854172
0.478042257709 -0.00346605564747
0.478306212396 -0.00346104837204
0.478570167083 -0.00345562787448
0.478834121771 -0.00344979105821
0.479098076458 -0.00344353551592
0.479362031146 -0.00343686318186
0.479625985833 -0.00342977917155
0.479889940521 -0.00342228292475
0.480153895208 -0.00341437265191
0.480417849896 -0.00340605322253
0.480681804583 -0.00339733169914
0.480945759271 -0.00338820839588
0.481209713958 -0.00337868477308
0.481473668646 -0.00336877345646
0.481737623333 -0.00335847914916
0.482001578021 -0.00334781333089
0.482265532708 -0.00333678994672
0.482529487396 -0.00332542799829
0.482793442083 -0.00331373116081
0.483057396771 -0.00330170046747
0.483321351458 -0.00328935193696
0.483585306146 -0.00327668382459
0.483849260833 -0.00326368873652
0.484113215521 -0.00325038300364
0.484377170208 -0.00323677122555
0.484641124896 -0.00322286021763
0.484905079583 -0.0032086715286
0.485169034271 -0.00319422970693
0.485432988958 -0.00317954550534
0.485696943645 -0.00316463324007
0.485960898333 -0.00314949396162
0.48622485302 -0.00313413086827
0.486488807708 -0.00311855809576
0.486752762395 -0.00310279121012
0.487016717083 -0.00308684442289
0.48728067177 -0.00307072257301
0.487544626458 -0.0030544451435
0.487808581145 -0.00303803768019
0.488072535833 -0.0030215301215
0.48833649052 -0.00300496100309
0.488600445208 -0.00298835369118
0.488864399895 -0.0029717279763
0.489128354583 -0.00295509884014
0.48939230927 -0.00293849125357
0.489656263958 -0.00292192462721
0.489920218645 -0.00290542204694
0.490184173333 -0.00288901362291
0.49044812802 -0.00287272362843
0.490712082708 -0.00285657260851
0.490976037395 -0.00284056758002
0.491239992083 -0.00282472309388
0.49150394677 -0.00280905084724
0.491767901458 -0.00279356397696
0.492031856145 -0.00277827128234
0.492295810833 -0.00276317738714
0.49255976552 -0.00274828542479
0.492823720208 -0.00273358504055
0.493087674895 -0.00271906484141
0.493351629582 -0.00270472235835
0.49361558427 -0.00269055382397
0.493879538957 -0.00267655524611
0.494143493645 -0.00266272302664
0.494407448332 -0.00264905378053
0.49467140302 -0.00263554517371
0.494935357707 -0.00262219582711
0.495199312395 -0.00260900064326
0.495463267082 -0.00259595998165
0.49572722177 -0.00258307626972
0.495991176457 -0.00257035182578
0.496255131145 -0.00255778937094
0.496519085832 -0.00254539136545
0.49678304052 -0.0025331601027
0.497046995207 -0.00252109923803
0.497310949895 -0.00250921204865
0.497574904582 -0.00249750163933
0.49783885927 -0.00248597365694
0.498102813957 -0.00247463236102
0.498366768645 -0.00246348067373
0.498630723332 -0.00245252301625
0.49889467802 -0.00244176482007
0.499158632707 -0.00243121108201
0.499422587395 -0.00242086634019
0.499686542082 -0.00241073516319
0.49995049677 -0.00240082130472
0.500214451457 -0.00239170606719
0.500478406144 -0.00238233380977
0.500742360832 -0.00237303267034
0.501006315519 -0.00236382057464
0.501270270207 -0.00235472316351
0.501534224894 -0.00234577904276
0.501798179582 -0.00233703397997
0.502062134269 -0.00232853963563
0.502326088957 -0.00232033892489
0.502590043644 -0.00231246575259
0.502853998332 -0.00230494417233
0.503117953019 -0.00229778852191
0.503381907707 -0.00229100176458
0.503645862394 -0.00228458089277
0.503909817082 -0.00227851840679
0.504173771769 -0.00227280377995
0.504437726457 -0.00226742586975
0.504701681144 -0.00226237206665
0.504965635832 -0.00225762914939
0.505229590519 -0.00225318394172
0.505493545207 -0.00224902450246
0.505757499894 -0.00224514049245
0.506021454582 -0.00224152229116
0.506285409269 -0.00223816137142
0.506549363957 -0.00223504975445
0.506813318644 -0.00223218047135
0.507077273332 -0.00222954716796
0.507341228019 -0.0022271390611
0.507605182706 -0.00222494498622
0.507869137394 -0.00222295732424
0.508133092081 -0.00222116937972
0.508397046769 -0.0022195718382
0.508661001456 -0.00221815932748
0.508924956144 -0.00221692654291
0.509188910831 -0.00221586797095
0.509452865519 -0.0022149780821
0.509716820206 -0.00221425119419
0.509980774894 -0.00221368252451
0.510244729581 -0.00221326779937
0.510508684269 -0.00221300323461
0.510772638956 -0.00221288552999
0.511036593644 -0.00221291161536
0.511300548331 -0.00221307869247
0.511564503019 -0.00221337957235
0.511828457706 -0.00221380744121
0.512092412394 -0.00221435850189
0.512356367081 -0.00221502995903
0.512620321769 -0.00221582077616
0.512884276456 -0.00221672959977
0.513148231144 -0.00221775463941
0.513412185831 -0.00221889488259
0.513676140519 -0.00222014979523
0.513940095206 -0.00222151993839
0.514204049894 -0.00222300656004
0.514468004581 -0.0022246111138
0.514731959269 -0.00222633518509
0.514995913956 -0.00222818019147
0.515259868643 -0.00223014730537
0.515523823331 -0.00223223755775
0.515787778018 -0.00223444584332
0.516051732706 -0.00223677184651
0.516315687393 -0.00223921601494
0.516579642081 -0.00224178009609
0.516843596768 -0.00224446486234
0.517107551456 -0.00224727147364
0.517371506143 -0.00225020149832
0.517635460831 -0.00225325641966
0.517899415518 -0.00225643781189
0.518163370206 -0.00225974759189
0.518427324893 -0.00226318783082
0.518691279581 -0.00226676073077
0.518955234268 -0.00227047004661
0.519219188956 -0.00227432049739
0.519483143643 -0.0022783119072
0.519747098331 -0.00228244470998
0.520011053018 -0.00228672071846
0.520275007706 -0.00229114138086
0.520538962393 -0.00229570870864
0.520802917081 -0.00230042442807
0.521066871768 -0.00230529040927
0.521330826456 -0.00231031118232
0.521594781143 -0.00231549169059
0.521858735831 -0.00232083487698
0.522122690518 -0.002326343434
0.522386645205 -0.00233202164033
0.522650599893 -0.00233787353613
0.52291455458 -0.00234390027321
0.523178509268 -0.00235010555929
0.523442463955 -0.00235649072375
0.523706418643 -0.00236305802834
0.52397037333 -0.00236981188042
0.524234328018 -0.00237675393685
0.524498282705 -0.00238388612365
0.524762237393 -0.00239121279695
0.52502619208 -0.00239873785259
0.525290146768 -0.00240646165547
0.525554101455 -0.00241438360426
0.525818056143 -0.00242250434395
0.52608201083 -0.00243082493105
0.526345965518 -0.00243934508525
0.526609920205 -0.00244806511808
0.526873874893 -0.00245698478588
0.52713782958 -0.0024661046505
0.527401784268 -0.00247542347545
0.527665738955 -0.00248494029116
0.527929693643 -0.00249465354419
0.52819364833 -0.00250455727216
0.528457603018 -0.00251464869473
