0.000812182741117 0
0.00107744418433 0
0.00134270562754 0
0.00160796707075 0
0.00187322851397 0
0.00213848995718 0
0.00240375140039 0
0.0026690128436 0
0.00293427428682 0
0.00319953573003 0
0.00346479717324 0
0.00373005861645 0
0.00399532005967 0
0.00426058150288 0
0.00452584294609 0
0.0047911043893 0
0.00505636583251 0
0.00532162727573 0
0.00558688871894 0
0.00585215016215 0
0.00611741160536 0
0.00638267304858 0
0.00664793449179 0
0.006913195935 0
0.00717845737821 0
0.00744371882143 0
0.00770898026464 0
0.00797424170785 0
0.00823950315106 0
0.00850476459428 0
0.00877002603749 0
0.0090352874807 0
0.00930054892391 0
0.00956581036713 0
0.00983107181034 0
0.0100963332535 0
0.0103615946968 0
0.01062685614 0
0.0108921175832 0
0.0111573790264 0
0.0114226404696 0
0.0116879019128 0
0.011953163356 0
0.0122184247992 0
0.0124836862425 0
0.0127489476857 0
0.0130142091289 0
0.0132794705721 0
0.0135447320153 0
0.0138099934585 0
0.0140752549017 0
0.0143405163449 -1.5919048576e-06
0.0146057777882 -3.09310759032e-06
0.0148710392314 -4.50477885819e-06
0.0151363006746 -5.8285027039e-06
0.0154015621178 -7.06620563698e-06
0.015666823561 -8.2190779118e-06
0.0159320850042 -9.28842422644e-06
0.0161973464474 -1.0275349064e-05
0.0164626078906 -1.118109778e-05
0.0167278693339 -1.20065683042e-05
0.0169931307771 -1.27528176598e-05
0.0172583922203 -1.34207550252e-05
0.0175236536635 -1.40113731613e-05
0.0177889151067 -1.45260090255e-05
0.0180541765499 -1.49649675841e-05
0.0183194379931 -1.53282886335e-05
0.0185846994363 -1.56158999854e-05
0.0188499608796 -1.58274930823e-05
0.0191152223228 -1.59628220449e-05
0.019380483766 -1.60216425451e-05
0.0196457452092 -1.60034083829e-05
0.0199110066524 -1.59076621424e-05
0.0201762680956 -1.57346978176e-05
0.0204415295388 -1.54844338897e-05
0.020706790982 -1.51568751404e-05
0.0209720524253 -1.47508580113e-05
0.0212373138685 -1.42654299221e-05
0.0215025753117 -1.36997423813e-05
0.0217678367549 -1.30529692773e-05
0.0220330981981 -1.232435021e-05
0.0222983596413 -1.15130680361e-05
0.0225636210845 -1.06183074884e-05
0.0228288825277 -9.63995383602e-06
0.023094143971 -8.57720564452e-06
0.0233594054142 -7.42907185258e-06
0.0236246668574 -6.19460225101e-06
0.0238899283006 -4.87298368412e-06
0.0241551897438 -3.4625164293e-06
0.024420451187 -1.9614933778e-06
0.0246857126302 -3.68435740723e-07
0.0249509740734 1.31839645942e-06
0.0252162355167 3.10036851634e-06
0.0254814969599 4.97817073265e-06
0.0257467584031 6.95319425934e-06
0.0260120198463 9.02691852377e-06
0.0262772812895 1.12005033978e-05
0.0265425427327 1.34755232912e-05
0.0268078041759 1.58542980061e-05
0.0270730656191 1.8338246339e-05
0.0273383270624 2.09291214446e-05
0.0276035885056 2.36283929481e-05
0.0278688499488 2.64379351855e-05
0.028134111392 2.93593025874e-05
0.0283993728352 3.23928135383e-05
0.0286646342784 3.55408251156e-05
0.0289298957216 3.88058452741e-05
0.0291951571648 4.21901883771e-05
0.0294604186081 4.56937321844e-05
0.0297256800513 4.93184093455e-05
0.0299909414945 5.30663010925e-05
0.0302562029377 5.69396362412e-05
0.0305214643809 6.09390476161e-05
0.0307867258241 6.50637966751e-05
0.0310519872673 6.93128454519e-05
0.0313172487105 7.36841413248e-05
0.0315825101538 7.81755823495e-05
0.031847771597 8.27900054074e-05
0.0321130330402 8.75291660251e-05
0.0323782944834 9.23929671326e-05
0.0326435559266 9.73830034549e-05
0.0329088173698 0.000102497204984
0.033174078813 0.000107737215132
0.0334393402562 0.000113104294726
0.0337046016995 0.000118601011442
0.0339698631427 0.000124228551355
0.0342351245859 0.000129991454473
0.0345003860291 0.000135892109526
0.0347656474723 0.000141933324827
0.0350309089155 0.000148111715689
0.0352961703587 0.000154424304485
0.0355614318019 0.000160871393126
0.0358266932451 0.000167452903087
0.0360919546884 0.000174170372658
0.0363572161316 0.000181024015586
0.0366224775748 0.000188012817484
0.036887739018 0.000195135302541
0.0371530004612 0.000202391422928
0.0374182619044 0.000209781147095
0.0376835233476 0.000217302561898
0.0379487847908 0.000224952675524
0.0382140462341 0.000232733261877
0.0384793076773 0.000240643543839
0.0387445691205 0.000248679626827
0.0390098305637 0.000256838424624
0.0392750920069 0.000265116262323
0.0395403534501 0.00027351309876
0.0398056148933 0.000282023717845
0.0400708763365 0.000290642054138
0.0403361377798 0.000299362660875
0.040601399223 0.000308179958653
0.0408666606662 0.000317085632937
0.0411319221094 0.000326071435429
0.0413971835526 0.000335129679735
0.0416624449958 0.000344251512976
0.041927706439 0.000353430783685
0.0421929678822 0.000362663134026
0.0424582293255 0.000371938203829
0.0427234907687 0.00038124553882
0.0429887522119 0.000390574991257
0.0432540136551 0.000399916406375
0.0435192750983 0.000409258707685
0.0437845365415 0.000418590819182
0.0440497979847 0.00042790202914
0.0443150594279 0.000437181808703
0.0445803208712 0.000446420701125
0.0448455823144 0.000455611342952
0.0451108437576 0.000464743407161
0.0453761052008 0.000473807465169
0.045641366644 0.000482794987657
0.0459066280872 0.000491696481619
0.0461718895304 0.000500504031118
0.0464371509736 0.00050921020152
0.0467024124169 0.000517808070173
0.0469676738601 0.000526291237565
0.0472329353033 0.000534653973631
0.0474981967465 0.000542895035849
0.0477634581897 0.000551012835578
0.0480287196329 0.000559005068263
0.0482939810761 0.000566869734537
0.0485592425193 0.000574605578535
0.0488245039626 0.000582211700484
0.0490897654058 0.000589687529314
0.049355026849 0.000597032769627
0.0496202882922 0.000604247764146
0.0498855497354 0.000611333326881
0.0501508111786 0.000618021602196
0.0504160726218 0.000624681950856
0.050681334065 0.000631213813439
0.0509465955083 0.00063761602831
0.0512118569515 0.000643903794196
0.0514771183947 0.000650094107255
0.0517423798379 0.000656202062688
0.0520076412811 0.000662237172728
0.0522729027243 0.000668205836445
0.0525381641675 0.000674112121947
0.0528034256107 0.000679957333393
0.053068687054 0.00068574086397
0.0533339484972 0.000691459843576
0.0535992099404 0.000697109879345
0.0538644713836 0.000702685601548
0.0541297328268 0.000708181050899
0.05439499427 0.000713589655249
0.0546602557132 0.000718906473168
0.0549255171564 0.000724125126332
0.0551907785997 0.000729239410354
0.0554560400429 0.000734243571535
0.0557213014861 0.000739132305511
0.0559865629293 0.000743901886408
0.0562518243725 0.000748548635276
0.0565170858157 0.000753069670078
0.0567823472589 0.000757462803165
0.0570476087021 0.000761726440172
0.0573128701454 0.000765859521131
0.0575781315886 0.00076986163669
0.0578433930318 0.000773732715745
0.058108654475 0.000777473437823
0.0583739159182 0.000781084764825
0.0586391773614 0.000784567839258
0.0589044388046 0.000787924145313
0.0591697002478 0.000791155344928
0.0594349616911 0.000794263710464
0.0597002231343 0.000797252232503
0.0599654845775 0.000800123350648
0.0602307460207 0.000802879152098
0.0604960074639 0.000805521839871
0.0607612689071 0.00080805363558
0.0610265303503 0.000810476697002
0.0612917917935 0.000812793184791
0.0615570532367 0.000815005312295
0.06182231468 0.000817115841964
0.0620875761232 0.000819127096256
0.0623528375664 0.000821041052313
0.0626180990096 0.000822859432674
0.0628833604528 0.000824583837158
0.063148621896 0.000826216110566
0.0634138833392 0.000827758491411
0.0636791447824 0.000829212525295
0.0639444062257 0.000830579532945
0.0642096676689 0.000831860887701
0.0644749291121 0.000833057875278
0.0647401905553 0.000834171742317
0.0650054519985 0.000835203564002
0.0652707134417 0.000836154280844
0.0655359748849 0.000837024985195
0.0658012363281 0.000837816671563
0.0660664977714 0.000838529921436
0.0663317592146 0.000839165086566
0.0665970206578 0.000839722833905
0.066862282101 0.000840203867965
0.0671275435442 0.000840610115556
0.0673928049874 0.000840942466635
0.0676580664306 0.000841201623177
0.0679233278738 0.000841388171312
0.0681885893171 0.00084150326166
0.0684538507603 0.000841547423354
0.0687191122035 0.000841521076731
0.0689843736467 0.000841424571936
0.0692496350899 0.000841258191925
0.0695148965331 0.000841021555513
0.0697801579763 0.000840714871242
0.0700454194195 0.000840338230826
0.0703106808628 0.000839891667639
0.070575942306 0.000839375977439
0.0708412037492 0.000838792119243
0.0711064651924 0.000838140567522
0.0713717266356 0.000837421763831
0.0716369880788 0.000836635675133
0.071902249522 0.000835782168806
0.0721675109652 0.000834861004836
0.0724327724085 0.000833872258927
0.0726980338517 0.0008328164885
0.0729632952949 0.000831693194736
0.0732285567381 0.000830501039141
0.0734938181813 0.000829239538978
0.0737590796245 0.00082790931586
0.0740243410677 0.000826510679181
0.0742896025109 0.000825043788962
0.0745548639542 0.000823508025245
0.0748201253974 0.000821903075368
0.0750853868406 0.000820229005272
0.0753506482838 0.00081848603606
0.075615909727 0.000816674469506
0.0758811711702 0.000814793033776
0.0761464326134 0.000812842607651
0.0764116940566 0.000810823705233
0.0766769554999 0.000808737434223
0.0769422169431 0.000806584200147
0.0772074783863 0.000804363084702
0.0774727398295 0.000802074607181
0.0777380012727 0.000799719067758
0.0780032627159 0.000797297015713
0.0782685241591 0.000794809209712
0.0785337856023 0.000792255383983
0.0787990470456 0.000789636551733
0.0790643084888 0.000786953933857
0.079329569932 0.000784208337099
0.0795948313752 0.000781399994594
0.0798600928184 0.000778529007868
0.0801253542616 0.000775596841598
0.0803906157048 0.000772604857744
0.080655877148 0.000769555559008
0.0809211385913 0.000766449871748
0.0811864000345 0.000763288479264
0.0814516614777 0.000760073054212
0.0817169229209 0.000756805352462
0.0819821843641 0.000753486792496
0.0822474458073 0.000750118941671
0.0825127072505 0.000746703117826
0.0827779686937 0.000743239514737
0.083043230137 0.000739730301711
0.0833084915802 0.000736176911972
0.0835737530234 0.000732581101481
0.0838390144666 0.000728944439649
0.0841042759098 0.000725269170329
0.084369537353 0.000721557983875
0.0846347987962 0.00071781335698
0.0849000602394 0.000714037937598
0.0851653216827 0.000710234174453
0.0854305831259 0.000706405316141
0.0856958445691 0.00070255296333
0.0859611060123 0.000698679556183
0.0862263674555 0.000694788066223
0.0864916288987 0.000690881724246
0.0867568903419 0.000686963389179
0.0870221517851 0.000683034505281
0.0872874132284 0.000679097466492
0.0875526746716 0.000675155266487
0.0878179361148 0.000671211562618
0.088083197558 0.000667269878037
0.0883484590012 0.000663332969639
0.0886137204444 0.000659402841645
0.0888789818876 0.00065548197012
0.0891442433308 0.000651573012817
0.089409504774 0.00064767925566
0.0896747662173 0.000643804253556
0.0899400276605 0.000639950270714
0.0902052891037 0.000636117944442
0.0904705505469 0.000632308184504
0.0907358119901 0.000628522015644
0.0910010734333 0.00062475947872
0.0912663348765 0.000621021028358
0.0915315963197 0.000617307357261
0.091796857763 0.00061361919919
0.0920621192062 0.000609957385706
0.0923273806494 0.000606323105883
0.0925926420926 0.000602717370627
0.0928579035358 0.000599141922291
0.093123164979 0.000595597931087
0.0933884264222 0.000592084856547
0.0936536878654 0.000588602862774
0.0939189493087 0.00058515229488
0.0941842107519 0.00058173377215
0.0944494721951 0.000578347947813
0.0947147336383 0.000574995159707
0.0949799950815 0.00057167555328
0.0952452565247 0.000568389595483
0.0955105179679 0.000565138304768
0.0957757794111 0.000561922937044
0.0960410408544 0.000558747687905
0.0963063022976 0.000555614251685
0.0965715637408 0.000552524398388
0.096836825184 0.00054947954287
0.0971020866272 0.000546480757038
0.0973673480704 0.000543529279224
0.0976326095136 0.000540625801097
0.0978978709568 0.000537771307087
0.0981631324001 0.000534966410781
0.0984283938433 0.000532211564007
0.0986936552865 0.000529507589738
0.0989589167297 0.00052685526159
0.0992241781729 0.000524254348717
0.0994894396161 0.000521705141928
0.0997547010593 0.000519207830385
0.100019962503 0.00051637797053
0.100285223946 0.00051357266917
0.100550485389 0.000510737097637
0.100815746832 0.000507885446326
0.101081008275 0.00050503143538
0.101346269719 0.000502186219886
0.101611531162 0.000499356605113
0.101876792605 0.000496547332384
0.102142054048 0.000493761267506
0.102407315491 0.000491001060782
0.102672576935 0.000488269865266
0.102937838378 0.000485569767751
0.103203099821 0.000482902323182
0.103468361264 0.00048026895948
0.103733622708 0.000477670464962
0.103998884151 0.000475107052147
0.104264145594 0.000472579136171
0.104529407037 0.000470086729244
0.10479466848 0.000467628911228
0.105059929924 0.000465203625595
0.105325191367 0.000462808957876
0.10559045281 0.000460443989962
0.105855714253 0.000458107938398
0.106120975696 0.000455800117142
0.10638623714 0.000453519701354
0.106651498583 0.000451266244047
0.106916760026 0.000449039524875
0.107182021469 0.000446838511038
0.107447282912 0.000444662815705
0.107712544356 0.000442512912406
0.107977805799 0.000440388501583
0.108243067242 0.000438289643292
0.108508328685 0.000436216896637
0.108773590129 0.000434171011215
0.109038851572 0.000432152893008
0.109304113015 0.000430163467739
0.109569374458 0.000428203745452
0.109834635901 0.000426274924249
0.110099897345 0.000424378236098
0.110365158788 0.00042251326315
0.110630420231 0.000420681167394
0.110895681674 0.000418883284582
0.111160943117 0.000417120332961
0.111426204561 0.000415392641511
0.111691466004 0.000413701499616
0.111956727447 0.000412048187179
0.11222198889 0.000410433913467
0.112487250334 0.000408860629722
0.112752511777 0.000407330065548
0.11301777322 0.000405844199876
0.113283034663 0.000404404719348
0.113548296106 0.000403013358354
0.11381355755 0.000401671755621
0.114078818993 0.000400380627643
0.114344080436 0.000399141164293
0.114609341879 0.000397955179548
0.114874603322 0.000396824298377
0.115139864766 0.000395749473347
0.115405126209 0.000394732462321
0.115670387652 0.000393775028245
0.115935649095 0.000392878902616
0.116200910538 0.000392045989962
0.116466171982 0.000391277998791
0.116731433425 0.000390576647831
0.116996694868 0.000389943451104
0.117261956311 0.000389380136818
0.117527217755 0.000388888405517
0.117792479198 0.000388468439628
0.118057740641 0.000388121750795
0.118323002084 0.000387850005176
0.118588263527 0.000387655718757
0.118853524971 0.000387540674729
0.119118786414 0.000387506828666
0.119384047857 0.00038755616096
0.1196493093 0.000387690665002
0.119914570743 0.000387912319119
0.120179832187 0.000388223052158
0.12044509363 0.000388624728118
0.120710355073 0.00038911924203
0.120975616516 0.000389707964192
0.12124087796 0.000390392081384
0.121506139403 0.000391173225629
0.121771400846 0.0003920533062
0.122036662289 0.000393034223485
0.122301923732 0.00039411832346
0.122567185176 0.000395308543408
0.122832446619 0.000396607350638
0.123097708062 0.00039801705371
0.123362969505 0.000399539715182
0.123628230948 0.000401177677628
0.123893492392 0.000402932352705
0.124158753835 0.000404805401282
0.124424015278 0.000406799009205
0.124689276721 0.0004089150821
0.124954538165 0.000411155271706
0.125219799608 0.000413522455514
0.125485061051 0.000416019122932
0.125750322494 0.000418647526651
0.126015583937 0.000421409836485
0.126280845381 0.000424307351849
0.126546106824 0.000427340752195
0.126811368267 0.000430511936583
0.12707662971 0.000433822909174
0.127341891153 0.000437276527807
0.127607152597 0.000440874900168
0.12787241404 0.000444619234442
0.128137675483 0.000448511680664
0.128402936926 0.000452553350093
0.128668198369 0.00045674522778
0.128933459813 0.000461087813699
0.129198721256 0.000465582685991
0.129463982699 0.000470231121984
0.129729244142 0.000475033105186
0.129994505586 0.000479985703279
0.130259767029 0.000485088143568
0.130525028472 0.000490341498945
0.130790289915 0.000495747975631
0.131055551358 0.000501308460252
0.131320812802 0.000507022947896
0.131586074245 0.000512894122936
0.131851335688 0.000518924458518
0.132116597131 0.000525112339636
0.132381858574 0.000531461626788
0.132647120018 0.000537973707536
0.132912381461 0.000544642926459
0.133177642904 0.000551470198947
0.133442904347 0.00055845586397
0.133708165791 0.000565600568552
0.133973427234 0.000572901097786
0.134238688677 0.000580352506174
0.13450395012 0.000587954666303
0.134769211563 0.000595707129443
0.135034473007 0.000603608170927
0.13529973445 0.000611656191001
0.135564995893 0.000619848472361
0.135830257336 0.000628185149989
0.136095518779 0.000636666095012
0.136360780223 0.000645287142705
0.136626041666 0.000654043990675
0.136891303109 0.000662932878179
0.137156564552 0.00067194934908
0.137421825995 0.00068109141408
0.137687087439 0.000690353394264
0.137952348882 0.000699728929251
0.138217610325 0.000709211280139
0.138482871768 0.000718791002251
0.138748133212 0.000728458572094
0.139013394655 0.000738206007573
0.139278656098 0.000748024095444
0.139543917541 0.000757905325297
0.139809178984 0.000767842236009
0.140074440428 0.000777825627528
0.140339701871 0.000787845463886
0.140604963314 0.00079789118736
0.140870224757 0.000807951905462
0.1411354862 0.000818016986466
0.141400747644 0.000828075850442
0.141666009087 0.000838117404457
0.14193127053 0.000848131005568
0.142196531973 0.00085810859176
0.142461793417 0.000868038280808
0.14272705486 0.000877908244823
0.142992316303 0.000887708246128
0.143257577746 0.000897429090951
0.143522839189 0.000907062561725
0.143788100633 0.000916600938063
0.144053362076 0.000926037287124
0.144318623519 0.000935365291525
0.144583884962 0.000944583032135
0.144849146405 0.000953686160394
0.145114407849 0.000962670613987
0.145379669292 0.000971532992611
0.145644930735 0.000980270663518
0.145910192178 0.000988881423559
0.146175453621 0.000997364032266
0.146440715065 0.00100571746041
0.146705976508 0.00101394099917
0.146971237951 0.0010220344026
0.147236499394 0.00102999946469
0.147501760838 0.00103783707336
0.147767022281 0.00104554838747
0.148032283724 0.00105313481961
0.148297545167 0.00106059813453
0.14856280661 0.0010679403211
0.148828068054 0.00107516387181
0.149093329497 0.00108227119863
0.14935859094 0.00108926470691
0.149623852383 0.0010961472493
0.149889113826 0.00110292088234
0.15015437527 0.00110931473382
0.150419636713 0.00111570714971
0.150684898156 0.00112199516726
0.150950159599 0.00112817681513
0.151215421043 0.00113426692755
0.151480682486 0.00114028304495
0.151745943929 0.0011462389711
0.152011205372 0.00115214426587
0.152276466815 0.00115800557522
0.152541728259 0.00116382663119
0.152806989702 0.00116960809749
0.153072251145 0.0011753492662
0.153337512588 0.00118104752126
0.153602774031 0.00118669871515
0.153868035475 0.00119229770784
0.154133296918 0.0011978402525
0.154398558361 0.00120331990616
0.154663819804 0.00120873005889
0.154929081248 0.00121406421239
0.155194342691 0.00121931684391
0.155459604134 0.00122448239409
0.155724865577 0.00122955561027
0.15599012702 0.00123453189179
0.156255388464 0.0012394072593
0.156520649907 0.00124417822699
0.15678591135 0.00124884215773
0.157051172793 0.00125339732306
0.157316434236 0.00125784227623
0.15758169568 0.00126217606159
0.157846957123 0.0012663982499
0.158112218566 0.00127050875073
0.158377480009 0.00127450901502
0.158642741452 0.00127840015382
0.158908002896 0.00128218326132
0.159173264339 0.00128585961416
0.159438525782 0.00128943031065
0.159703787225 0.00129289670478
0.159969048669 0.00129626060936
0.160234310112 0.00129952394117
0.160499571555 0.00130268829498
0.160764832998 0.00130575512589
0.161030094441 0.00130872575568
0.161295355885 0.00131160149218
0.161560617328 0.00131438386503
0.161825878771 0.00131707517587
0.162091140214 0.00131967680371
0.162356401657 0.00132218991285
0.162621663101 0.00132461568997
0.162886924544 0.00132695514701
0.163152185987 0.0013292089644
0.16341744743 0.00133137776607
0.163682708874 0.00133346230777
0.163947970317 0.00133546328256
0.16421323176 0.00133738167595
0.164478493203 0.00133921806923
0.164743754646 0.00134097299665
0.16500901609 0.00134264678543
0.165274277533 0.00134424038723
0.165539538976 0.00134575527734
0.165804800419 0.00134719213127
0.166070061862 0.00134855138027
0.166335323306 0.00134983362982
0.166600584749 0.00135103998393
0.166865846192 0.00135217100265
0.167131107635 0.00135322708744
0.167396369078 0.00135420865603
0.167661630522 0.00135511621074
0.167926891965 0.00135594999017
0.168192153408 0.00135671005569
0.168457414851 0.00135739654438
0.168722676295 0.00135800970746
0.168987937738 0.00135855041893
0.169253199181 0.00135901921028
0.169518460624 0.00135941657273
0.169783722067 0.00135974291318
0.170048983511 0.00135999863014
0.170314244954 0.00136018405153
0.170579506397 0.00136029951574
0.17084476784 0.00136034529174
0.171110029283 0.00136032169045
0.171375290727 0.00136022832087
0.17164055217 0.00136006495437
0.171905813613 0.0013598313355
0.172171075056 0.00135952863129
0.1724363365 0.00135915751822
0.172701597943 0.00135871702395
0.172966859386 0.00135820687729
0.173232120829 0.00135762701081
0.173497382272 0.00135697704712
0.173762643716 0.00135625652827
0.174027905159 0.00135546503601
0.174293166602 0.00135460204341
0.174558428045 0.00135366807579
0.174823689488 0.00135266396853
0.175088950932 0.00135158970189
0.175354212375 0.00135044577163
0.175619473818 0.00134923269536
0.175884735261 0.0013479509118
0.176149996704 0.00134660061902
0.176415258148 0.0013451805485
0.176680519591 0.00134369113098
0.176945781034 0.00134213278132
0.177211042477 0.00134050614781
0.177476303921 0.001338813255
0.177741565364 0.00133705382628
0.178006826807 0.00133522874727
0.17827208825 0.00133333863887
0.178537349693 0.00133138376908
0.178802611137 0.00132936464196
0.17906787258 0.00132728144356
0.179333134023 0.00132513589684
0.179598395466 0.00132292966185
0.179863656909 0.00132066482309
0.180128918353 0.0013183413755
0.180394179796 0.00131596088406
0.180659441239 0.00131352489498
0.180924702682 0.00131103560284
0.181189964126 0.00130849360247
0.181455225569 0.00130590025272
0.181720487012 0.00130325708535
0.181985748455 0.00130056453554
0.182251009898 0.00129782478565
0.182516271342 0.00129504009624
0.182781532785 0.00129221199213
0.183046794228 0.00128934202613
0.183312055671 0.00128643217558
0.183577317114 0.00128348504919
0.183842578558 0.0012805028487
0.184107840001 0.0012774878593
0.184373101444 0.00127444234574
0.184638362887 0.001271368878
0.184903624331 0.00126827052212
0.185168885774 0.00126515046448
0.185434147217 0.00126201132943
0.18569940866 0.00125885550288
0.185964670103 0.00125568447606
0.186229931547 0.00125250041514
0.18649519299 0.00124930574007
0.186760454433 0.00124610280035
0.187025715876 0.0012428942553
0.187290977319 0.00123968313357
0.187556238763 0.00123647102865
0.187821500206 0.00123326040225
0.188086761649 0.00123005338359
0.188352023092 0.00122685173429
0.188617284535 0.00122365733187
0.188882545979 0.00122047060557
0.189147807422 0.00121729354917
0.189413068865 0.0012141268153
0.189678330308 0.001210970642
0.189943591752 0.00120782529996
0.190208853195 0.00120469131629
0.190474114638 0.0012015696059
0.190739376081 0.00119846106966
0.191004637524 0.00119536651074
0.191269898968 0.0011922866709
0.191535160411 0.00118922188794
0.191800421854 0.00118617160857
0.192065683297 0.00118313534374
0.19233094474 0.0011801134903
0.192596206184 0.00117710606012
0.192861467627 0.0011741131244
0.19312672907 0.00117113508918
0.193391990513 0.00116817245634
0.193657251957 0.00116522595507
0.1939225134 0.00116229612928
0.194187774843 0.00115938350774
0.194453036286 0.00115648950892
0.194718297729 0.00115361761974
0.194983559173 0.00115076937415
0.195248820616 0.00114794555332
0.195514082059 0.00114514795684
0.195779343502 0.00114237743047
0.196044604945 0.0011396351093
0.196309866389 0.00113692201137
0.196575127832 0.00113423925418
0.196840389275 0.00113158792371
0.197105650718 0.00112896939443
0.197370912161 0.00112638471994
0.197636173605 0.00112383476699
0.197901435048 0.00112132013618
0.198166696491 0.00111884155725
0.198431957934 0.00111639974865
0.198697219378 0.00111399564287
0.198962480821 0.00111163016738
0.199227742264 0.00110930411984
0.199493003707 0.00110701699382
0.19975826515 0.00110476842454
0.200023526594 0.00110218087515
0.200288788037 0.00109960590409
0.20055404948 0.00109699005621
0.200819310923 0.00109434743865
0.201084572366 0.00109169234034
0.20134983381 0.0010890364351
0.201615095253 0.0010863870677
0.201880356696 0.00108374941884
0.202145618139 0.00108112721876
0.202410879583 0.00107852379911
0.202676141026 0.00107594251057
0.202941402469 0.00107338587661
0.203206663912 0.00107085570416
0.203471925355 0.00106835343881
0.203737186799 0.00106588031522
0.204002448242 0.00106343671492
0.204267709685 0.00106102293218
0.204532971128 0.00105863907161
0.204798232571 0.001056285075
0.205063494015 0.00105395988465
0.205328755458 0.00105166127473
0.205594016901 0.00104938806193
0.205859278344 0.00104713879576
0.206124539787 0.00104491258998
0.206389801231 0.00104270871042
0.206655062674 0.00104052647604
0.206920324117 0.00103836554767
0.20718558556 0.00103622587891
0.207450847004 0.00103410680324
0.207716108447 0.00103200823252
0.20798136989 0.0010299306787
0.208246631333 0.00102787431167
0.208511892776 0.00102583916794
0.20877715422 0.00102382607874
0.209042415663 0.00102183608418
0.209307677106 0.00101987028852
0.209572938549 0.00101792979012
0.209838199992 0.00101601589028
0.210103461436 0.00101412977685
0.210368722879 0.00101227267971
0.210633984322 0.00101044446004
0.210899245765 0.00100864574968
0.211164507209 0.00100687802145
0.211429768652 0.0010051427294
0.211695030095 0.00100344066417
0.211960291538 0.00100177310159
0.212225552981 0.00100014138664
0.212490814425 0.00099854697818
0.212756075868 0.000996991475324
0.213021337311 0.000995477186478
0.213286598754 0.000994006092501
0.213551860197 0.000992580051725
0.213817121641 0.000991200853554
0.214082383084 0.000989870230169
0.214347644527 0.000988589333998
0.21461290597 0.00098735942409
0.214878167414 0.000986182392511
0.215143428857 0.000985059888975
0.2154086903 0.000983993160695
0.215673951743 0.000982983854853
0.215939213186 0.000982033872157
0.21620447463 0.000981145142254
0.216469736073 0.000980319482703
0.216734997516 0.000979558803217
0.217000258959 0.000978864823713
0.217265520402 0.000978239060275
0.217530781846 0.000977683253335
0.217796043289 0.00097719912976
0.218061304732 0.000976786869831
0.218326566175 0.000976448057562
0.218591827618 0.000976184341426
0.218857089062 0.000975998417893
0.219122350505 0.000975891992537
0.219387611948 0.000975867113415
0.219652873391 0.000975925833063
0.219918134835 0.000976070188536
0.220183396278 0.00097630218965
0.220448657721 0.000976623860773
0.220713919164 0.000977037171018
0.220979180607 0.000977544026083
0.221244442051 0.000978145507741
0.221509703494 0.000978843032397
0.221774964937 0.000979638389996
0.22204022638 0.000980533603794
0.222305487823 0.000981530498272
0.222570749267 0.000982631967988
0.22283601071 0.000983840716274
0.223101272153 0.000985159204473
0.223366533596 0.000986589646612
0.22363179504 0.000988134279914
0.223897056483 0.000989795276592
0.224162317926 0.000991573693156
0.224427579369 0.000993471624141
0.224692840812 0.000995491195696
0.224958102256 0.00099763425008
0.225223363699 0.000999902833065
0.225488625142 0.00100229984091
0.225753886585 0.00100482778714
0.226019148028 0.0010074888748
0.226284409472 0.00101028508949
0.226549670915 0.0010132166804
0.226814932358 0.00101628542561
0.227080193801 0.00101949340674
0.227345455244 0.00102284284248
0.227610716688 0.00102633679049
0.227875978131 0.00102997619161
0.228141239574 0.00103376332239
0.228406501017 0.00103769979679
0.228671762461 0.00104178625452
0.228937023904 0.00104602388464
0.229202285347 0.00105041347226
0.22946754679 0.00105495605757
0.229732808233 0.0010596525087
0.229998069677 0.0010645003057
0.23026333112 0.00106949818662
0.230528592563 0.00107464734913
0.230793854006 0.0010799495298
0.231059115449 0.00108540665159
0.231324376893 0.00109101795613
0.231589638336 0.00109678644623
0.231854899779 0.00110271527987
0.232120161222 0.00110880248997
0.232385422666 0.00111505219552
0.232650684109 0.001121465804
0.232915945552 0.00112803801589
0.233181206995 0.00113476950799
0.233446468438 0.00114166086968
0.233711729882 0.00114871289094
0.233976991325 0.00115592303625
0.234242252768 0.00116328613693
0.234507514211 0.0011708017236
0.234772775654 0.00117846994289
0.235038037098 0.00118628930921
0.235303298541 0.00119425818209
0.235568559984 0.00120237413879
0.235833821427 0.00121063690805
0.23609908287 0.00121904705759
0.236364344314 0.00122760034804
0.236629605757 0.00123629283921
0.2368948672 0.00124512071119
0.237160128643 0.00125407952712
0.237425390087 0.0012631674771
0.23769065153 0.00127237916107
0.237955912973 0.00128170832153
0.238221174416 0.00129114834342
0.238486435859 0.00130068911849
0.238751697303 0.00131032196229
0.239016958746 0.0013200389662
0.239282220189 0.00132983093484
0.239547481632 0.00133968941348
0.239812743075 0.00134960772474
0.240078004519 0.00135957656983
0.240343265962 0.00136958610394
0.240608527405 0.00137962568119
0.240873788848 0.00138968442128
0.241139050292 0.00139975165347
0.241404311735 0.00140981660492
0.241669573178 0.00141986811979
0.241934834621 0.00142989511626
0.242200096064 0.00143988973263
0.242465357508 0.00144983952304
0.242730618951 0.00145973262133
0.242995880394 0.00146955881357
0.243261141837 0.00147930876027
0.24352640328 0.00148897394552
0.243791664724 0.00149854633526
0.244056926167 0.00150801885283
0.24432218761 0.00151738516845
0.244587449053 0.00152664327375
0.244852710496 0.00153578831811
0.24511797194 0.00154481589976
0.245383233383 0.0015537222727
0.245648494826 0.00156250448154
0.245913756269 0.00157115994772
0.246179017713 0.00157968733266
0.246444279156 0.00158808533437
0.246709540599 0.00159635299859
0.246974802042 0.00160449016052
0.247240063485 0.00161249841477
0.247505324929 0.00162037836019
0.247770586372 0.00162813102259
0.248035847815 0.00163575770789
0.248301109258 0.00164326010507
0.248566370701 0.00165064035084
0.248831632145 0.00165790088931
0.249096893588 0.00166504412314
0.249362155031 0.00167207250605
0.249627416474 0.00167898878543
0.249892677918 0.00168579501786
0.250157939361 0.00169222056897
0.250423200804 0.00169864410351
0.250688462247 0.00170496236426
0.25095372369 0.00171117327257
0.251218985134 0.00171729151212
0.251484246577 0.0017233348801
0.25174950802 0.0017293172649
0.252014769463 0.00173524847566
0.252280030906 0.00174113525663
0.25254529235 0.00174698153279
0.252810553793 0.00175278821493
0.253075815236 0.00175855465714
0.253341076679 0.0017642784287
0.253606338123 0.00176995543321
0.253871599566 0.00177558082101
0.254136861009 0.00178115017488
0.254402122452 0.00178665713633
0.254667383895 0.00179209502099
0.254932645339 0.00179745752817
0.255197906782 0.00180273907453
0.255463168225 0.00180793404278
0.255728429668 0.00181303714764
0.255993691111 0.0018180438011
0.256258952555 0.00182294992718
0.256524213998 0.00182775209757
0.256789475441 0.00183244761344
0.257054736884 0.001837034778
0.257319998327 0.0018415120674
0.257585259771 0.00184587855178
0.257850521214 0.00185013373668
0.258115782657 0.00185427775658
0.2583810441 0.00185831203067
0.258646305544 0.0018622375133
0.258911566987 0.00186605529877
0.25917682843 0.00186976658126
0.259442089873 0.00187337245805
0.259707351316 0.00187687431059
0.25997261276 0.00188027419651
0.260237874203 0.00188357381613
0.260503135646 0.00188677468345
0.260768397089 0.00188987821479
0.261033658532 0.00189288569123
0.261298919976 0.0018957984417
0.261564181419 0.00189861843819
0.261829442862 0.0019013476642
0.262094704305 0.00190398737258
0.262359965749 0.00190653872009
0.262625227192 0.00190900290348
0.262890488635 0.00191138086773
0.263155750078 0.00191367323608
0.263421011521 0.00191588068576
0.263686272965 0.00191800391618
0.263951534408 0.00192004376409
0.264216795851 0.00192200105291
0.264482057294 0.0019238763561
0.264747318737 0.00192567018602
0.265012580181 0.00192738277195
0.265277841624 0.00192901573656
0.265543103067 0.00193057012063
0.26580836451 0.00193204653861
0.266073625953 0.00193344541287
0.266338887397 0.00193476745558
0.26660414884 0.00193601366796
0.266869410283 0.00193718451525
0.267134671726 0.00193828040495
0.26739993317 0.00193930173445
0.267665194613 0.00194024907986
0.267930456056 0.00194112250057
0.268195717499 0.00194192207964
0.268460978942 0.0019426479945
0.268726240386 0.00194330108646
0.268991501829 0.00194388177901
0.269256763272 0.00194439062422
0.269522024715 0.00194482806984
0.269787286158 0.00194519450965
0.270052547602 0.00194549032102
0.270317809045 0.00194571580526
0.270583070488 0.00194587126436
0.270848331931 0.00194595703456
0.271113593375 0.00194597342871
0.271378854818 0.00194591996173
0.271644116261 0.00194579638998
0.271909377704 0.00194560281066
0.272174639147 0.00194534042206
0.272439900591 0.00194500970054
0.272705162034 0.00194460961173
0.272970423477 0.00194413988149
0.27323568492 0.00194360040012
0.273500946363 0.00194299076377
0.273766207807 0.00194231048388
0.27403146925 0.00194155913805
0.274296730693 0.00194073629631
0.274561992136 0.00193984256597
0.274827253579 0.00193887917205
0.275092515023 0.00193784558769
0.275357776466 0.00193674249843
0.275623037909 0.00193557032923
0.275888299352 0.00193432954689
0.276153560796 0.00193302003481
0.276418822239 0.00193164079294
0.276684083682 0.00193019227489
0.276949345125 0.00192867484715
0.277214606568 0.0019270896997
0.277479868012 0.00192543832128
0.277745129455 0.00192372060065
0.278010390898 0.00192193740999
0.278275652341 0.00192008917496
0.278540913784 0.00191817636179
0.278806175228 0.001916199258
0.279071436671 0.00191415831546
0.279336698114 0.00191205541352
0.279601959557 0.00190989222787
0.279867221001 0.0019076704026
0.280132482444 0.00190539024375
0.280397743887 0.00190305328314
0.28066300533 0.0019006613028
0.280928266773 0.00189821626517
0.281193528217 0.00189571866362
0.28145878966 0.00189317006974
0.281724051103 0.00189057185469
0.281989312546 0.00188792451266
0.282254573989 0.00188523034274
0.282519835433 0.00188249173866
0.282785096876 0.00187970982525
0.283050358319 0.00187688651345
0.283315619762 0.00187402370993
0.283580881206 0.00187112410943
0.283846142649 0.00186818985131
0.284111404092 0.00186522319805
0.284376665535 0.00186222644436
0.284641926978 0.00185920228722
0.284907188422 0.00185615377655
0.285172449865 0.00185308394474
0.285437711308 0.00184999549466
0.285702972751 0.00184689047445
0.285968234194 0.00184377066572
0.286233495638 0.00184063825404
0.286498757081 0.0018374956211
0.286764018524 0.00183434505059
0.287029279967 0.00183118936571
0.28729454141 0.00182803119295
0.287559802854 0.00182487232856
0.287825064297 0.0018217151161
0.28809032574 0.0018185614233
0.288355587183 0.00181541291661
0.288620848627 0.00181227095032
0.28888611007 0.00180913649415
0.289151371513 0.00180601117887
0.289416632956 0.0018028955646
0.289681894399 0.00179978967762
0.289947155843 0.00179669392344
0.290212417286 0.00179360889608
0.290477678729 0.0017905355564
0.290742940172 0.00178747470756
0.291008201615 0.00178442710479
0.291273463059 0.0017813933246
0.291538724502 0.00177837338179
0.291803985945 0.00177536668065
0.292069247388 0.00177237304801
0.292334508832 0.0017693927632
0.292599770275 0.00176642575415
0.292865031718 0.00176347218701
0.293130293161 0.00176053244658
0.293395554604 0.00175760719085
0.293660816048 0.00175469707801
0.293926077491 0.00175180257972
0.294191338934 0.00174892437491
0.294456600377 0.00174606470366
0.29472186182 0.00174322668829
0.294987123264 0.00174041154069
0.295252384707 0.00173762034692
0.29551764615 0.00173485460239
0.295782907593 0.00173211496202
0.296048169036 0.00172940258251
0.29631343048 0.00172671858768
0.296578691923 0.00172406407168
0.296843953366 0.00172144021541
0.297109214809 0.00171884851725
0.297374476253 0.00171628983474
0.297639737696 0.00171376495031
0.297904999139 0.00171127443897
0.298170260582 0.0017088191765
0.298435522025 0.00170639992157
0.298700783469 0.00170401762632
0.298966044912 0.00170167321814
0.299231306355 0.00169936749641
0.299496567798 0.00169709948443
0.299761829241 0.00169486907808
0.300027090685 0.00169229850948
0.300292352128 0.00168973962212
0.300557613571 0.00168713892669
0.300822875014 0.00168451052221
0.301088136458 0.00168186872968
0.301353397901 0.00167922529768
0.301618659344 0.00167658765657
0.301883920787 0.00167396111074
0.30214918223 0.00167134933991
0.302414443674 0.00166875578569
0.302679705117 0.00166618379876
0.30294496656 0.00166363586382
0.303210228003 0.00166111380576
0.303475489446 0.00165861915101
0.30374075089 0.00165615313202
0.304006012333 0.00165371608753
0.304271273776 0.00165130832539
0.304536535219 0.00164893002471
0.304801796662 0.00164658110982
0.305067058106 0.00164426035003
0.305332319549 0.00164196562688
0.305597580992 0.00163969582872
0.305862842435 0.00163744952121
0.306128103879 0.00163522578706
0.306393365322 0.00163302392357
0.306658626765 0.00163084323497
0.306923888208 0.00162868347924
0.307189149651 0.00162654459661
0.307454411095 0.00162442577231
0.307719672538 0.00162232709488
0.307984933981 0.00162024909531
0.308250195424 0.00161819181438
0.308515456867 0.00161615541273
0.308780718311 0.0016141407791
0.309045979754 0.00161214894189
0.309311241197 0.00161018105717
0.30957650264 0.00160823821053
0.309841764084 0.00160632172106
0.310107025527 0.00160443282465
0.31037228697 0.00160257275812
0.310637548413 0.00160074105046
0.310902809856 0.00159893870781
0.3111680713 0.00159716720544
0.311433332743 0.001595427969
0.311698594186 0.00159372167423
0.311963855629 0.00159204972921
0.312229117072 0.00159041350725
0.312494378516 0.00158881448449
0.312759639959 0.00158725435158
0.313024901402 0.00158573544837
0.313290162845 0.00158425973054
0.313555424289 0.00158282902211
0.313820685732 0.00158144515273
0.314085947175 0.00158010985011
0.314351208618 0.00157882404946
0.314616470061 0.0015775892572
0.314881731505 0.00157640738148
0.315146992948 0.00157528005948
0.315412254391 0.00157420840086
0.315677515834 0.00157319423026
0.315942777277 0.00157223947301
0.316208038721 0.00157134603544
0.316473300164 0.00157051576841
0.316738561607 0.00156975056341
0.31700382305 0.00156905210716
0.317269084493 0.00156842198641
0.317534345937 0.00156786193387
0.31779960738 0.00156737348156
0.318064868823 0.00156695696903
0.318330130266 0.00156661403716
0.31859539171 0.0015663464978
0.318860653153 0.00156615688852
0.319125914596 0.00156604699149
0.319391176039 0.00156601886174
0.319656437482 0.00156607456533
0.319921698926 0.00156621614571
0.320186960369 0.00156644560065
0.320452221812 0.00156676498616
0.320717483255 0.00156717622154
0.320982744698 0.0015676812748
0.321248006142 0.00156828099119
0.321513267585 0.0015689769652
0.321778529028 0.00156977104154
0.322043790471 0.00157066525856
0.322309051915 0.00157166141579
0.322574313358 0.00157276259747
0.322839574801 0.00157397142494
0.323104836244 0.00157529036307
0.323370097687 0.00157672156236
0.323635359131 0.00157826735857
0.323900620574 0.00157992968349
0.324165882017 0.00158170978871
0.32443114346 0.00158360978761
0.324696404903 0.00158563182006
0.324961666347 0.00158777767499
0.32522692779 0.00159004955047
0.325492189233 0.00159245031077
0.325757450676 0.001594982418
0.326022712119 0.00159764810017
0.326287973563 0.00160044919959
0.326553235006 0.00160338596755
0.326818496449 0.00160646031345
0.327083757892 0.00160967433533
0.327349019336 0.00161303036643
0.327614280779 0.00161653133183
0.327879542222 0.00162017822705
0.328144803665 0.00162397330688
0.328410065108 0.00162791797357
0.328675326552 0.00163201308724
0.328940587995 0.00163625959024
0.329205849438 0.00164065845776
0.329471110881 0.00164521096794
0.329736372324 0.00164991737662
0.330001633768 0.00165477525496
0.330266895211 0.00165978362315
0.330532156654 0.00166494367734
0.330797418097 0.00167025739745
0.331062679541 0.00167572621174
0.331327940984 0.00168134979258
0.331593202427 0.00168713122868
0.33185846387 0.00169307311286
0.332123725313 0.00169917393275
0.332388986757 0.00170543765082
0.3326542482 0.00171186532588
0.332919509643 0.00171845143531
0.333184771086 0.00172519733198
0.333450032529 0.00173210339396
0.333715293973 0.00173917039805
0.333980555416 0.00174639500036
0.334245816859 0.00175377264322
0.334511078302 0.00176130314538
0.334776339745 0.00176898634397
0.335041601189 0.00177682066312
0.335306862632 0.00178480443337
0.335572124075 0.00179293522116
0.335837385518 0.00180121348461
0.336102646962 0.00180963902707
0.336367908405 0.00181820734918
0.336633169848 0.00182691463824
0.336898431291 0.00183575709674
0.337163692734 0.00184473041337
0.337428954178 0.00185383264175
0.337694215621 0.00186305811181
0.337959477064 0.00187240051824
0.338224738507 0.00188185314373
0.33848999995 0.00189140527476
0.338755261394 0.00190104881222
0.339020522837 0.00191077557897
0.33928578428 0.00192057641799
0.339551045723 0.00193044331669
0.339816307167 0.00194036903112
0.34008156861 0.00195034431899
0.340346830053 0.00196035917451
0.340612091496 0.00197040285985
0.340877352939 0.00198046453163
0.341142614383 0.00199053351619
0.341407875826 0.002000599008
0.341673137269 0.00201064969782
0.341938398712 0.00202067536887
0.342203660155 0.00203066742098
0.342468921599 0.00204061295466
0.342734183042 0.0020505005371
0.342999444485 0.00206032001862
0.343264705928 0.00207006218643
0.343529967372 0.0020797185956
0.343795228815 0.00208928135801
0.344060490258 0.00209874336467
0.344325751701 0.00210809867537
0.344591013144 0.00211734542683
0.344856274588 0.00212647858125
0.345121536031 0.00213549375168
0.345386797474 0.00214438727585
0.345652058917 0.00215315620705
0.34591732036 0.0021617981859
0.346182581804 0.00217031185213
0.346447843247 0.00217869594363
0.34671310469 0.00218694960406
0.346978366133 0.00219507309148
0.347243627576 0.00220306772663
0.34750888902 0.00221093419301
0.347774150463 0.00221867355054
0.348039411906 0.00222628718791
0.348304673349 0.00223377681723
0.348569934793 0.00224114474389
0.348835196236 0.00224839338835
0.349100457679 0.00225552514741
0.349365719122 0.00226254245986
0.349630980565 0.00226944802755
0.349896242009 0.00227624389371
0.350161503452 0.00228265913985
0.350426764895 0.0022890727679
0.350692026338 0.00229538171479
0.350957287781 0.0023015838999
0.351222549225 0.0023076940209
0.351487810668 0.00231372985071
0.351753072111 0.00231970526234
0.352018333554 0.00232563007534
0.352283594998 0.00233151093994
0.352548856441 0.00233735172706
0.352814117884 0.00234315335228
0.353079379327 0.00234891509049
0.35334464077 0.00235463450773
0.353609902214 0.00236030739894
0.353875163657 0.00236592886104
0.3541404251 0.00237149446076
0.354405686543 0.00237699782418
0.354670947986 0.00238243222575
0.35493620943 0.00238779133769
0.355201470873 0.00239306960985
0.355466732316 0.00239826139462
0.355731993759 0.00240336139639
0.355997255202 0.00240836506624
0.356262516646 0.00241326829529
0.356527778089 0.00241806768688
0.356793039532 0.00242276051798
0.357058300975 0.00242734507853
0.357323562419 0.00243181987158
0.357588823862 0.00243618399096
0.357854085305 0.00244043692553
0.358119346748 0.00244457880384
0.358384608191 0.00244861107663
0.358649869635 0.00245253468044
0.358915131078 0.00245635073147
0.359180392521 0.00246006039448
0.359445653964 0.00246366478637
0.359710915407 0.00246716529372
0.359976176851 0.0024705639214
0.360241438294 0.00247386240155
0.360506699737 0.00247706227718
0.36077196118 0.00248016493758
0.361037222624 0.00248317167824
0.361302484067 0.00248608381733
0.36156774551 0.0024889032898
0.361833006953 0.00249163210914
0.362098268396 0.00249427152366
0.36236352984 0.00249682267855
0.362628791283 0.00249928678418
0.362894052726 0.00250166476478
0.363159314169 0.00250395726167
0.363424575612 0.00250616493623
0.363689837056 0.00250828848469
0.363955098499 0.00251032874271
0.364220359942 0.00251228653023
0.364485621385 0.00251416242777
0.364750882828 0.00251595693791
0.365016144272 0.00251767028427
0.365281405715 0.00251930407699
0.365546667158 0.00252085936606
0.365811928601 0.00252233675598
0.366077190045 0.00252373667824
0.366342451488 0.00252505982713
0.366607712931 0.00252630721987
0.366872974374 0.00252747931857
0.367138235817 0.00252857652928
0.367403497261 0.00252959924794
0.367668758704 0.00253054804022
0.367934020147 0.00253142297695
0.36819928159 0.00253222413227
0.368464543033 0.00253295168091
0.368729804477 0.00253360644521
0.36899506592 0.00253418886724
0.369260327363 0.00253469949372
0.369525588806 0.00253513877317
0.36979085025 0.00253550709955
0.370056111693 0.0025358048403
0.370321373136 0.0025360323003
0.370586634579 0.00253618977943
0.370851896022 0.00253627760919
0.371117157466 0.00253629610008
0.371382418909 0.00253624476893
0.371647680352 0.00253612337006
0.371912941795 0.00253593200561
0.372178203238 0.00253567186773
0.372443464682 0.00253534342508
0.372708726125 0.00253494564767
0.372973987568 0.00253447826045
0.373239249011 0.00253394115257
0.373504510454 0.00253333391916
0.373769771898 0.00253265606693
0.374035033341 0.00253190716814
0.374300294784 0.00253108679559
0.374565556227 0.00253019555421
0.374830817671 0.00252923468339
0.375096079114 0.00252820363945
0.375361340557 0.00252710312301
0.375626602 0.00252593354919
0.375891863443 0.00252469538871
0.376157124887 0.00252338850813
0.37642238633 0.00252201191383
0.376687647773 0.00252056606308
0.376952909216 0.0025190513135
0.377218170659 0.00251746887735
0.377483432103 0.00251582022459
0.377748693546 0.00251410525391
0.378013954989 0.0025123248396
0.378279216432 0.00251047939127
0.378544477876 0.00250856938742
0.378809739319 0.00250659509556
0.379075000762 0.00250455698343
0.379340262205 0.00250245693801
0.379605523648 0.00250029665088
0.379870785092 0.00249807772873
0.380136046535 0.00249580049838
0.380401307978 0.00249346649112
0.380666569421 0.00249107749938
0.380931830864 0.00248863546812
0.381197092308 0.00248614088198
0.381462353751 0.00248359533236
0.381727615194 0.00248100016301
0.381992876637 0.00247835590711
0.382258138081 0.00247566485862
0.382523399524 0.00247292942685
0.382788660967 0.00247015069292
0.38305392241 0.00246733059968
0.383319183853 0.00246447105151
0.383584445297 0.00246157473766
0.38384970674 0.00245864380424
0.384114968183 0.00245568051453
0.384380229626 0.00245268716705
0.384645491069 0.00244966647308
0.384910752513 0.00244662149432
0.385176013956 0.00244355522466
0.385441275399 0.00244047038705
0.385706536842 0.00243736898917
0.385971798285 0.00243425283675
0.386237059729 0.00243112412728
0.386502321172 0.00242798524185
0.386767582615 0.00242483846263
0.387032844058 0.00242168662608
0.387298105502 0.00241853231719
0.387563366945 0.00241537735639
0.387828628388 0.0024122240733
0.388093889831 0.00240907427075
0.388359151274 0.00240592967495
0.388624412718 0.00240279157379
0.388889674161 0.00239966098772
0.389154935604 0.00239653949924
0.389420197047 0.00239342766368
0.38968545849 0.00239032549277
0.389950719934 0.00238723339844
0.390215981377 0.00238415198351
0.39048124282 0.00238108220982
0.390746504263 0.00237802487409
0.391011765707 0.00237498072674
0.39127702715 0.00237195032264
0.391542288593 0.00236893360591
0.391807550036 0.00236593003695
0.392072811479 0.002362939447
0.392338072923 0.00235996210582
0.392603334366 0.00235699793083
0.392868595809 0.00235404709979
0.393133857252 0.00235111000177
0.393399118695 0.00234818729667
0.393664380139 0.0023452796331
0.393929641582 0.00234238748792
0.394194903025 0.00233951153248
0.394460164468 0.00233665412784
0.394725425911 0.00233381832809
0.394990687355 0.00233100531202
0.395255948798 0.00232821621998
0.395521210241 0.00232545249633
0.395786471684 0.00232271480133
0.396051733128 0.00232000428948
0.396316994571 0.00231732209352
0.396582256014 0.0023146693044
0.396847517457 0.00231204712206
0.3971127789 0.00230945705131
0.397378040344 0.00230689992917
0.397643301787 0.00230437652595
0.39790856323 0.00230188741578
0.398173824673 0.0022994334909
0.398439086116 0.00229701551434
0.39870434756 0.00229463444393
0.398969609003 0.00229229121248
0.399234870446 0.00228998658388
0.399500131889 0.00228771957034
0.399765393333 0.00228549008626
0.400030654776 0.00228292021026
0.400295916219 0.00228036195673
0.400561177662 0.00227776180363
0.400826439105 0.0022751338463
0.401091700549 0.00227249240961
0.401356961992 0.00226984925358
0.401622223435 0.00226721181484
0.401887484878 0.00226458541162
0.402152746321 0.00226197372478
0.402418007765 0.00225938020509
0.402683269208 0.00225680820561
0.402948530651 0.00225426021114
0.403213792094 0.00225173805657
0.403479053537 0.00224924327015
0.403744314981 0.0022467770813
0.404009576424 0.00224433982048
0.404274837867 0.00224193180616
0.40454009931 0.00223955322119
0.404805360754 0.00223720398923
0.405070622197 0.00223488283973
0.40533588364 0.00223258769746
0.405601145083 0.00223031745283
0.405866406526 0.00222807066763
0.40613166797 0.00222584642683
0.406396929413 0.00222364402522
0.406662190856 0.00222146277586
0.406927452299 0.00221930243897
0.407192713742 0.00221716296239
0.407457975186 0.00221504348976
0.407723236629 0.00221294415671
0.407988498072 0.00221086548758
0.408253759515 0.00220880748431
0.408519020959 0.00220677035323
0.408784282402 0.00220475498393
0.409049543845 0.00220276240789
0.409314805288 0.00220079378271
0.409580066731 0.00219885019192
0.409845328175 0.00219693295771
0.410110589618 0.00219504331771
0.410375851061 0.00219318250699
0.410641112504 0.00219134998184
0.410906373947 0.00218954682979
0.411171635391 0.0021877745296
0.411436896834 0.00218603450703
0.411702158277 0.00218432739501
0.41196741972 0.00218265464075
0.412232681164 0.00218101761602
0.412497942607 0.00217941780141
0.41276320405 0.00217785691383
0.413028465493 0.00217633729133
0.413293726936 0.0021748608879
0.41355898838 0.00217342952028
0.413824249823 0.00217204501794
0.414089511266 0.00217070911148
0.414354772709 0.00216942268099
0.414620034152 0.00216818729131
0.414885295596 0.00216700484428
0.415150557039 0.00216587696735
0.415415818482 0.00216480477449
0.415681079925 0.00216379010808
0.415946341368 0.00216283489815
0.416211602812 0.00216194104323
0.416476864255 0.00216111040277
0.416742125698 0.00216034486077
0.417007387141 0.00215964609646
0.417272648585 0.00215901571246
0.417537910028 0.00215845544206
0.417803171471 0.00215796674957
0.418068432914 0.00215755003779
0.418333694357 0.00215720695331
0.418598955801 0.00215693934422
0.418864217244 0.00215674970856
0.419129478687 0.00215663984648
0.41939474013 0.00215661181778
0.419660001573 0.00215666768848
0.419925263017 0.00215680950028
0.42019052446 0.00215703924925
0.420455785903 0.00215735899797
0.420721047346 0.00215777065152
0.42098630879 0.00215827619309
0.421251570233 0.00215887641191
0.421516831676 0.00215957294752
0.421782093119 0.00216036765544
0.422047354562 0.00216126256972
0.422312616006 0.00216225949295
0.422577877449 0.0021633615532
0.422843138892 0.00216457134926
0.423108400335 0.00216589134516
0.423373661778 0.00216732368018
0.423638923222 0.00216887071263
0.423904184665 0.00217053431468
0.424169446108 0.00217231578269
0.424434707551 0.00217421723303
0.424699968994 0.00217624080895
0.424965230438 0.0021783882754
0.425230491881 0.00218066189019
0.425495753324 0.00218306450712
0.425761014767 0.00218559856516
0.426026276211 0.00218826630057
0.426291537654 0.00219106948378
0.426556799097 0.002194008428
0.42682206054 0.00219708504483
0.427087321983 0.00220030143851
0.427352583427 0.00220365998398
0.42761784487 0.00220716353914
0.427883106313 0.00221081313808
0.428148367756 0.0022146110292
0.428413629199 0.00221855854748
0.428678890643 0.00222265661623
0.428944152086 0.00222690610551
0.429209413529 0.00223130803931
0.429474674972 0.00223586378476
0.429739936416 0.00224057336246
0.430005197859 0.00224543441669
0.430270459302 0.00225044604595
0.430535720745 0.00225560944438
0.430800982188 0.0022609266712
0.431066243632 0.00226639897972
0.431331505075 0.00227202619495
0.431596766518 0.00227781141003
0.431862027961 0.00228375706568
0.432127289404 0.00228986180815
0.432392550848 0.00229612953502
0.432657812291 0.00230256119865
0.432923073734 0.00230915125172
0.433188335177 0.00231590115737
0.43345359662 0.00232281128132
0.433718858064 0.00232988239388
0.433984119507 0.00233711091773
0.43424938095 0.00234449247748
0.434514642393 0.00235202696497
0.434779903837 0.0023597141385
0.43504516528 0.00236755239665
0.435310426723 0.00237554005945
0.435575688166 0.00238367469219
0.435840949609 0.00239195694353
0.436106211053 0.00240038641299
0.436371472496 0.00240895852946
0.436636733939 0.0024176695184
0.436901995382 0.00242651558417
0.437167256825 0.00243549249736
0.437432518269 0.00244459818074
0.437697779712 0.00245382693281
0.437963041155 0.00246317243889
0.438228302598 0.00247262795624
0.438493564042 0.00248218260454
0.438758825485 0.00249182844603
0.439024086928 0.00250155723144
0.439289348371 0.00251135981352
0.439554609814 0.00252122829024
0.439819871258 0.00253115527173
0.440085132701 0.00254113153367
0.440350394144 0.00255114702684
0.440615655587 0.00256119099146
0.44088091703 0.00257125259652
0.441146178474 0.00258132116849
0.441411439917 0.00259138588823
0.44167670136 0.00260143540511
0.441941962803 0.0026114597258
0.442207224247 0.0026214500697
0.44247248569 0.00263139342076
0.442737747133 0.00264127846168
0.443003008576 0.00265109506408
0.443268270019 0.00266083405026
0.443533531463 0.00267048699167
0.443798792906 0.00268004603776
0.444064054349 0.0026895040739
0.444329315792 0.00269885537174
0.444594577235 0.00270809791246
0.444859838679 0.00271722668559
0.445125100122 0.00272623731893
0.445390361565 0.0027351261768
0.445655623008 0.00274389031787
0.445920884451 0.00275252743707
0.446186145895 0.00276103617054
0.446451407338 0.00276941526806
0.446716668781 0.00277766389664
0.446981930224 0.00278578242362
0.447247191668 0.00279377210153
0.447512453111 0.00280163363961
0.447777714554 0.00280936810532
0.448042975997 0.00281697690891
0.44830823744 0.00282446176708
0.448573498884 0.00283182502878
0.448838760327 0.00283906910829
0.44910402177 0.00284619640166
0.449369283213 0.00285320934839
0.449634544656 0.00286011063644
0.4498998061 0.00286690230532
0.450165067543 0.00287331332144
0.450430328986 0.00287972280818
0.450695590429 0.0028860277566
0.450960851873 0.00289222608755
0.451226113316 0.00289833250284
0.451491374759 0.00290436476853
0.451756636202 0.00291033675152
0.452021897645 0.00291625827088
0.452287159089 0.00292213595504
0.452552420532 0.00292797365928
0.452817681975 0.00293377229631
0.453082943418 0.0029395311215
0.453348204861 0.00294524770047
0.453613466305 0.00295091780069
0.453878727748 0.00295653650688
0.454143989191 0.00296209938236
0.454409250634 0.00296760004846
0.454674512077 0.00297303176852
0.454939773521 0.00297838821071
0.455205034964 0.00298366383387
0.455470296407 0.00298885298397
0.45573555785 0.00299395036624
0.456000819294 0.00299895143678
0.456266080737 0.00300385208756
0.45653134218 0.00300864892087
0.456796603623 0.00301333921187
0.457061865066 0.00301792124803
0.45732712651 0.00302239354712
0.457592387953 0.00302675519818
0.457857649396 0.00303100569119
0.458122910839 0.00303514515815
0.458388172282 0.0030391750484
0.458653433726 0.003043096299
0.458918695169 0.00304691003208
0.459183956612 0.00305061740843
0.459449218055 0.0030542195485
0.459714479499 0.00305771783674
0.459979740942 0.00306111426489
0.460245002385 0.00306441057621
0.460510263828 0.00306760832117
0.460775525271 0.0030707088829
0.461040786715 0.00307371356153
0.461306048158 0.00307662366976
0.461571309601 0.00307944113523
0.461836571044 0.00308216797495
0.462101832487 0.00308480543871
0.462367093931 0.00308735467356
0.462632355374 0.00308981688684
0.462897616817 0.00309219300006
0.46316287826 0.00309448365995
0.463428139703 0.00309668952415
0.463693401147 0.00309881128854
0.46395866259 0.00310084978814
0.464223924033 0.00310280584199
0.464489185476 0.00310468003317
0.46475444692 0.00310647286282
0.465019708363 0.00310818455374
0.465284969806 0.00310981670557
0.465550231249 0.00311137037449
0.465815492692 0.00311284616609
0.466080754136 0.00311424451087
0.466346015579 0.00311556609976
0.466611277022 0.00311681195488
0.466876538465 0.00311798253916
0.467141799908 0.00311907825667
0.467407061352 0.00312009950333
0.467672322795 0.00312104684412
0.467937584238 0.00312192035357
0.468202845681 0.00312272010257
0.468468107125 0.00312344626691
0.468733368568 0.00312409965274
0.468998630011 0.0031246807143
0.469263891454 0.00312518999705
0.469529152897 0.00312562795075
0.469794414341 0.00312599497031
0.470059675784 0.00312629142263
0.470324937227 0.00312651761189
0.47059019867 0.00312667383745
0.470855460113 0.00312676042906
0.471120721557 0.00312677769171
0.471385983 0.00312672514985
0.471651244443 0.00312660255463
0.471916505886 0.00312641000635
0.47218176733 0.00312614869962
0.472447028773 0.00312581909531
0.472712290216 0.00312542016717
0.472977551659 0.00312495163999
0.473242813102 0.00312441340666
0.473508074546 0.00312380506018
0.473773335989 0.00312312610435
0.474038597432 0.00312237611133
0.474303858875 0.00312155465905
0.474569120318 0.00312066235134
0.474834381762 0.00311970042334
0.475099643205 0.00311866833066
0.475364904648 0.00311756678024
0.475630166091 0.00311639618732
0.475895427534 0.00311515702328
0.476160688978 0.00311384914408
0.476425950421 0.00311247156583
0.476691211864 0.00311102474587
0.476956473307 0.00310950903958
0.477221734751 0.00310792566138
0.477486996194 0.00310627607465
0.477752257637 0.00310456018644
0.47801751908 0.00310277887101
0.478282780523 0.00310093253366
0.478548041967 0.00309902165748
0.47881330341 0.00309704650214
0.479078564853 0.00309500754558
0.479343826296 0.00309290667447
0.479609087739 0.00309074558984
0.479874349183 0.00308852588126
0.480139610626 0.00308624788595
0.480404872069 0.00308391313538
0.480670133512 0.00308152342812
0.480935394956 0.00307908069853
0.481200656399 0.00307658543224
0.481465917842 0.00307403922525
0.481731179285 0.00307144340686
0.481996440728 0.00306879852811
0.482261702172 0.00306610688531
0.482526963615 0.0030633708942
0.482792225058 0.00306059161544
0.483057486501 0.0030577710075
0.483322747944 0.00305491097523
0.483588009388 0.00305201419991
0.483853270831 0.00304908283263
0.484118532274 0.00304611913874
0.484383793717 0.00304312541665
0.48464905516 0.00304010438712
0.484914316604 0.00303705911918
0.485179578047 0.00303399259282
0.48544483949 0.00303090753969
0.485710100933 0.00302780593817
0.485975362377 0.00302468960944
0.48624062382 0.00302156075642
0.486505885263 0.00301842176058
0.486771146706 0.00301527490295
0.487036408149 0.00301212303098
0.487301669593 0.00300896871403
0.487566931036 0.00300581378238
0.487832192479 0.00300266056266
0.488097453922 0.00299951083846
0.488362715365 0.0029963663586
0.488627976809 0.00299322838789
0.488893238252 0.00299009796661
0.489158499695 0.00298697665953
0.489423761138 0.0029838650218
0.489689022582 0.00298076305985
0.489954284025 0.00297767118757
0.490219545468 0.00297459001116
0.490484806911 0.00297152049416
0.490750068354 0.00296846343117
0.491015329798 0.00296541957139
0.491280591241 0.00296238946329
0.491545852684 0.00295937302946
0.491811114127 0.00295636974694
0.49207637557 0.00295337944908
0.492341637014 0.00295040240199
0.492606898457 0.00294743852153
0.4928721599 0.00294448798863
0.493137421343 0.00294155119631
0.493402682786 0.00293862880287
0.49366794423 0.0029357214552
0.493933205673 0.00293282963781
0.494198467116 0.00292995401766
0.494463728559 0.00292709699064
0.494728990003 0.00292426159152
0.494994251446 0.00292144897597
0.495259512889 0.00291866031266
0.495524774332 0.00291589703072
0.495790035775 0.0029131597977
0.496055297219 0.00291044976596
0.496320558662 0.00290776806847
0.496585820105 0.0029051157952
0.496851081548 0.00290249414958
0.497116342991 0.00289990463731
0.497381604435 0.00289734808759
0.497646865878 0.00289482526908
0.497912127321 0.00289233675499
0.498177388764 0.00288988343996
0.498442650208 0.00288746608886
0.498707911651 0.00288508566018
0.498973173094 0.00288274308787
0.499238434537 0.00288043910677
0.49950369598 0.00287817274358
0.499768957424 0.00287594391625
0.500034218867 0.00287337461308
0.50029948031 0.00287081694766
0.500564741753 0.00286821736862
0.500830003196 0.00286558996909
0.50109526464 0.00286294906824
0.501360526083 0.00286030642821
0.501625787526 0.00285766949019
0.501891048969 0.00285504357702
0.502156310413 0.0028524323688
0.502421571856 0.00284983932153
0.502686833299 0.00284726779136
0.502952094742 0.00284472026385
0.503217356185 0.00284219857611
0.503482617629 0.00283970425676
0.503747879072 0.00283723853481
0.504013140515 0.00283480173591
0.504278401958 0.00283239418539
0.504543663401 0.00283001606743
0.504808924845 0.00282766730578
0.505074186288 0.00282534660415
0.505339447731 0.00282305191104
0.505604709174 0.00282078211977
0.505869970617 0.00281853579172
0.506135232061 0.00281631201334
0.506400493504 0.00281411007744
0.506665754947 0.00281192930095
0.50693101639 0.00280976944535
0.507196277834 0.00280763046033
0.507461539277 0.00280551146569
0.50772680072 0.00280341262456
0.507992062163 0.00280133445853
0.508257323606 0.00279927694676
0.50852258505 0.00279724031978
0.508787846493 0.00279522546852
0.509053107936 0.00279323342571
0.509318369379 0.00279126534596
0.509583630822 0.00278932231512
0.509848892266 0.00278740565346
0.510114153709 0.00278551660061
0.510379415152 0.00278365638507
0.510644676595 0.00278182442638
0.510909938039 0.00278002185698
0.511175199482 0.0027782501574
0.511440460925 0.00277651075105
0.511705722368 0.0027748042488
0.511970983811 0.00277313212021
0.512236245255 0.00277149573479
0.512501506698 0.00276989657514
0.512766768141 0.0027683363739
0.513032029584 0.00276681746635
0.513297291027 0.002765341803
0.513562552471 0.00276391119814
0.513827813914 0.00276252748004
0.514093075357 0.00276119238237
0.5143583368 0.00275990675344
0.514623598243 0.00275867219048
0.514888859687 0.00275749059102
0.51515412113 0.00275636356979
0.515419382573 0.00275529225641
0.515684644016 0.00275427849504
0.51594990546 0.00275332421753
0.516215166903 0.00275243131911
0.516480428346 0.00275160166306
0.516745689789 0.00275083712955
0.517010951232 0.00275013939244
0.517276212676 0.00274951006235
0.517541474119 0.00274895087208
0.517806735562 0.00274846324985
0.518071997005 0.00274804763282
0.518337258448 0.00274770566926
0.518602519892 0.00274743922611
0.518867781335 0.00274725078098
0.519133042778 0.00274714214311
0.519398304221 0.00274711537302
0.519663565665 0.00274717253548
0.519928827108 0.00274731567202
0.520194088551 0.00274754677837
0.520459349994 0.0027478679193
0.520724611437 0.0027482809927
0.520989872881 0.00274878798897
0.521255134324 0.00274938966888
0.521520395767 0.0027500876921
0.52178565721 0.00275088392062
0.522050918653 0.00275178038517
0.522316180097 0.00275277889354
0.52258144154 0.00275388259418
0.522846702983 0.00275509407398
0.523111964426 0.00275641579615
0.523377225869 0.00275784989258
0.523642487313 0.00275939873083
0.523907748756 0.00276106415318
0.524173010199 0.00276284747986
0.524438271642 0.00276475082897
0.524703533086 0.00276677634366
0.524968794529 0.00276892577601
0.525234055972 0.00277120141429
0.525499317415 0.00277360610762
0.525764578858 0.00277614228088
0.526029840302 0.00277881217536
0.526295101745 0.0027816175217
0.526560363188 0.00278455866783
0.526825624631 0.00278763752734
0.527090886074 0.00279085620504
0.527356147518 0.00279421710144
0.527621408961 0.0027977230307
0.527886670404 0.00280137505212
0.528151931847 0.00280517541208
0.528417193291 0.00280912540749
0.528682454734 0.00281322599894
0.528947716177 0.00281747801385
0.52921297762 0.00282188250124
0.529478239063 0.00282644088208
0.529743500507 0.00283115302562
0.53000876195 0.00283601663243
0.530274023393 0.00284103084952
0.530539284836 0.00284619687274
0.530804546279 0.00285151680693
0.531069807723 0.00285699180219
