0.000812182741117 0
0.00107763200151 0
0.0013430812619 0
0.0016085305223 0
0.00187397978269 0
0.00213942904308 0
0.00240487830348 0
0.00267032756387 0
0.00293577682426 0
0.00320122608466 0
0.00346667534505 0
0.00373212460544 0
0.00399757386584 0
0.00426302312623 0
0.00452847238663 0
0.00479392164702 0
0.00505937090741 0
0.00532482016781 0
0.0055902694282 0
0.00585571868859 0
0.00612116794899 0
0.00638661720938 0
0.00665206646977 0
0.00691751573017 0
0.00718296499056 0
0.00744841425095 0
0.00771386351135 0
0.00797931277174 0
0.00824476203213 0
0.00851021129253 0
0.00877566055292 0
0.00904110981331 0
0.00930655907371 0
0.0095720083341 0
0.00983745759449 0
0.0101029068549 0
0.0103683561153 0
0.0106338053757 0
0.0108992546361 0
0.0111647038965 0
0.0114301531569 0
0.0116956024172 0
0.0119610516776 0
0.012226500938 0
0.0124919501984 0
0.0127573994588 0
0.0130228487192 0
0.0132882979796 0
0.01355374724 0
0.0138191965004 0
0.0140846457608 0
0.0143500950212 -1.24130048292e-06
0.0146155442816 -2.41008122127e-06
0.014880993542 -3.5073375287e-06
0.0151464428024 -4.53412495413e-06
0.0154118920628 -5.49172164003e-06
0.0156773413232 -6.38083188552e-06
0.0159427905835 -7.20219842289e-06
0.0162082398439 -7.95631811369e-06
0.0164736891043 -8.64374154325e-06
0.0167391383647 -9.26533174638e-06
0.0170045876251 -9.8224874321e-06
0.0172700368855 -1.03165622523e-05
0.0175354861459 -1.07481439605e-05
0.0178009354063 -1.11177124654e-05
0.0180663846667 -1.14255262758e-05
0.0183318339271 -1.16720485792e-05
0.0185972831875 -1.18574846946e-05
0.0188627324479 -1.19820092517e-05
0.0191281817083 -1.20456906056e-05
0.0193936309687 -1.20486210941e-05
0.0196590802291 -1.19910019764e-05
0.0199245294894 -1.18726408328e-05
0.0201899787498 -1.16928370251e-05
0.0204554280102 -1.1451074721e-05
0.0207208772706 -1.11469125203e-05
0.020986326531 -1.07799164025e-05
0.0212517757914 -1.03495241065e-05
0.0215172250518 -9.85525869832e-06
0.0217826743122 -9.29670027073e-06
0.0220481235726 -8.67387321037e-06
0.022313572833 -7.98636129963e-06
0.0225790220934 -7.23362365967e-06
0.0228444713538 -6.41515066525e-06
0.0231099206142 -5.53024283572e-06
0.0233753698746 -4.57850511547e-06
0.023640819135 -3.55864961272e-06
0.0239062683953 -2.46962300346e-06
0.0241717176557 -1.31048320857e-06
0.0244371669161 -8.0360695015e-08
0.0247026161765 1.22154887386e-06
0.0249680654369 2.59616940556e-06
0.0252335146973 4.04426748402e-06
0.0254989639577 5.56676323338e-06
0.0257644132181 7.16470250495e-06
0.0260298624785 8.83889784001e-06
0.0262953117389 1.05912132866e-05
0.0265607609993 1.24228335674e-05
0.0268262102597 1.43350012367e-05
0.0270916595201 1.63288365934e-05
0.0273571087805 1.84059944341e-05
0.0276225580409 2.05680298064e-05
0.0278880073013 2.28154529272e-05
0.0281534565616 2.51489205864e-05
0.028418905822 2.75706410801e-05
0.0286843550824 3.00827653464e-05
0.0289498043428 3.26868333247e-05
0.0292152536032 3.5383251852e-05
0.0294807028636 3.81739753002e-05
0.029746152124 4.10607534326e-05
0.0300116013844 4.4044293419e-05
0.0302770506448 4.71252226858e-05
0.0305424999052 5.03028620555e-05
0.0308079491656 5.3577674825e-05
0.031073398426 5.69488205774e-05
0.0313388476864 6.04171859313e-05
0.0316042969468 6.39845944978e-05
0.0318697462072 6.7652389304e-05
0.0321351954675 7.14207936287e-05
0.0324006447279 7.5291712501e-05
0.0326660939883 7.92647318716e-05
0.0329315432487 8.334154512e-05
0.0331969925091 8.75230962423e-05
0.0334624417695 9.18124834625e-05
0.0337278910299 9.62112952943e-05
0.0339933402903 0.000100721388213
0.0342587895507 0.000105344573126
0.0345242388111 0.000110082708239
0.0347896880715 0.000114937022019
0.0350551373319 0.000119904708275
0.0353205865923 0.000124986154446
0.0355860358527 0.000130182077013
0.0358514851131 0.000135493339399
0.0361169343734 0.000140922101471
0.0363823836338 0.000146469010585
0.0366478328942 0.000152134506079
0.0369132821546 0.000157918573983
0.037178731415 0.000163822227212
0.0374441806754 0.000169845639687
0.0377096299358 0.000175988711004
0.0379750791962 0.000182252230723
0.0382405284566 0.000188636064651
0.038505977717 0.000195140981532
0.0387714269774 0.000201765917198
0.0390368762378 0.000208509473226
0.0393023254982 0.00021536998005
0.0395677747586 0.000222347209841
0.039833224019 0.000229439863277
0.0400986732793 0.000236645364008
0.0403641225397 0.000243960605747
0.0406295718001 0.000251381384941
0.0408950210605 0.000258903076271
0.0411604703209 0.000266519654006
0.0414259195813 0.000274226534776
0.0416913688417 0.000282018509898
0.0419568181021 0.00028988987247
0.0422222673625 0.00029783734287
0.0424877166229 0.000305856344677
0.0427531658833 0.000313940539967
0.0430186151437 0.000322082432827
0.0432840644041 0.00033027419653
0.0435495136645 0.000338508195742
0.0438149629249 0.000346776455557
0.0440804121853 0.000355070759649
0.0443458614456 0.000363382586905
0.044611310706 0.000371703341153
0.0448767599664 0.000380024752047
0.0451422092268 0.000388340956601
0.0454076584872 0.000396642676246
0.0456731077476 0.000404921082116
0.045938557008 0.000413166634754
0.0462040062684 0.000421370623877
0.0464694555288 0.00042952467461
0.0467349047892 0.000437620739244
0.0470003540496 0.000445651749153
0.04726580331 0.00045361094468
0.0475312525704 0.000461491605911
0.0477967018308 0.000469288271322
0.0480621510912 0.00047699782349
0.0483276003515 0.000484615401643
0.0485930496119 0.000492136559514
0.0488584988723 0.000499557517307
0.0491239481327 0.000506874788699
0.0493893973931 0.000514085317863
0.0496548466535 0.000521186459618
0.0499202959139 0.00052817589079
0.0501857451743 0.000534834056768
0.0504511944347 0.00054143960034
0.0507166436951 0.000547919207512
0.0509820929555 0.000554271916591
0.0512475422159 0.000560508967433
0.0515129914763 0.000566643831276
0.0517784407367 0.000572687695754
0.0520438899971 0.000578649374481
0.0523093392574 0.000584535464834
0.0525747885178 0.000590351438011
0.0528402377782 0.000596101183008
0.0531056870386 0.000601786957259
0.053371136299 0.000607409864973
0.0536365855594 0.000612969856991
0.0539020348198 0.000618466931405
0.0541674840802 0.000623899564849
0.0544329333406 0.000629265300932
0.054698382601 0.000634561159598
0.0549638318614 0.000639784092444
0.0552292811218 0.000644930948114
0.0554947303822 0.000649998574055
0.0557601796426 0.000654983647199
0.056025628903 0.000659883037972
0.0562910781634 0.000664693937627
0.0565565274237 0.000669413524779
0.0568219766841 0.000674039159102
0.0570874259445 0.000678568712382
0.0573528752049 0.000683000261706
0.0576183244653 0.000687332284095
0.0578837737257 0.000691563528308
0.0581492229861 0.00069569350114
0.0584146722465 0.00069972195913
0.0586801215069 0.000703648716712
0.0589455707673 0.000707474030028
0.0592110200277 0.000711198477117
0.0594764692881 0.00071482251875
0.0597419185485 0.000718346813403
0.0600073678089 0.000721772233893
0.0602728170693 0.000725099821872
0.0605382663296 0.000728330727498
0.06080371559 0.000731466713866
0.0610691648504 0.000734509461749
0.0613346141108 0.00073746062142
0.0616000633712 0.000740321705222
0.0618655126316 0.00074309424968
0.062130961892 0.000745779741307
0.0623964111524 0.000748379684805
0.0626618604128 0.000750895514065
0.0629273096732 0.000753328560415
0.0631927589336 0.000755679942332
0.063458208194 0.000757951261102
0.0637236574544 0.000760144407518
0.0639891067148 0.000762260840492
0.0642545559752 0.000764301834027
0.0645200052355 0.000766268662976
0.0647854544959 0.000768162534203
0.0650509037563 0.000769984415818
0.0653163530167 0.000771735296914
0.0655818022771 0.000773416057646
0.0658472515375 0.000775027609605
0.0661127007979 0.000776571016617
0.0663781500583 0.000778046872616
0.0666435993187 0.000779456190637
0.0669090485791 0.000780800043678
0.0671744978395 0.000782079168124
0.0674399470999 0.000783294104735
0.0677053963603 0.000784445350725
0.0679708456207 0.000785533458642
0.0682362948811 0.000786559102203
0.0685017441415 0.000787522725434
0.0687671934018 0.000788424191114
0.0690326426622 0.000789263759786
0.0692980919226 0.000790041684117
0.069563541183 0.000790758149339
0.0698289904434 0.000791413797757
0.0700944397038 0.000792009519107
0.0703598889642 0.000792545745093
0.0706253382246 0.000793022871415
0.070890787485 0.00079344132536
0.0711562367454 0.00079380111444
0.0714216860058 0.000794102511219
0.0716871352662 0.000794345617859
0.0719525845266 0.000794530527188
0.072218033787 0.00079465735961
0.0724834830474 0.000794726133749
0.0727489323077 0.000794736322867
0.0730143815681 0.000794688801613
0.0732798308285 0.000794583965426
0.0735452800889 0.000794421026096
0.0738107293493 0.000794199251252
0.0740761786097 0.000793918571739
0.0743416278701 0.000793579118842
0.0746070771305 0.000793181054704
0.0748725263909 0.000792724994807
0.0751379756513 0.000792210765699
0.0754034249117 0.000791637968706
0.0756688741721 0.000791007621412
0.0759343234325 0.000790320358329
0.0761997726929 0.000789576760597
0.0764652219533 0.000788776700505
0.0767306712136 0.000787919825728
0.076996120474 0.000787006647524
0.0772615697344 0.000786037708585
0.0775270189948 0.000785013710801
0.0777924682552 0.000783935280878
0.0780579175156 0.000782802784787
0.078323366776 0.00078161704912
0.0785888160364 0.000780378845094
0.0788542652968 0.000779088512376
0.0791197145572 0.00077774655464
0.0793851638176 0.000776352938294
0.079650613078 0.000774908810227
0.0799160623384 0.000773415511641
0.0801815115988 0.00077187506532
0.0804469608592 0.000770287656654
0.0807124101196 0.000768654008528
0.0809778593799 0.000766975245248
0.0812433086403 0.000765252833945
0.0815087579007 0.000763488144143
0.0817742071611 0.000761681817602
0.0820396564215 0.000759835621043
0.0823051056819 0.000757950438727
0.0825705549423 0.000756027229389
0.0828360042027 0.000754067763078
0.0831014534631 0.000752074157649
0.0833669027235 0.000750047250954
0.0836323519839 0.000747988615778
0.0838978012443 0.000745899973853
0.0841632505047 0.000743783226643
0.0844286997651 0.000741640800236
0.0846941490255 0.000739474308665
0.0849595982858 0.000737285579673
0.0852250475462 0.000735076554306
0.0854904968066 0.000732849531676
0.085755946067 0.000730607093201
0.0860213953274 0.000728351499601
0.0862868445878 0.000726084869283
0.0865522938482 0.000723808174542
0.0868177431086 0.000721523392647
0.087083192369 0.000719232674157
0.0873486416294 0.000716938206079
0.0876140908898 0.000714642217814
0.0878795401502 0.000712347072083
0.0881449894106 0.000710055105196
0.088410438671 0.000707768642182
0.0886758879314 0.000705489687783
0.0889413371917 0.000703220332991
0.0892067864521 0.000700962479362
0.0894722357125 0.000698717314056
0.0897376849729 0.000696485869215
0.0900031342333 0.000694269577179
0.0902685834937 0.00069207025452
0.0905340327541 0.00068988918028
0.0907994820145 0.000687727104841
0.0910649312749 0.000685584584412
0.0913303805353 0.000683462591636
0.0915958297957 0.000681362079702
0.0918612790561 0.000679284015213
0.0921267283165 0.00067722930875
0.0923921775769 0.000675198799809
0.0926576268373 0.000673193287884
0.0929230760977 0.000671212373636
0.093188525358 0.000669256185809
0.0934539746184 0.000667325492421
0.0937194238788 0.000665420808433
0.0939848731392 0.000663542119422
0.0942503223996 0.000661689524687
0.09451577166 0.000659863306636
0.0947812209204 0.000658063838538
0.0950466701808 0.000656291582668
0.0953121194412 0.000654547058224
0.0955775687016 0.000652830794332
0.095843017962 0.000651142718743
0.0961084672224 0.000649484100666
0.0963739164828 0.000647857192385
0.0966393657432 0.000646263117299
0.0969048150036 0.000644702626119
0.0971702642639 0.000643176581855
0.0974357135243 0.00064168533148
0.0977011627847 0.000640229080614
0.0979666120451 0.000638807617466
0.0982320613055 0.000637421360943
0.0984975105659 0.000636070684445
0.0987629598263 0.000634756502369
0.0990284090867 0.000633479484983
0.0992938583471 0.000632239804968
0.0995593076075 0.00063103760944
0.0998247568679 0.000629873194286
0.100090206128 0.000628444412633
0.100355655389 0.000627033189577
0.100621104649 0.000625592115333
0.100886553909 0.000624132481507
0.10115200317 0.000622667991899
0.10141745243 0.000621207751078
0.101682901691 0.000619756677929
0.101948350951 0.00061831815239
0.102213800211 0.000616894297685
0.102479249472 0.000615486447227
0.102744698732 0.000614095525387
0.103010147993 0.000612722333856
0.103275597253 0.000611367350068
0.103541046513 0.000610030535522
0.103806495774 0.000608712087696
0.104071945034 0.000607412177297
0.104337394295 0.00060613095241
0.104602843555 0.000604868455865
0.104868292815 0.000603624281927
0.105133742076 0.000602398142288
0.105399191336 0.000601189747232
0.105664640597 0.000599998823118
0.105930089857 0.000598825026305
0.106195539117 0.000597667876048
0.106460988378 0.000596526776468
0.106726437638 0.000595401464848
0.106991886899 0.000594291767979
0.107257336159 0.000593197546762
0.107522785419 0.000592118465464
0.10778823468 0.00059105417006
0.10805368394 0.000590004278814
0.1083191332 0.000588968445342
0.108584582461 0.000587946890785
0.108850031721 0.000586940022432
0.109115480982 0.000585948304604
0.109380930242 0.000584972338796
0.109646379502 0.000584012798538
0.109911828763 0.000583070277016
0.110177278023 0.000582145117278
0.110442727284 0.00058123793314
0.110708176544 0.000580349258564
0.110973625804 0.000579480126646
0.111239075065 0.000578631700146
0.111504524325 0.000577805205748
0.111769973586 0.000577001799582
0.112035422846 0.000576222722024
0.112300872106 0.000575469152631
0.112566321367 0.000574742056276
0.112831770627 0.000574042602222
0.113097219888 0.000573372048241
0.113362669148 0.000572731681461
0.113628118408 0.000572122584854
0.113893567669 0.000571545285638
0.114159016929 0.000571001096323
0.11442446619 0.000570491366908
0.11468991545 0.000570017443534
0.11495536471 0.000569580687338
0.115220813971 0.000569182272616
0.115486263231 0.000568823174575
0.115751712491 0.000568504612768
0.116017161752 0.000568227898712
0.116282611012 0.000567994320906
0.116548060273 0.000567805065537
0.116813509533 0.000567661421667
0.117078958793 0.000567564420371
0.117344408054 0.000567514847307
0.117609857314 0.000567514588911
0.117875306575 0.000567565373038
0.118140755835 0.000567668827633
0.118406205095 0.000567826584173
0.118671654356 0.00056803993387
0.118937103616 0.000568310333069
0.119202552877 0.000568639469073
0.119468002137 0.000569028900116
0.119733451397 0.000569480170866
0.119998900658 0.000569994800804
0.120264349918 0.000570574041096
0.120529799179 0.000571218588139
0.120795248439 0.000571929874122
0.121060697699 0.000572709379026
0.12132614696 0.000573558586564
0.12159159622 0.000574478938391
0.121857045481 0.000575472683147
0.122122494741 0.000576541701861
0.122387944001 0.000577687782508
0.122653393262 0.000578912770434
0.122918842522 0.00058021845435
0.123184291783 0.000581606429002
0.123449741043 0.000583077694662
0.123715190303 0.00058463376481
0.123980639564 0.000586276268741
0.124246088824 0.000588006662463
0.124511538084 0.000589826435807
0.124776987345 0.000591737844138
0.125042436605 0.000593742933398
0.125307885866 0.000595843594727
0.125573335126 0.000598041740596
0.125838784386 0.000600338935082
0.126104233647 0.000602736025566
0.126369682907 0.000605234438103
0.126635132168 0.000607835772549
0.126900581428 0.00061054186145
0.127166030688 0.000613355145967
0.127431479949 0.000616277261886
0.127696929209 0.000619309625832
0.12796237847 0.00062245392284
0.12822782773 0.000625711050655
0.12849327699 0.000629082623094
0.128758726251 0.000632569325096
0.129024175511 0.000636171959029
0.129289624772 0.000639892918049
0.129555074032 0.000643730583012
0.129820523292 0.000647685648513
0.130085972553 0.000651757834911
0.130351421813 0.000655948475966
0.130616871074 0.000660259470607
0.130882320334 0.000664692561982
0.131147769594 0.000669247776658
0.131413218855 0.000673928164516
0.131678668115 0.000678736436928
0.131944117375 0.000683672519494
0.132209566636 0.00068873740484
0.132475015896 0.000693932028513
0.132740465157 0.000699256076195
0.133005914417 0.000704708581998
0.133271363677 0.000710290892771
0.133536812938 0.000716003606304
0.133802262198 0.000721847733466
0.134067711459 0.000727821838601
0.134333160719 0.000733923280442
0.134598609979 0.000740152795287
0.13486405924 0.000746510298036
0.1351295085 0.000752995160645
0.135394957761 0.000759606493447
0.135660407021 0.00076634461865
0.135925856281 0.000773209521649
0.136191305542 0.000780201685828
0.136456754802 0.000787319561197
0.136722204063 0.000794561415936
0.136987653323 0.000801925014422
0.137253102583 0.000809408020094
0.137518551844 0.000817009118466
0.137784001104 0.000824726181632
0.138049450365 0.000832555736213
0.138314899625 0.000840493187171
0.138580348885 0.000848533725397
0.138845798146 0.000856671312384
0.139111247406 0.000864900893372
0.139376696667 0.000873217317891
0.139642145927 0.000881614226507
0.139907595187 0.000890085391584
0.140173044448 0.00089862700405
0.140438493708 0.000907232337833
0.140703942968 0.000915894530745
0.140969392229 0.00092460648244
0.141234841489 0.000933360563051
0.14150029075 0.000942148843447
0.14176574001 0.000950963172764
0.14203118927 0.00095979516721
0.142296638531 0.000968636546026
0.142562087791 0.000977479850587
0.142827537052 0.000986317137202
0.143092986312 0.000995138611091
0.143358435572 0.00100393557709
0.143623884833 0.00101269976804
0.143889334093 0.00102142293059
0.144154783354 0.00103009719388
0.144420232614 0.00103871518271
0.144685681874 0.00104726987577
0.144951131135 0.00105575503747
0.145216580395 0.00106416697774
0.145482029656 0.00107250089347
0.145747478916 0.0010807512114
0.146012928176 0.00108891291041
0.146278377437 0.0010969812083
0.146543826697 0.00110495171407
0.146809275958 0.0011128206356
0.147074725218 0.00112058487673
0.147340174478 0.00112824179915
0.147605623739 0.00113578930815
0.147871072999 0.00114322637196
0.148136522259 0.00115055159587
0.14840197152 0.00115776389499
0.14866742078 0.00116486263334
0.148932870041 0.00117184764145
0.149198319301 0.00117871944635
0.149463768561 0.001185479029
0.149729217822 0.00119212748918
0.149994667082 0.00119872442572
0.150260116343 0.00120493054284
0.150525565603 0.00121109913123
0.150791014863 0.0012171602491
0.151056464124 0.00122311272217
0.151321913384 0.00122896785667
0.151587362645 0.00123473879731
0.151852811905 0.00124043705885
0.152118261165 0.00124607228455
0.152383710426 0.00125165236346
0.152649159686 0.0012571832111
0.152914608947 0.00126266923479
0.153180058207 0.00126811325838
0.153445507467 0.00127351658142
0.153710956728 0.0012788803568
0.153976405988 0.00128420414817
0.154241855249 0.00128948613363
0.154507304509 0.001294723677
0.154772753769 0.00129991366237
0.15503820303 0.00130505282881
0.15530365229 0.0013101374878
0.155569101551 0.00131516377367
0.155834550811 0.00132012788782
0.156100000071 0.00132502605679
0.156365449332 0.00132985469463
0.156630898592 0.00133461038102
0.156896347852 0.00133928992725
0.157161797113 0.00134389054908
0.157427246373 0.00134840977847
0.157692695634 0.00135284609648
0.157958144894 0.00135719819375
0.158223594154 0.00136146514513
0.158489043415 0.00136564592216
0.158754492675 0.00136973978976
0.159019941936 0.00137374624958
0.159285391196 0.00137766505141
0.159550840456 0.00138149621993
0.159816289717 0.00138523992064
0.160081738977 0.00138889700729
0.160347188238 0.00139246845551
0.160612637498 0.00139595504811
0.160878086758 0.00139935757478
0.161143536019 0.00140267681616
0.161408985279 0.00140591358855
0.16167443454 0.00140906878201
0.1619398838 0.00141214327285
0.16220533306 0.00141513790123
0.162470782321 0.00141805368732
0.162736231581 0.00142089194215
0.163001680842 0.00142365367774
0.163267130102 0.00142633982731
0.163532579362 0.00142895135681
0.163798028623 0.0014314892228
0.164063477883 0.00143395413726
0.164328927143 0.00143634678509
0.164594376404 0.00143866792865
0.164859825664 0.00144091861994
0.165125274925 0.00144309940074
0.165390724185 0.00144521094388
0.165656173445 0.00144725447462
0.165921622706 0.00144923068647
0.166187071966 0.00145114014327
0.166452521227 0.00145298326687
0.166717970487 0.00145476046954
0.166983419747 0.0014564723711
0.167248869008 0.00145811947837
0.167514318268 0.00145970229527
0.167779767529 0.00146122121381
0.168045216789 0.00146267654775
0.168310666049 0.00146406837665
0.16857611531 0.00146539697784
0.16884156457 0.00146666322036
0.169107013831 0.00146786767679
0.169372463091 0.00146901081205
0.169637912351 0.0014700930154
0.169903361612 0.00147111490605
0.170168810872 0.00147207706789
0.170434260133 0.00147297986374
0.170699709393 0.00147382321346
0.170965158653 0.00147460684848
0.171230607914 0.00147533088828
0.171496057174 0.00147599539521
0.171761506435 0.00147660163297
0.172026955695 0.0014771501044
0.172292404955 0.00147764057706
0.172557854216 0.00147807311891
0.172823303476 0.00147844791445
0.173088752736 0.00147876504567
0.173354201997 0.00147902332866
0.173619651257 0.00147922228781
0.173885100518 0.00147936223983
0.174150549778 0.00147944321879
0.174415999038 0.00147946602878
0.174681448299 0.00147943096407
0.174946897559 0.00147933796012
0.17521234682 0.00147918751936
0.17547779608 0.00147898014761
0.17574324534 0.00147871623323
0.176008694601 0.00147839514541
0.176274143861 0.00147801698805
0.176539593122 0.00147758217968
0.176805042382 0.00147709195252
0.177070491642 0.0014765474237
0.177335940903 0.00147594881171
0.177601390163 0.0014752965314
0.177866839424 0.00147459114176
0.178132288684 0.00147383304274
0.178397737944 0.00147302279677
0.178663187205 0.00147216040109
0.178928636465 0.00147124683229
0.179194085726 0.00147028361239
0.179459534986 0.00146927210929
0.179724984246 0.00146821304633
0.179990433507 0.00146710677813
0.180255882767 0.00146595448533
0.180521332027 0.00146475759808
0.180786781288 0.00146351747844
0.181052230548 0.00146223450932
0.181317679809 0.00146091036435
0.181583129069 0.0014595462279
0.181848578329 0.00145814319344
0.18211402759 0.00145670218925
0.18237947685 0.00145522502165
0.182644926111 0.00145371309729
0.182910375371 0.00145216738725
0.183175824631 0.00145058957492
0.183441273892 0.00144898125609
0.183706723152 0.00144734435635
0.183972172413 0.00144568080203
0.184237621673 0.00144399236032
0.184503070933 0.00144228102577
0.184768520194 0.00144054883948
0.185033969454 0.00143879804551
0.185299418715 0.00143703073278
0.185564867975 0.00143524868676
0.185830317235 0.00143345354627
0.186095766496 0.00143164730667
0.186361215756 0.00142983271855
0.186626665017 0.00142801174163
0.186892114277 0.00142618575075
0.187157563537 0.00142435648354
0.187423012798 0.0014225258434
0.187688462058 0.00142069579281
0.187953911319 0.00141886815179
0.188219360579 0.00141704349866
0.188484809839 0.00141522243892
0.1887502591 0.00141340601709
0.18901570836 0.00141159584232
0.18928115762 0.00140979303858
0.189546606881 0.00140799857662
0.189812056141 0.00140621382977
0.190077505402 0.00140443936817
0.190342954662 0.00140267588564
0.190608403922 0.00140092417941
0.190873853183 0.00139918513381
0.191139302443 0.00139745953488
0.191404751704 0.00139574786976
0.191670200964 0.00139404985044
0.191935650224 0.00139236545138
0.192201099485 0.0013906950314
0.192466548745 0.00138903911355
0.192731998006 0.00138739797723
0.192997447266 0.00138577160873
0.193262896526 0.00138416018424
0.193528345787 0.0013825640615
0.193793795047 0.00138098362925
0.194059244308 0.00137941926706
0.194324693568 0.00137787151129
0.194590142828 0.00137634069822
0.194855592089 0.00137482723072
0.195121041349 0.00137333269
0.19538649061 0.00137185911883
0.19565193987 0.00137040817401
0.19591738913 0.00136898074747
0.196182838391 0.00136757735009
0.196448287651 0.00136619847844
0.196713736911 0.00136484460295
0.196979186172 0.00136351607052
0.197244635432 0.00136221341076
0.197510084693 0.00136093723972
0.197775533953 0.00135968826543
0.198040983213 0.00135846657234
0.198306432474 0.00135727227884
0.198571881734 0.00135610574708
0.198837330995 0.0013549671748
0.199102780255 0.00135385709713
0.199368229515 0.00135277617356
0.199633678776 0.00135172483339
0.199899128036 0.00135070344543
0.200164577297 0.00134940989571
0.200430026557 0.00134812670045
0.200695475817 0.00134680618572
0.200960925078 0.00134545989954
0.201226374338 0.00134410152616
0.201491823599 0.00134274026059
0.201757272859 0.00134138180358
0.202022722119 0.0013400298438
0.20228817138 0.00133868670009
0.20255362064 0.00133735415849
0.202819069901 0.00133603338939
0.203084519161 0.00133472553196
0.203349968421 0.00133343157515
0.203615417682 0.0013321518703
0.203880866942 0.00133088667962
0.204146316203 0.00132963644759
0.204411765463 0.00132840140643
0.204677214723 0.001327181736
0.204942663984 0.0013259772821
0.205208113244 0.00132478770034
0.205473562504 0.00132361283847
0.205739011765 0.0013224525914
0.206004461025 0.00132130678396
0.206269910286 0.0013201750724
0.206535359546 0.00131905679462
0.206800808806 0.00131795182276
0.207066258067 0.00131686002229
0.207331707327 0.00131578123651
0.207597156588 0.00131471544225
0.207862605848 0.00131366220959
0.208128055108 0.00131262158358
0.208393504369 0.00131159310701
0.208658953629 0.0013105769269
0.20892440289 0.00130957351314
0.20918985215 0.00130858342995
0.20945530141 0.00130760732784
0.209720750671 0.00130664591684
0.209986199931 0.0013057000259
0.210251649192 0.00130477016531
0.210517098452 0.00130385705482
0.210782547712 0.00130296087283
0.211047996973 0.00130208262823
0.211313446233 0.00130122363617
0.211578895494 0.00130038524776
0.211844344754 0.00129956869073
0.212109794014 0.00129877524913
0.212375243275 0.00129800624103
0.212640692535 0.00129726290116
0.212906141795 0.00129654613208
0.213171591056 0.00129585723787
0.213437040316 0.00129519757098
0.213702489577 0.00129456850079
0.213967938837 0.00129397061704
0.214233388097 0.00129340502088
0.214498837358 0.00129287309431
0.214764286618 0.00129237619152
0.215029735879 0.0012919156945
0.215295185139 0.00129149297689
0.215560634399 0.0012911090861
0.21582608366 0.001290765077
0.21609153292 0.001290462278
0.216356982181 0.00129020204517
0.216622431441 0.00128998566044
0.216887880701 0.00128981440455
0.217153329962 0.00128968964628
0.217418779222 0.00128961186216
0.217684228483 0.00128958252471
0.217949677743 0.00128960358969
0.218215127003 0.00128967672276
0.218480576264 0.00128980359255
0.218746025524 0.00128998567344
0.219011474785 0.00129022432196
0.219276924045 0.00129052123883
0.219542373305 0.0012908780166
0.219807822566 0.00129129621892
0.220073271826 0.00129177739154
0.220338721087 0.00129232300904
0.220604170347 0.00129293373959
0.220869619607 0.00129361088214
0.221135068868 0.00129435594801
0.221400518128 0.00129517046289
0.221665967388 0.00129605588283
0.221931416649 0.00129701426565
0.222196865909 0.00129804760814
0.22246231517 0.00129915772897
0.22272776443 0.00130034649633
0.22299321369 0.00130161571801
0.223258662951 0.00130296711817
0.223524112211 0.00130440163117
0.223789561472 0.00130592076201
0.224055010732 0.00130752619011
0.224320459992 0.00130921936574
0.224585909253 0.00131100182547
0.224851358513 0.00131287561305
0.225116807774 0.00131484295547
0.225382257034 0.00131690578174
0.225647706294 0.00131906602829
0.225913155555 0.00132132528737
0.226178604815 0.00132368439308
0.226444054076 0.00132614480121
0.226709503336 0.00132870815406
0.226974952596 0.00133137624733
0.227240401857 0.00133415143757
0.227505851117 0.0013370354672
0.227771300378 0.00134002985778
0.228036749638 0.00134313633887
0.228302198898 0.00134635568379
0.228567648159 0.00134968967566
0.228833097419 0.0013531388872
0.229098546679 0.00135670402064
0.22936399594 0.00136038731395
0.2296294452 0.00136418699367
0.229894894461 0.00136810410301
0.230160343721 0.00137213864944
0.230425792981 0.00137629202934
0.230691242242 0.00138056626467
0.230956691502 0.00138496267307
0.231222140763 0.00138948183453
0.231487590023 0.00139412717573
0.231753039283 0.00139890115733
0.232018488544 0.0014038032363
0.232283937804 0.00140883491318
0.232549387065 0.00141399645882
0.232814836325 0.00141928759191
0.233080285585 0.00142470808463
0.233345734846 0.00143025933074
0.233611184106 0.00143594180345
0.233876633367 0.00144175665371
0.234142082627 0.00144770130197
0.234407531887 0.00145377420424
0.234672981148 0.00145997630082
0.234938430408 0.00146630735494
0.235203879669 0.0014727667027
0.235469328929 0.00147935363825
0.235734778189 0.0014860690218
0.23600022745 0.00149291272069
0.23626567671 0.00149988467146
0.236531125971 0.00150698365859
0.236796575231 0.00151420783129
0.237062024491 0.00152155491849
0.237327473752 0.00152902263176
0.237592923012 0.00153661000336
0.237858372272 0.00154431455766
0.238123821533 0.00155213271601
0.238389270793 0.00156005949949
0.238654720054 0.00156809043919
0.238920169314 0.00157621888313
0.239185618574 0.00158444047276
0.239451067835 0.00159274993784
0.239716517095 0.00160114035979
0.239981966356 0.00160960655458
0.240247415616 0.00161814399921
0.240512864876 0.00162674583982
0.240778314137 0.00163540527744
0.241043763397 0.00164411510159
0.241309212658 0.00165286764482
0.241574661918 0.00166165479634
0.241840111178 0.0016704682923
0.242105560439 0.00167929978708
0.242371009699 0.0016881407811
0.24263645896 0.00169698444875
0.24290190822 0.0017058214834
0.24316735748 0.00171464262593
0.243432806741 0.00172343927335
0.243698256001 0.00173220309839
0.243963705262 0.00174092576
0.244229154522 0.00174959943292
0.244494603782 0.0017582167561
0.244760053043 0.001766770731
0.245025502303 0.00177525543823
0.245290951563 0.00178366753651
0.245556400824 0.00179200148329
0.245821850084 0.00180025169457
0.246087299345 0.00180841309619
0.246352748605 0.00181648066607
0.246618197865 0.00182445007634
0.246883647126 0.00183231757816
0.247149096386 0.00184008012555
0.247414545647 0.00184773516715
0.247679994907 0.00185528067497
0.247945444167 0.00186271556378
0.248210893428 0.00187003823222
0.248476342688 0.00187724762026
0.248741791949 0.0018843430534
0.249007241209 0.00189132453611
0.249272690469 0.00189819271583
0.24953813973 0.00190494857627
0.24980358899 0.00191159314395
0.250069038251 0.00191791117982
0.250334487511 0.0019241875228
0.250599936771 0.00193034916717
0.250865386032 0.00193639632898
0.251130835292 0.0019423423099
0.251396284553 0.00194820213787
0.251661733813 0.0019539882408
0.251927183073 0.00195971045841
0.252192632334 0.00196537669815
0.252458081594 0.00197099285499
0.252723530855 0.00197656309189
0.252988980115 0.00198209019099
0.253254429375 0.00198757535983
0.253519878636 0.00199301967619
0.253785327896 0.00199842268041
0.254050777156 0.00200378261219
0.254316226417 0.00200909693281
0.254581675677 0.00201436259388
0.254847124938 0.00201957634649
0.255112574198 0.00202473468551
0.255378023458 0.0020298339049
0.255643472719 0.00203487031905
0.255908921979 0.00203984023453
0.25617437124 0.00204474010678
0.2564398205 0.00204956661559
0.25670526976 0.00205431664277
0.256970719021 0.00205898736905
0.257236168281 0.00206357637263
0.257501617542 0.00206808185018
0.257767066802 0.00207250252192
0.258032516062 0.00207683772926
0.258297965323 0.00208108641579
0.258563414583 0.00208524790111
0.258828863844 0.00208932167663
0.259094313104 0.00209330751265
0.259359762364 0.00209720539973
0.259625211625 0.00210101554247
0.259890660885 0.00210473849741
0.260156110146 0.0021083753449
0.260421559406 0.00211192700986
0.260687008666 0.00211539430864
0.260952457927 0.00211877808635
0.261217907187 0.00212207915912
0.261483356447 0.00212529841081
0.261748805708 0.00212843676161
0.262014254968 0.00213149507292
0.262279704229 0.00213447418838
0.262545153489 0.00213737549395
0.262810602749 0.00214020003062
0.26307605201 0.00214294878389
0.26334150127 0.00214562263208
0.263606950531 0.00214822262895
0.263872399791 0.00215074956933
0.264137849051 0.00215320410785
0.264403298312 0.00215558691673
0.264668747572 0.00215789893844
0.264934196833 0.00216014095401
0.265199646093 0.00216231347576
0.265465095353 0.00216441765463
0.265730544614 0.00216645433213
0.265995993874 0.0021684241599
0.266261443135 0.00217032758064
0.266526892395 0.00217216499134
0.266792341655 0.0021739368547
0.267057790916 0.00217564380355
0.267323240176 0.00217728623932
0.267588689437 0.00217886467528
0.267854138697 0.00218037943779
0.268119587957 0.00218183082913
0.268385037218 0.00218321870341
0.268650486478 0.00218454403265
0.268915935739 0.00218580732205
0.269181384999 0.00218700914479
0.269446834259 0.00218814990622
0.26971228352 0.00218922997615
0.26997773278 0.00219025012148
0.27024318204 0.00219121082015
0.270508631301 0.00219211231766
0.270774080561 0.00219295427918
0.271039529822 0.0021937366446
0.271304979082 0.00219445952283
0.271570428342 0.00219512352798
0.271835877603 0.00219572959479
0.272101326863 0.00219627800494
0.272366776124 0.00219676861661
0.272632225384 0.00219720141697
0.272897674644 0.00219757665641
0.273163123905 0.00219789414747
0.273428573165 0.00219815258332
0.273694022426 0.00219835193376
0.273959471686 0.00219849235576
0.274224920946 0.00219857409541
0.274490370207 0.00219859821342
0.274755819467 0.00219856440011
0.275021268728 0.00219847294555
0.275286717988 0.00219832433707
0.275552167248 0.00219811906695
0.275817616509 0.00219785731745
0.276083065769 0.0021975383127
0.27634851503 0.00219716245561
0.27661396429 0.00219673022065
0.27687941355 0.00219624327443
0.277144862811 0.00219570242177
0.277410312071 0.00219510754396
0.277675761331 0.00219445933736
0.277941210592 0.00219375824812
0.278206659852 0.00219300465459
0.278472109113 0.00219219917017
0.278737558373 0.00219134175869
0.279003007633 0.00219043377362
0.279268456894 0.00218947672483
0.279533906154 0.00218847179032
0.279799355415 0.00218741940777
0.280064804675 0.00218632025098
0.280330253935 0.00218517568019
0.280595703196 0.00218398704792
0.280861152456 0.00218275537218
0.281126601717 0.00218148144093
0.281392050977 0.00218016686967
0.281657500237 0.00217881294616
0.281922949498 0.00217742025942
0.282188398758 0.00217599028213
0.282453848019 0.00217452474883
0.282719297279 0.00217302479173
0.282984746539 0.00217149166321
0.2832501958 0.00216992705362
0.28351564506 0.00216833252499
0.283781094321 0.00216671028656
0.284046543581 0.0021650619272
0.284311992841 0.00216338939274
0.284577442102 0.00216169470697
0.284842891362 0.00215997988986
0.285108340623 0.00215824728148
0.285373789883 0.0021564988248
0.285639239143 0.00215473608965
0.285904688404 0.00215296091801
0.286170137664 0.00215117551942
0.286435586924 0.00214938262869
0.286701036185 0.00214758376949
0.286966485445 0.0021457804278
0.287231934706 0.00214397441083
0.287497383966 0.00214216751348
0.287762833226 0.00214036189629
0.288028282487 0.00213855852992
0.288293731747 0.00213675820946
0.288559181008 0.00213496133836
0.288824630268 0.00213316939436
0.289090079528 0.0021313839331
0.289355528789 0.00212960569217
0.289620978049 0.00212783595001
0.28988642731 0.00212607578906
0.29015187657 0.0021243257009
0.29041732583 0.00212258649496
0.290682775091 0.00212085890977
0.290948224351 0.00211914384916
0.291213673612 0.00211744188288
0.291479122872 0.00211575329185
0.291744572132 0.00211407757213
0.292010021393 0.00211241501057
0.292275470653 0.00211076598891
0.292540919914 0.00210913123923
0.292806369174 0.00210751046263
0.293071818434 0.00210590388673
0.293337267695 0.00210431175449
0.293602716955 0.00210273444152
0.293868166215 0.0021011723449
0.294133615476 0.00209962585123
0.294399064736 0.00209809554417
0.294664513997 0.00209658177437
0.294929963257 0.00209508490584
0.295195412517 0.00209360748997
0.295460861778 0.0020921513376
0.295726311038 0.00209071767611
0.295991760299 0.00208930723389
0.296257209559 0.00208792044372
0.296522658819 0.00208655784396
0.29678810808 0.00208521985508
0.29705355734 0.00208390683895
0.297319006601 0.00208261950133
0.297584455861 0.00208135838975
0.297849905121 0.00208012425129
0.298115354382 0.0020789168163
0.298380803642 0.00207773648785
0.298646252903 0.0020765834925
0.298911702163 0.0020754582258
0.299177151423 0.00207436128783
0.299442600684 0.00207329326486
0.299708049944 0.00207225456855
0.299973499205 0.00207124554924
0.300238948465 0.00206996275048
0.300504397725 0.00206868981362
0.300769846986 0.00206737911957
0.301035296246 0.00206604200668
0.301300745507 0.00206469227592
0.301566194767 0.00206333906862
0.301831644027 0.00206198819106
0.302097093288 0.00206064334896
0.302362542548 0.00205930692356
0.302627991808 0.00205798078374
0.302893441069 0.0020566660969
0.303158890329 0.00205536412662
0.30342433959 0.00205407585477
0.30368978885 0.00205280153258
0.30395523811 0.00205154155238
0.304220687371 0.00205029634887
0.304486136631 0.00204906619193
0.304751585892 0.00204785126742
0.305017035152 0.00204665133993
0.305282484412 0.00204546614237
0.305547933673 0.00204429558325
0.305813382933 0.00204313956556
0.306078832194 0.00204199789437
0.306344281454 0.00204087010804
0.306609730714 0.00203975573511
0.306875179975 0.00203865463876
0.307140629235 0.00203756665475
0.307406078496 0.00203649165718
0.307671527756 0.00203542951947
0.307936977016 0.00203437996353
0.308202426277 0.00203334283361
0.308467875537 0.00203231778306
0.308733324798 0.00203130511733
0.308998774058 0.00203030532801
0.309264223318 0.00202931900964
0.309529672579 0.00202834678907
0.309795121839 0.00202738941217
0.3100605711 0.00202644774152
0.31032602036 0.00202552208778
0.31059146962 0.00202461315521
0.310856918881 0.00202372127678
0.311122368141 0.00202284773012
0.311387817401 0.00202199378802
0.311653266662 0.00202116075145
0.311918715922 0.00202034986011
0.312184165183 0.00201956240606
0.312449614443 0.00201879972329
0.312715063703 0.00201806282667
0.312980512964 0.00201735281256
0.313245962224 0.00201667101046
0.313511411485 0.00201601878168
0.313776860745 0.00201539728404
0.314042310005 0.00201480707899
0.314307759266 0.00201424952351
0.314573208526 0.00201372598325
0.314838657787 0.00201323783757
0.315104107047 0.00201278647089
0.315369556307 0.0020123731395
0.315635005568 0.00201199884127
0.315900454828 0.00201166479387
0.316165904089 0.00201137233645
0.316431353349 0.00201112283982
0.316696802609 0.00201091751829
0.31696225187 0.00201075772435
0.31722770113 0.00201064444831
0.317493150391 0.00201057854741
0.317758599651 0.00201056183369
0.318024048911 0.00201059609131
0.318289498172 0.00201068299217
0.318554947432 0.00201082419452
0.318820396692 0.00201102100175
0.319085845953 0.00201127495733
0.319351295213 0.00201158776046
0.319616744474 0.00201196098438
0.319882193734 0.0020123961901
0.320147642994 0.00201289491759
0.320413092255 0.00201345829347
0.320678541515 0.00201408719831
0.320943990776 0.00201478306791
0.321209440036 0.00201554743812
0.321474889296 0.0020163818088
0.321740338557 0.00201728775206
0.322005787817 0.00201826749466
0.322271237078 0.00201932291392
0.322536686338 0.00202045583195
0.322802135598 0.00202166813708
0.323067584859 0.00202296158271
0.323333034119 0.00202433763363
0.32359848338 0.00202579736487
0.32386393264 0.00202734237939
0.3241293819 0.00202897431254
0.324394831161 0.00203069461168
0.324660280421 0.00203250489623
0.324925729682 0.00203440750609
0.325191178942 0.00203640447475
0.325456628202 0.00203849776222
0.325722077463 0.00204068924125
0.325987526723 0.00204298018273
0.326252975984 0.00204537149637
0.326518425244 0.00204786483567
0.326783874504 0.00205046187529
0.327049323765 0.00205316451025
0.327314773025 0.00205597535937
0.327580222285 0.00205889553981
0.327845671546 0.00206192691425
0.328111120806 0.00206507078735
0.328376570067 0.00206832829496
0.328642019327 0.0020717011094
0.328907468587 0.00207518936937
0.329172917848 0.00207879453704
0.329438367108 0.00208251746515
0.329703816369 0.00208635759424
0.329969265629 0.00209031512929
0.330234714889 0.00209439079424
0.33050016415 0.00209858624054
0.33076561341 0.00210290335257
0.331031062671 0.00210734273204
0.331296511931 0.00211190628798
0.331561961191 0.00211659713088
0.331827410452 0.00212141683081
0.332092859712 0.00212636517207
0.332358308973 0.0021314437662
0.332623758233 0.00213665231975
0.332889207493 0.00214198996899
0.333154656754 0.0021474579071
0.333420106014 0.00215305697307
0.333685555275 0.00215878768677
0.333951004535 0.002164651129
0.334216453795 0.00217064301092
0.334481903056 0.00217676350724
0.334747352316 0.0021830134874
0.335012801576 0.0021893923272
0.335278250837 0.00219589930078
0.335543700097 0.00220253407918
0.335809149358 0.00220929752279
0.336074598618 0.00221618967695
0.336340047878 0.00222320967534
0.336605497139 0.00223035620057
0.336870946399 0.00223762723981
0.33713639566 0.0022450203959
0.33740184492 0.00225253372467
0.33766729418 0.00226016631371
0.337932743441 0.0022679149324
0.338198192701 0.00227577537761
0.338463641962 0.00228374283491
0.338729091222 0.00229181200061
0.338994540482 0.00229997717981
0.339259989743 0.00230823360918
0.339525439003 0.00231657539064
0.339790888264 0.00232499563396
0.340056337524 0.00233349061921
0.340321786784 0.00234205436845
0.340587236045 0.00235067989279
0.340852685305 0.00235936041957
0.341118134566 0.00236808845455
0.341383583826 0.00237685614948
0.341649033086 0.0023856553957
0.341914482347 0.00239447775069
0.342179931607 0.00240331494571
0.342445380868 0.00241215881787
0.342710830128 0.00242100232466
0.342976279388 0.00242983537337
0.343241728649 0.00243864913111
0.343507177909 0.00244743513291
0.343772627169 0.00245618507487
0.34403807643 0.00246489076469
0.34430352569 0.00247354454987
0.344568974951 0.00248213920839
0.344834424211 0.00249066805102
0.345099873471 0.00249912648616
0.345365322732 0.00250751019122
0.345630771992 0.00251581338358
0.345896221253 0.00252403076989
0.346161670513 0.0025321573036
0.346427119773 0.00254018818813
0.346692569034 0.00254811934615
0.346958018294 0.00255594721723
0.347223467555 0.00256366906994
0.347488916815 0.00257128252041
0.347754366075 0.00257878608762
0.348019815336 0.00258617831248
0.348285264596 0.00259345779573
0.348550713857 0.00260062365291
0.348816163117 0.00260767544776
0.349081612377 0.00261461351617
0.349347061638 0.00262143864154
0.349612510898 0.00262815187204
0.349877960159 0.00263475427526
0.350143409419 0.00264102996856
0.350408858679 0.0026472645499
0.35067430794 0.00265338517717
0.3509397572 0.00265939223165
0.35120520646 0.00266529912792
0.351470655721 0.00267112084954
0.351736104981 0.00267686988685
0.352001554242 0.00268255603825
0.352267003502 0.00268818720533
0.352532452762 0.00269376920712
0.352797902023 0.00269930627254
0.353063351283 0.00270480103137
0.353328800544 0.00271025460874
0.353594249804 0.00271566811872
0.353859699064 0.00272104102069
0.354125148325 0.00272637144935
0.354390597585 0.00273165680381
0.354656046846 0.0027368940035
0.354921496106 0.00274207978969
0.355186945366 0.00274721058837
0.355452394627 0.00275228261695
0.355717843887 0.00275729214311
0.355983293148 0.00276223546913
0.356248742408 0.00276710907032
0.356514191668 0.00277190955346
0.356779640929 0.00277663377098
0.357045090189 0.00278127894165
0.35731053945 0.0027858426276
0.35757598871 0.00279032312475
0.35784143797 0.00279471917918
0.358106887231 0.00279902999346
0.358372336491 0.00280325455264
0.358637785752 0.00280739213252
0.358903235012 0.00281144222432
0.359168684272 0.00281540459078
0.359434133533 0.00281927924616
0.359699582793 0.00282306637585
0.359965032053 0.0028267666425
0.360230481314 0.00283038110194
0.360495930574 0.0028339105997
0.360761379835 0.00283735596418
0.361026829095 0.00284071798404
0.361292278355 0.00284399748054
0.361557727616 0.00284719535442
0.361823176876 0.0028503124764
0.362088626137 0.00285334970792
0.362354075397 0.00285630790227
0.362619524657 0.00285918850963
0.362884973918 0.00286199254642
0.363150423178 0.00286472095255
0.363415872439 0.00286737463969
0.363681321699 0.00286995462754
0.363946770959 0.00287246165429
0.36421222022 0.00287489638639
0.36447766948 0.00287725951109
0.364743118741 0.00287955205904
0.365008568001 0.0028817746823
0.365274017261 0.00288392790743
0.365539466522 0.00288601302987
0.365804915782 0.00288803078995
0.366070365043 0.00288998179965
0.366335814303 0.00289186646248
0.366601263563 0.00289368519457
0.366866712824 0.00289543851752
0.367132162084 0.00289712700687
0.367397611344 0.00289875110865
0.367663060605 0.00290031128055
0.367928509865 0.00290180784743
0.368193959126 0.00290324110371
0.368459408386 0.00290461092457
0.368724857646 0.00290591834229
0.368990306907 0.00290716384125
0.369255756167 0.00290834797781
0.369521205428 0.00290947114009
0.369786654688 0.00291053379591
0.370052103948 0.00291153663675
0.370317553209 0.00291248010142
0.370583002469 0.00291336440272
0.37084845173 0.00291418903671
0.37111390099 0.00291495409964
0.37137935025 0.00291565970277
0.371644799511 0.00291630673416
0.371910248771 0.0029168959407
0.372175698032 0.00291742740589
0.372441147292 0.00291790106755
0.372706596552 0.00291831698361
0.372972045813 0.00291867540351
0.373237495073 0.00291897582107
0.373502944334 0.00291921694157
0.373768393594 0.00291939912358
0.374033842854 0.00291952230473
0.374299292115 0.0029195870705
0.374564741375 0.00291959420248
0.374830190636 0.00291954340417
0.375095639896 0.00291943508261
0.375361089156 0.00291926973718
0.375626538417 0.00291904783977
0.375891987677 0.0029187692005
0.376157436937 0.00291843340083
0.376422886198 0.00291804084967
0.376688335458 0.0029175923485
0.376953784719 0.00291708935327
0.377219233979 0.00291653244902
0.377484683239 0.00291592166979
0.3777501325 0.00291525769378
0.37801558176 0.00291454093777
0.378281031021 0.0029137718388
0.378546480281 0.00291295076829
0.378811929541 0.00291207811036
0.379077378802 0.00291115527674
0.379342828062 0.00291018376719
0.379608277323 0.00290916457668
0.379873726583 0.00290809794793
0.380139175843 0.00290698482565
0.380404625104 0.00290582667687
0.380670074364 0.00290462491287
0.380935523625 0.00290338011917
0.381200972885 0.00290209352434
0.381466422145 0.00290076656292
0.381731871406 0.00289940048366
0.381997320666 0.00289799597414
0.382262769927 0.00289655464108
0.382528219187 0.00289507813757
0.382793668447 0.00289356744069
0.383059117708 0.00289202404885
0.383324566968 0.00289044961281
0.383590016228 0.00288884573282
0.383855465489 0.00288721466738
0.384120914749 0.00288555800215
0.38438636401 0.00288387771115
0.38465181327 0.00288217582876
0.38491726253 0.00288045442989
0.385182711791 0.00287871581456
0.385448161051 0.00287696183772
0.385713610312 0.00287519404295
0.385979059572 0.00287341436316
0.386244508832 0.00287162524724
0.386509958093 0.0028698292259
0.386775407353 0.00286802755021
0.387040856614 0.00286622185119
0.387306305874 0.00286441401195
0.387571755134 0.00286260587505
0.387837204395 0.00286079949845
0.388102653655 0.00285899555378
0.388368102916 0.00285719479172
0.388633552176 0.00285539784751
0.388899001436 0.00285360629578
0.389164450697 0.00285182147288
0.389429899957 0.00285004415088
0.389695349218 0.00284827577497
0.389960798478 0.00284651714923
0.390226247738 0.00284476884291
0.390491696999 0.00284303166063
0.390757146259 0.00284130636863
0.39102259552 0.00283959382658
0.39128804478 0.00283789453532
0.39155349404 0.00283620846453
0.391818943301 0.00283453535204
0.392084392561 0.00283287552884
0.392349841821 0.00283122938936
0.392615291082 0.00282959755371
0.392880740342 0.002827979768
0.393146189603 0.00282637624204
0.393411638863 0.00282478727963
0.393677088123 0.00282321327605
0.393942537384 0.00282165460427
0.394207986644 0.00282011172058
0.394473435905 0.00281858509346
0.394738885165 0.00281707514736
0.395004334425 0.00281558272278
0.395269783686 0.00281411016762
0.395535232946 0.00281265929897
0.395800682207 0.00281123114971
0.396066131467 0.00280982634103
0.396331580727 0.0028084453519
0.396597029988 0.0028070886702
0.396862479248 0.00280575670568
0.397127928509 0.00280444991695
0.397393377769 0.00280316895763
0.397658827029 0.00280191442036
0.39792427629 0.00280068680076
0.39818972555 0.00279948598001
0.398455174811 0.00279831238241
0.398720624071 0.00279716615952
0.398986073331 0.00279604783604
0.399251522592 0.00279495804149
0.399516971852 0.00279389728413
0.399782421112 0.00279286596183
0.400047870373 0.002791562647
0.400313319633 0.00279026913181
0.400578768894 0.00278893792322
0.400844218154 0.00278758059237
0.401109667414 0.00278621091115
0.401375116675 0.00278483807883
0.401640565935 0.00278346775142
0.401906015196 0.00278210365975
0.402171464456 0.00278074811402
0.402436913716 0.00277940283276
0.402702362977 0.00277806905313
0.402967812237 0.00277674782168
0.403233261498 0.00277544012094
0.403498710758 0.00277414638461
0.403764160018 0.00277286683425
0.404029609279 0.00277160186282
0.404295058539 0.00277035175561
0.4045605078 0.00276911666772
0.40482595706 0.00276789662482
0.40509140632 0.0027666911571
0.405356855581 0.00276550007957
0.405622304841 0.00276432327883
0.405887754102 0.00276316059332
0.406153203362 0.00276201178658
0.406418652622 0.00276087610312
0.406684101883 0.00275975341566
0.406949551143 0.00275864360463
0.407215000404 0.00275754651317
0.407480449664 0.00275646211557
0.407745898924 0.00275539008265
0.408011348185 0.00275433044629
0.408276797445 0.00275328272135
0.408542246705 0.00275224698976
0.408807695966 0.00275122368999
0.409073145226 0.00275021338999
0.409338594487 0.00274921673978
0.409604043747 0.00274823444082
0.409869493007 0.00274726730337
0.410134942268 0.00274631599861
0.410400391528 0.00274538110399
0.410665840789 0.00274446301815
0.410931290049 0.00274356240909
0.411196739309 0.00274268063954
0.41146218857 0.00274181906599
0.41172763783 0.00274097893541
0.411993087091 0.00274016153779
0.412258536351 0.00273936818504
0.412523985611 0.00273860023606
0.412789434872 0.00273785850619
0.413054884132 0.00273714429508
0.413320333393 0.00273645894545
0.413585782653 0.00273580383277
0.413851231913 0.00273517979698
0.414116681174 0.00273458768398
0.414382130434 0.00273402889291
0.414647579695 0.00273350478594
0.414913028955 0.00273301674673
0.415178478215 0.00273256616193
0.415443927476 0.0027321542169
0.415709376736 0.00273178182761
0.415974825996 0.00273145032798
0.416240275257 0.00273116106582
0.416505724517 0.00273091535434
0.416771173778 0.00273071444652
0.417036623038 0.0027305597158
0.417302072298 0.00273045185389
0.417567521559 0.00273039198772
0.417832970819 0.00273038208232
0.41809842008 0.00273042383734
0.41836386934 0.00273051892866
0.4186293186 0.00273066892644
0.418894767861 0.00273087511149
0.419160217121 0.00273113915251
0.419425666382 0.00273146268474
0.419691115642 0.00273184727804
0.419956564902 0.00273229448646
0.420222014163 0.00273280583491
0.420487463423 0.00273338215712
0.420752912684 0.00273402456683
0.421018361944 0.00273473455517
0.421283811204 0.00273551365058
0.421549260465 0.00273636333423
0.421814709725 0.00273728537913
0.422080158986 0.0027382819326
0.422345608246 0.00273935482539
0.422611057506 0.00274050589956
0.422876506767 0.0027417370241
0.423141956027 0.00274304993013
0.423407405288 0.0027444458267
0.423672854548 0.00274592598557
0.423938303808 0.00274749206646
0.424203753069 0.00274914560478
0.424469202329 0.00275088805373
0.424734651589 0.00275272127117
0.42500010085 0.00275464757952
0.42526555011 0.00275666890147
0.425530999371 0.0027587872402
0.425796448631 0.00276100434124
0.426061897891 0.00276332120951
0.426327347152 0.00276573905228
0.426592796412 0.00276825949204
0.426858245673 0.0027708842648
0.427123694933 0.00277361553457
0.427389144193 0.00277645552411
0.427654593454 0.00277940545436
0.427920042714 0.00278246715294
0.428185491975 0.0027856416712
0.428450941235 0.0027889304576
0.428716390495 0.00279233467962
0.428981839756 0.00279585458757
0.429247289016 0.00279949242567
0.429512738277 0.00280324746054
0.429778187537 0.00280712026836
0.430043636797 0.00281111036361
0.430309086058 0.00281521907508
0.430574535318 0.00281944823719
0.430839984579 0.00282379986263
0.431105433839 0.00282827369512
0.431370883099 0.00283287271612
0.43163633236 0.00283759983702
0.43190178162 0.00284245556993
0.43216723088 0.0028474406118
0.432432680141 0.00285255586173
0.432698129401 0.00285780149542
0.432963578662 0.00286317604318
0.433229027922 0.00286868121158
0.433494477182 0.00287431768157
0.433759926443 0.00288008626801
0.434025375703 0.00288598635422
0.434290824964 0.00289201492003
0.434556274224 0.0028981725137
0.434821723484 0.0029044594674
0.435087172745 0.00291087510773
0.435352622005 0.00291741874104
0.435618071266 0.00292409061864
0.435883520526 0.00293089091129
0.436148969786 0.00293781997438
0.436414419047 0.0029448766111
0.436679868307 0.00295205925791
0.436945317568 0.00295936577355
0.437210766828 0.00296679380664
0.437476216088 0.002974341917
0.437741665349 0.00298200837602
0.438007114609 0.0029897898176
0.43827256387 0.00299768162135
0.43853801313 0.00300567918275
0.43880346239 0.00301377640916
0.439068911651 0.00302196841421
0.439334360911 0.00303025018532
0.439599810172 0.00303861526866
0.439865259432 0.00304705725775
0.440130708692 0.00305557269671
0.440396157953 0.00306415491086
0.440661607213 0.00307279692787
0.440927056473 0.00308149181264
0.441192505734 0.00309023196014
0.441457954994 0.00309900938034
0.441723404255 0.00310781588097
0.441988853515 0.00311664306334
0.442254302775 0.00312548266265
0.442519752036 0.0031343270281
0.442785201296 0.00314316800579
0.443050650557 0.00315199591635
0.443316099817 0.0031608020298
0.443581549077 0.0031695779686
0.443846998338 0.00317831540883
0.444112447598 0.00318700630006
0.444377896859 0.00319564311932
0.444643346119 0.00320421873635
0.444908795379 0.0032127267391
0.44517424464 0.00322116344824
0.4454396939 0.00322952378178
0.445705143161 0.00323780200941
0.445970592421 0.00324599294659
0.446236041681 0.00325409154201
0.446501490942 0.00326209322613
0.446766940202 0.00326999406818
0.447032389463 0.00327779079067
0.447297838723 0.00328548073874
0.447563287983 0.00329306162103
0.447828737244 0.00330053235391
0.448094186504 0.00330789126443
0.448359635764 0.00331513712427
0.448625085025 0.00332226914662
0.448890534285 0.0033292870999
0.449155983546 0.0033361915576
0.449421432806 0.00334298339336
0.449686882066 0.00334966364437
0.449952331327 0.00335623339975
0.450217780587 0.00336247635279
0.450483229848 0.00336867868139
0.450748679108 0.00337476764966
0.451014128368 0.00338074366867
0.451279577629 0.0033866202113
0.451545026889 0.00339241223879
0.45181047615 0.00339813224545
0.45207592541 0.00340378999652
0.45234137467 0.00340939339667
0.452606823931 0.00341494822436
0.452872273191 0.00342045873617
0.453137722452 0.00342592745903
0.453403171712 0.00343135548973
0.453668620972 0.00343674402781
0.453934070233 0.00344209237056
0.454199519493 0.00344739859951
0.454464968754 0.00345266009912
0.454730418014 0.00345787373971
0.454995867274 0.00346303629401
0.455261316535 0.00346814412855
0.455526765795 0.003473193428
0.455792215056 0.00347818042929
0.456057664316 0.00348310142852
0.456323113576 0.00348795287797
0.456588562837 0.00349273136163
0.456854012097 0.00349743372342
0.457119461357 0.00350205719323
0.457384910618 0.00350659932368
0.457650359878 0.00351105855574
0.457915809139 0.0035154336492
0.458181258399 0.00351972365466
0.458446707659 0.00352392758514
0.45871215692 0.00352804466464
0.45897760618 0.00353207440129
0.459243055441 0.00353601655782
0.459508504701 0.0035398711376
0.459773953961 0.00354363831051
0.460039403222 0.00354731890465
0.460304852482 0.00355091390459
0.460570301743 0.00355442410633
0.460835751003 0.00355785029637
0.461101200263 0.00356119324146
0.461366649524 0.00356445376443
0.461632098784 0.00356763276754
0.461897548045 0.0035707311017
0.462162997305 0.00357374961005
0.462428446565 0.00357668932839
0.462693895826 0.0035795515624
0.462959345086 0.00358233732271
0.463224794347 0.00358504752096
0.463490243607 0.00358768312988
0.463755692867 0.00359024511948
0.464021142128 0.00359273418102
0.464286591388 0.00359515099436
0.464552040648 0.00359749631179
0.464817489909 0.0035997711866
0.465082939169 0.00360197616135
0.46534838843 0.00360411194721
0.46561383769 0.00360617973662
0.46587928695 0.00360818024402
0.466144736211 0.0036101140272
0.466410185471 0.00361198149729
0.466675634732 0.00361378306616
0.466941083992 0.00361551933531
0.467206533252 0.00361719080889
0.467471982513 0.00361879797506
0.467737431773 0.00362034124092
0.468002881034 0.00362182092724
0.468268330294 0.00362323718563
0.468533779554 0.00362459027197
0.468799228815 0.00362588102495
0.469064678075 0.00362710997987
0.469330127336 0.00362827763314
0.469595576596 0.00362938436724
0.469861025856 0.00363043076848
0.470126475117 0.00363141745597
0.470391924377 0.0036323447921
0.470657373638 0.00363321281231
0.470922822898 0.00363402114106
0.471188272158 0.00363476989576
0.471453721419 0.00363545916336
0.471719170679 0.00363609018933
0.47198461994 0.00363666349171
0.4722500692 0.00363717893532
0.47251551846 0.00363763654273
0.472780967721 0.00363803644527
0.473046416981 0.00363837886278
0.473311866241 0.00363866273259
0.473577315502 0.00363888730689
0.473842764762 0.00363905293793
0.474108214023 0.00363915961948
0.474373663283 0.00363920817248
0.474639112543 0.00363919901921
0.474904561804 0.00363913195431
0.475170011064 0.00363900748276
0.475435460325 0.00363882610133
0.475700909585 0.00363858824647
0.475966358845 0.00363829335312
0.476231808106 0.00363794139235
0.476497257366 0.00363753277784
0.476762706627 0.00363706870978
0.477028155887 0.00363655032328
0.477293605147 0.00363597796187
0.477559054408 0.00363535192383
0.477824503668 0.00363467279625
0.478089952929 0.00363394097257
0.478355402189 0.00363315698471
0.478620851449 0.0036323209207
0.47888630071 0.00363143360769
0.47915174997 0.00363049659413
0.479417199231 0.00362951122185
0.479682648491 0.00362847831279
0.479948097751 0.00362739811744
0.480213547012 0.00362627183025
0.480478996272 0.00362510088137
0.480744445532 0.00362388666338
0.481009894793 0.00362262952255
0.481275344053 0.00362133110283
0.481540793314 0.00361999261552
0.481806242574 0.00361861524363
0.482071691834 0.00361719979928
0.482337141095 0.00361574802473
0.482602590355 0.0036142614665
0.482868039616 0.00361274100649
0.483133488876 0.00361118833022
0.483398938136 0.00360960504609
0.483664387397 0.00360799296864
0.483929836657 0.00360635413286
0.484195285918 0.00360469025209
0.484460735178 0.00360300332252
0.484726184438 0.00360129539889
0.484991633699 0.00359956861578
0.485257082959 0.00359782515554
0.48552253222 0.00359606676614
0.48578798148 0.00359429510334
0.48605343074 0.00359251214609
0.486318880001 0.00359072056882
0.486584329261 0.00358892249516
0.486849778522 0.00358711922967
0.487115227782 0.00358531245451
0.487380677042 0.00358350412248
0.487646126303 0.00358169608112
0.487911575563 0.0035798900922
0.488177024824 0.00357808677682
0.488442474084 0.00357628670532
0.488707923344 0.0035744909313
0.488973372605 0.00357270102206
0.489238821865 0.0035709180769
0.489504271125 0.00356914301459
0.489769720386 0.00356737724806
0.490035169646 0.00356562138363
0.490300618907 0.0035638760872
0.490566068167 0.00356214214283
0.490831517427 0.00356042036028
0.491096966688 0.00355871150872
0.491362415948 0.00355701608195
0.491627865209 0.00355533369499
0.491893314469 0.00355366435774
0.492158763729 0.00355200843203
0.49242421299 0.00355036642759
0.49268966225 0.00354873864725
0.492955111511 0.00354712499233
0.493220560771 0.00354552567679
0.493486010031 0.0035439410417
0.493751459292 0.00354237148159
0.494016908552 0.00354081737376
0.494282357813 0.00353927928437
0.494547807073 0.00353775751605
0.494813256333 0.00353625252669
0.495078705594 0.00353476581228
0.495344154854 0.00353329949516
0.495609604115 0.00353185522083
0.495875053375 0.00353043388066
0.496140502635 0.00352903598997
0.496405951896 0.00352766208154
0.496671401156 0.00352631260502
0.496936850416 0.00352498792958
0.497202299677 0.00352368862922
0.497467748937 0.00352241531017
0.497733198198 0.0035211686566
0.497998647458 0.00351994883391
0.498264096718 0.00351875592189
0.498529545979 0.00351759028789
0.498794995239 0.00351645211707
0.4990604445 0.00351534198674
0.49932589376 0.00351426056897
0.49959134302 0.00351320829817
0.499856792281 0.00351218555763
0.500122241541 0.00351089018714
0.500387690802 0.00350960459858
0.500653140062 0.00350828117188
0.500918589322 0.00350693151466
0.501184038583 0.00350556936512
0.501449487843 0.00350420391096
0.501714937104 0.00350284087864
0.501980386364 0.00350148398873
0.502245835624 0.00350013557524
0.502511284885 0.00349879744121
0.502776734145 0.00349747076207
0.503042183406 0.00349615668974
0.503307632666 0.00349485620349
0.503573081926 0.00349356966967
0.503838531187 0.00349229735667
0.504103980447 0.00349103971562
0.504369429708 0.00348979698887
0.504634878968 0.00348856935617
0.504900328228 0.00348735674078
0.505165777489 0.00348615874835
0.505431226749 0.00348497522865
0.505696676009 0.00348380608437
0.50596212527 0.0034826511427
0.50622757453 0.00348151007347
0.506493023791 0.0034803822292
0.506758473051 0.00347926747908
0.507023922311 0.0034781656958
0.507289371572 0.00347707672382
0.507554820832 0.00347600057191
0.507820270093 0.00347493679198
0.508085719353 0.00347388543482
0.508351168613 0.00347284604133
0.508616617874 0.00347181877091
0.508882067134 0.00347080410058
0.509147516395 0.0034698026098
0.509412965655 0.00346881494148
0.509678414915 0.0034678418153
0.509943864176 0.00346688406674
0.510209313436 0.00346594221561
0.510474762697 0.00346501698125
0.510740211957 0.00346410852108
0.511005661217 0.00346321789203
0.511271110478 0.0034623463977
0.511536559738 0.00346149539815
0.511802008999 0.00346066611338
0.512067458259 0.00345985984108
0.512332907519 0.00345907790133
0.51259835678 0.00345832151686
0.51286380604 0.00345759161635
0.5131292553 0.00345688950749
0.513394704561 0.00345621654347
0.513660153821 0.00345557409221
0.513925603082 0.00345496271661
0.514191052342 0.00345438355569
0.514456501602 0.00345383799812
0.514721950863 0.0034533274046
0.514987400123 0.00345285316393
0.515252849384 0.00345241664443
0.515518298644 0.00345201888763
0.515783747904 0.00345166096312
0.516049197165 0.00345134420829
0.516314646425 0.00345106998488
0.516580095686 0.00345083957192
0.516845544946 0.00345065424641
0.517110994206 0.00345051536809
0.517376443467 0.00345042343068
0.517641892727 0.00345037992115
0.517907341988 0.00345038679979
0.518172791248 0.00345044573094
0.518438240508 0.00345055839226
0.518703689769 0.00345072624381
0.518969139029 0.00345095065678
0.51923458829 0.00345123333487
0.51950003755 0.00345157587737
0.51976548681 0.00345197985497
0.520030936071 0.00345244681445
0.520296385331 0.0034529782301
0.520561834592 0.00345357474106
0.520827283852 0.00345423767918
0.521092733112 0.00345496856892
0.521358182373 0.0034557689333
0.521623631633 0.00345664023053
0.521889080893 0.00345758448391
0.522154530154 0.0034586037235
0.522419979414 0.00345969977096
0.522685428675 0.00346087448574
0.522950877935 0.00346212969258
0.523216327195 0.00346346711889
0.523481776456 0.00346488771102
0.523747225716 0.00346639297635
0.524012674977 0.00346798459711
0.524278124237 0.0034696640358
0.524543573497 0.00347143281265
0.524809022758 0.00347329298759
0.525074472018 0.00347524676562
0.525339921279 0.00347729608106
0.525605370539 0.00347944288926
0.525870819799 0.00348168880247
0.52613626906 0.00348403468817
0.52640171832 0.00348648197105
0.526667167581 0.00348903228959
0.526932616841 0.00349168745511
0.527198066101 0.00349444979297
0.527463515362 0.00349732111771
0.527728964622 0.00350030289683
0.527994413883 0.003503396862
0.528259863143 0.00350660385691
0.528525312403 0.00350992560725
0.528790761664 0.00351336278353
0.529056210924 0.0035169160423
0.529321660185 0.00352058792103
0.529587109445 0.00352437631811
0.529852558705 0.00352828240716
0.530118007966 0.00353230609335
0.530383457226 0.00353644877068
0.530648906486 0.00354071244977
0.530914355747 0.00354509856992
0.531179805007 0.00354960754575
0.531445254268 0.00355424266535
