0.000812182741117 0
0.0010779142265 0
0.00134364571188 0
0.00160937719726 0
0.00187510868264 0
0.00214084016803 0
0.00240657165341 0
0.00267230313879 0
0.00293803462417 0
0.00320376610955 0
0.00346949759494 0
0.00373522908032 0
0.0040009605657 0
0.00426669205108 0
0.00453242353646 0
0.00479815502185 0
0.00506388650723 0
0.00532961799261 0
0.00559534947799 0
0.00586108096337 0
0.00612681244876 0
0.00639254393414 0
0.00665827541952 0
0.0069240069049 0
0.00718973839028 0
0.00745546987567 0
0.00772120136105 0
0.00798693284643 0
0.00825266433181 0
0.00851839581719 0
0.00878412730258 0
0.00904985878796 0
0.00931559027334 0
0.00958132175872 0
0.0098470532441 0
0.0101127847295 0
0.0103785162149 0
0.0106442477003 0
0.0109099791856 0
0.011175710671 0
0.0114414421564 0
0.0117071736418 0
0.0119729051272 0
0.0122386366125 0
0.0125043680979 0
0.0127700995833 0
0.0130358310687 0
0.0133015625541 0
0.0135672940395 0
0.0138330255248 0
0.0140987570102 0
0.0143644884956 -6.46756219247e-07
0.014630219981 -1.25006802276e-06
0.0148959514664 -1.80960808985e-06
0.0151616829517 -2.32579303045e-06
0.0154274144371 -2.79921460864e-06
0.0156931459225 -3.23059587399e-06
0.0159588774079 -3.62079014486e-06
0.0162246088933 -3.97017844895e-06
0.0164903403787 -4.27934491758e-06
0.016756071864 -4.54845403278e-06
0.0170218033494 -4.77760683017e-06
0.0172875348348 -4.96705076646e-06
0.0175532663202 -5.11716348154e-06
0.0178189978056 -5.22801139419e-06
0.0180847292909 -5.29984215824e-06
0.0183504607763 -5.33287095469e-06
0.0186161922617 -5.32724825359e-06
0.0188819237471 -5.28321189225e-06
0.0191476552325 -5.20125955598e-06
0.0194133867179 -5.08185596354e-06
0.0196791182032 -4.92514118146e-06
0.0199448496886 -4.73115725106e-06
0.020210581174 -4.50005308027e-06
0.0204763126594 -4.23190233339e-06
0.0207420441448 -3.92673523856e-06
0.0210077756301 -3.58439880029e-06
0.0212735071155 -3.20426498592e-06
0.0215392386009 -2.7858665253e-06
0.0218049700863 -2.32881589294e-06
0.0220707015717 -1.83279105176e-06
0.0223364330571 -1.29751552711e-06
0.0226021645424 -7.22835189693e-07
0.0228678960278 -1.08357163697e-07
0.0231336275132 5.46308052437e-07
0.0233993589986 1.24148404827e-06
0.023665090484 1.97743748737e-06
0.0239308219694 2.75449594081e-06
0.0241965534547 3.57304934421e-06
0.0244622849401 4.43355855188e-06
0.0247280164255 5.33705278963e-06
0.0249937479109 6.2841617193e-06
0.0252594793963 7.27533385829e-06
0.0255252108816 8.31114405691e-06
0.025790942367 9.39231531672e-06
0.0260566738524 1.05193056907e-05
0.0263224053378 1.16923147269e-05
0.0265881368232 1.29117432438e-05
0.0268538683086 1.41777574576e-05
0.0271195997939 1.54909190871e-05
0.0273853312793 1.68521422932e-05
0.0276510627647 1.82625294426e-05
0.0279167942501 1.97231086245e-05
0.0281825257355 2.12345249553e-05
0.0284482572208 2.27973552388e-05
0.0287139887062 2.44125838686e-05
0.0289797201916 2.60811296939e-05
0.029245451677 2.78036111958e-05
0.0295111831624 2.95802662083e-05
0.0297769146478 3.1411241081e-05
0.0300426461331 3.32976540894e-05
0.0303083776185 3.52399600969e-05
0.0305741091039 3.72387211479e-05
0.0308398405893 3.92946664816e-05
0.0311055720747 4.14089518427e-05
0.03137130356 4.35826424942e-05
0.0316370350454 4.58158573591e-05
0.0319027665308 4.81102518028e-05
0.0321684980162 5.04671267082e-05
0.0324342295016 5.28873311842e-05
0.032699960987 5.53723597781e-05
0.0329656924723 5.79222642712e-05
0.0332314239577 6.05382108041e-05
0.0334971554431 6.32204839599e-05
0.0337628869285 6.59693425734e-05
0.0340286184139 6.87860061661e-05
0.0342943498992 7.16720492827e-05
0.0345600813846 7.46286642754e-05
0.03482581287 7.76562631934e-05
0.0350915443554 8.07547262131e-05
0.0353572758408 8.39251417882e-05
0.0356230073262 8.71683960216e-05
0.0358887388115 9.04855959021e-05
0.0361544702969 9.38776879673e-05
0.0364202017823 9.73458312646e-05
0.0366859332677 0.000100891251837
0.0369516647531 0.000104515436935
0.0372173962385 0.000108219861625
0.0374831277238 0.000112005978052
0.0377488592092 0.000115874884047
0.0380145906946 0.0001198274017
0.03828032218 0.000123864250741
0.0385460536654 0.000127986080324
0.0388117851507 0.000132194384864
0.0390775166361 0.000136489264636
0.0393432481215 0.000140870715687
0.0396089796069 0.00014533891354
0.0398747110923 0.000149893732348
0.0401404425777 0.000154536340011
0.040406174063 0.000159266797667
0.0406719055484 0.000164084981716
0.0409376370338 0.00016899056934
0.0412033685192 0.00017398273747
0.0414691000046 0.000179060059182
0.0417348314899 0.000184221466933
0.0420005629753 0.000189465897271
0.0422662944607 0.000194792160372
0.0425320259461 0.000200198792086
0.0427977574315 0.000205684210597
0.0430634889169 0.00021124786116
0.0433292204022 0.000216888572864
0.0435949518876 0.000222603607416
0.043860683373 0.000228390441269
0.0441264148584 0.000234246449936
0.0443921463438 0.000240169016772
0.0446578778291 0.000246155425616
0.0449236093145 0.000252202601171
0.0451893407999 0.000258307466561
0.0454550722853 0.000264466733688
0.0457208037707 0.000270676969573
0.0459865352561 0.0002769346289
0.0462522667414 0.000283236503851
0.0465179982268 0.00028957841148
0.0467837297122 0.000295956171412
0.0470494611976 0.000302365547496
0.047315192683 0.000308802146272
0.0475809241683 0.000315261520164
0.0478466556537 0.00032173913013
0.0481123871391 0.000328230573039
0.0483781186245 0.000334731382459
0.0486438501099 0.000341237041856
0.0489095815953 0.000347743384877
0.0491753130806 0.000354247241829
0.049441044566 0.000360744460402
0.0497067760514 0.000367230833521
0.0499725075368 0.000373701899048
0.0502382390222 0.000380052730063
0.0505039705076 0.00038639191458
0.0507697019929 0.000392685277687
0.0510354334783 0.000398931837624
0.0513011649637 0.000405135955314
0.0515668964491 0.00041130205043
0.0518326279345 0.00041743385477
0.0520983594198 0.000423534262618
0.0523640909052 0.000429605150778
0.0526298223906 0.000435647576936
0.052895553876 0.00044166239004
0.0531612853614 0.000447649752684
0.0534270168468 0.000453609402524
0.0536927483321 0.000459540582926
0.0539584798175 0.000465442228807
0.0542242113029 0.00047131293239
0.0544899427883 0.000477151099705
0.0547556742737 0.000482954960057
0.055021405759 0.000488722772089
0.0552871372444 0.000494452801009
0.0555528687298 0.000500143011753
0.0558186002152 0.000505791309922
0.0560843317006 0.000511395696439
0.056350063186 0.000516954050397
0.0566157946713 0.000522464276052
0.0568815261567 0.000527924388669
0.0571472576421 0.000533332486564
0.0574129891275 0.000538686790045
0.0576787206129 0.000543985532406
0.0579444520982 0.000549227036873
0.0582101835836 0.00055440974277
0.058475915069 0.000559532206967
0.0587416465544 0.000564593244963
0.0590073780398 0.000569591725214
0.0592731095252 0.000574526767039
0.0595388410105 0.000579397425994
0.0598045724959 0.000584202903764
0.0600703039813 0.00058894255352
0.0603360354667 0.000593615874991
0.0606017669521 0.000598222427647
0.0608674984374 0.000602761766279
0.0611332299228 0.000607233686008
0.0613989614082 0.000611638117689
0.0616646928936 0.000615975093928
0.061930424379 0.000620244781611
0.0621961558644 0.000624447416372
0.0624618873497 0.000628583345667
0.0627276188351 0.000632652934241
0.0629933503205 0.000636656623826
0.0632590818059 0.000640594976139
0.0635248132913 0.000644468644335
0.0637905447767 0.000648278244635
0.064056276262 0.000652024433815
0.0643220077474 0.000655707935014
0.0645877392328 0.000659329490597
0.0648534707182 0.000662889872358
0.0651192022036 0.000666390030443
0.0653849336889 0.00066983073819
0.0656506651743 0.000673212887257
0.0659163966597 0.000676537267446
0.0661821281451 0.000679804631278
0.0664478596305 0.000683015721202
0.0667135911159 0.000686171088328
0.0669793226012 0.000689271435738
0.0672450540866 0.0006923174919
0.067510785572 0.000695309992767
0.0677765170574 0.000698249664485
0.0680422485428 0.000701137281061
0.0683079800281 0.000703973555814
0.0685737115135 0.00070675920499
0.0688394429989 0.00070949513739
0.0691051744843 0.000712182255427
0.0693709059697 0.00071482113536
0.0696366374551 0.000717412351604
0.0699023689404 0.000719956584247
0.0701681004258 0.000722454498295
0.0704338319112 0.000724907084953
0.0706995633966 0.000727315182696
0.070965294882 0.000729679389298
0.0712310263673 0.000732000243665
0.0714967578527 0.000734278378022
0.0717624893381 0.000736514415146
0.0720282208235 0.000738708955284
0.0722939523089 0.00074086240136
0.0725596837943 0.000742975698657
0.0728254152796 0.000745049575607
0.073091146765 0.000747084732137
0.0733568782504 0.000749081746126
0.0736226097358 0.000751040825424
0.0738883412212 0.000752962307524
0.0741540727065 0.000754846501054
0.0744198041919 0.000756693957981
0.0746855356773 0.000758505390009
0.0749512671627 0.000760281108337
0.0752169986481 0.000762021753179
0.0754827301335 0.000763728065231
0.0757484616188 0.000765400724212
0.0760141931042 0.000767040189617
0.0762799245896 0.000768646675783
0.076545656075 0.000770220859301
0.0768113875604 0.000771763612873
0.0770771190458 0.000773275697097
0.0773428505311 0.000774757976166
0.0776085820165 0.00077621097833
0.0778743135019 0.000777635327189
0.0781400449873 0.00077903183447
0.0784057764727 0.000780401253772
0.078671507958 0.000781744618652
0.0789372394434 0.000783062549976
0.0792029709288 0.00078435574719
0.0794687024142 0.000785625129604
0.0797344338996 0.000786871647654
0.080000165385 0.000788096473999
0.0802658968703 0.000789300296834
0.0805316283557 0.00079048422208
0.0807973598411 0.000791649414911
0.0810630913265 0.000792796713199
0.0813288228119 0.00079392647154
0.0815945542972 0.0007950394343
0.0818602857826 0.000796136541444
0.082126017268 0.00079721871757
0.0823917487534 0.000798287065516
0.0826574802388 0.000799342014158
0.0829232117242 0.000800384441249
0.0831889432095 0.000801415213867
0.0834546746949 0.000802435251922
0.0837204061803 0.000803445342808
0.0839861376657 0.000804445797744
0.0842518691511 0.000805437812246
0.0845176006364 0.00080642222096
0.0847833321218 0.000807399661227
0.0850490636072 0.000808370837074
0.0853147950926 0.000809336606762
0.085580526578 0.000810297812144
0.0858462580634 0.000811255695375
0.0861119895487 0.000812211209267
0.0863777210341 0.000813165138712
0.0866434525195 0.000814118183957
0.0869091840049 0.000815070708623
0.0871749154903 0.000816022932147
0.0874406469756 0.000816975628352
0.087706378461 0.000817929324319
0.0879721099464 0.000818884664943
0.0882378414318 0.000819842143484
0.0885035729172 0.000820801909385
0.0887693044026 0.000821764081696
0.0890350358879 0.000822728917092
0.0893007673733 0.000823696834388
0.0895664988587 0.000824668253361
0.0898322303441 0.000825643344036
0.0900979618295 0.000826622439138
0.0903636933149 0.00082760573372
0.0906294248002 0.000828593037067
0.0908951562856 0.000829584112401
0.091160887771 0.000830578818502
0.0914266192564 0.000831577277411
0.0916923507418 0.000832579392386
0.0919580822271 0.000833585010625
0.0922238137125 0.000834594108529
0.0924895451979 0.000835606700359
0.0927552766833 0.000836622709576
0.0930210081687 0.000837641976039
0.0932867396541 0.000838664070078
0.0935524711394 0.000839688384932
0.0938182026248 0.000840714797626
0.0940839341102 0.000841743001842
0.0943496655956 0.000842772851868
0.094615397081 0.000843804413317
0.0948811285663 0.00084483777165
0.0951468600517 0.000845873044153
0.0954125915371 0.000846910477986
0.0956783230225 0.000847950274383
0.0959440545079 0.000848992640908
0.0962097859933 0.000850037766816
0.0964755174786 0.000851086709414
0.096741248964 0.000852139893296
0.0970069804494 0.000853197561704
0.0972727119348 0.00085426030794
0.0975384434202 0.000855328570515
0.0978041749055 0.000856402763116
0.0980699063909 0.000857483182733
0.0983356378763 0.000858570070893
0.0986013693617 0.000859663660118
0.0988671008471 0.000860764178258
0.0991328323325 0.000861871930302
0.0993985638178 0.000862987144799
0.0996642953032 0.000864110118978
0.0999300267886 0.000865241478289
0.100195758274 0.000866267095147
0.100461489759 0.000867294317081
0.100727221245 0.000868290457784
0.10099295273 0.000869254812726
0.101258684216 0.000870190888729
0.101524415701 0.00087110182848
0.101790147186 0.000871989632451
0.102055878672 0.000872855863764
0.102321610157 0.00087370168315
0.102587341642 0.00087452778171
0.102853073128 0.000875334837264
0.103118804613 0.000876123498779
0.103384536099 0.000876894265767
0.103650267584 0.000877647611413
0.103915999069 0.000878383984632
0.104181730555 0.000879103833076
0.10444746204 0.000879807600093
0.104713193525 0.000880495739057
0.104978925011 0.000881168500192
0.105244656496 0.000881826293365
0.105510387982 0.000882469632552
0.105776119467 0.000883099031504
0.106041850952 0.000883715003965
0.106307582438 0.000884318036833
0.106573313923 0.00088490863223
0.106839045409 0.000885487310922
0.107104776894 0.000886054638209
0.107370508379 0.000886611139976
0.107636239865 0.000887157333903
0.10790197135 0.000887693838189
0.108167702835 0.000888221252154
0.108433434321 0.000888740129028
0.108699165806 0.000889251030627
0.108964897292 0.000889754589355
0.109230628777 0.000890251497244
0.109496360262 0.000890742491828
0.109762091748 0.000891228346712
0.110027823233 0.000891709826569
0.110293554719 0.000892187770926
0.110559286204 0.000892662834252
0.110825017689 0.000893135831165
0.111090749175 0.000893607616043
0.11135648066 0.000894079031896
0.111622212145 0.000894550947845
0.111887943631 0.000895024115552
0.112153675116 0.000895499444848
0.112419406602 0.000895977834252
0.112685138087 0.000896460235887
0.112950869572 0.000896947601085
0.113216601058 0.000897440793845
0.113482332543 0.000897940592261
0.113748064028 0.000898447949011
0.114013795514 0.000898963818923
0.114279526999 0.000899489155655
0.114545258485 0.000900024907849
0.11481098997 0.000900571944127
0.115076721455 0.000901131228662
0.115342452941 0.000901703635909
0.115608184426 0.000902290004104
0.115873915912 0.000902891232827
0.116139647397 0.000903508283847
0.116405378882 0.000904142107591
0.116671110368 0.00090479361696
0.116936841853 0.000905463737982
0.117202573338 0.00090615340578
0.117468304824 0.000906863633273
0.117734036309 0.000907595664422
0.117999767795 0.000908350375966
0.11826549928 0.000909128823285
0.118531230765 0.000909932095321
0.118796962251 0.000910761221786
0.119062693736 0.000911617246146
0.119328425221 0.000912501181355
0.119594156707 0.000913414096303
0.119859888192 0.000914357059841
0.120125619678 0.000915331067104
0.120391351163 0.000916337112972
0.120657082648 0.00091737606392
0.120922814134 0.000918448822277
0.121188545619 0.000919556401574
0.121454277105 0.000920699800924
0.12172000859 0.000921880024041
0.121985740075 0.000923098230844
0.122251471561 0.000924355686219
0.122517203046 0.000925653606707
0.122782934531 0.000926993213191
0.123048666017 0.000928375714259
0.123314397502 0.000929802012495
0.123580128988 0.000931273199974
0.123845860473 0.000932790321335
0.124111591958 0.00093435423702
0.124377323444 0.000935966026751
0.124643054929 0.00093762641328
0.124908786415 0.000939336112912
0.1251745179 0.000941096199712
0.125440249385 0.000942908148347
0.125705980871 0.000944772822477
0.125971712356 0.00094669117306
0.126237443841 0.000948664136013
0.126503175327 0.000950693022999
0.126768906812 0.000952778755774
0.127034638298 0.000954922469175
0.127300369783 0.000957125284905
0.127566101268 0.000959387631847
0.127831832754 0.000961710485182
0.128097564239 0.000964095155383
0.128363295724 0.000966541985288
0.12862902721 0.000969052310758
0.128894758695 0.000971626869864
0.129160490181 0.000974266913311
0.129426221666 0.000976973766833
0.129691953151 0.000979748782373
0.129957684637 0.000982592729669
0.130223416122 0.000985506812271
0.130489147608 0.000988492372798
0.130754879093 0.000991549914579
0.131020610578 0.000994680127884
0.131286342064 0.00099788332908
0.131552073549 0.00100116054858
0.131817805034 0.00100451278481
0.13208353652 0.00100794169844
0.132349268005 0.00101144729306
0.132614999491 0.00101503061523
0.132880730976 0.00101869261362
0.133146462461 0.00102243411299
0.133412193947 0.00102625598357
0.133677925432 0.00103015713766
0.133943656918 0.00103413898246
0.134209388403 0.00103820260218
0.134475119888 0.00104234860128
0.134740851374 0.00104657757984
0.135006582859 0.00105089013968
0.135272314344 0.00105528678207
0.13553804583 0.00105976867882
0.135803777315 0.00106433688324
0.136069508801 0.00106899133685
0.136335240286 0.00107373196178
0.136600971771 0.00107855853731
0.136866703257 0.00108347084887
0.137132434742 0.00108846904672
0.137398166227 0.00109355382426
0.137663897713 0.00109872529317
0.137929629198 0.00110398274951
0.138195360684 0.00110932518876
0.138461092169 0.00111475169697
0.138726823654 0.00112026051625
0.13899255514 0.00112585074326
0.139258286625 0.00113152131516
0.139524018111 0.0011372708762
0.139789749596 0.00114309823572
0.140055481081 0.00114900135804
0.140321212567 0.001154979149
0.140586944052 0.00116102956229
0.140852675537 0.00116715025415
0.141118407023 0.00117333889868
0.141384138508 0.00117959284746
0.141649869994 0.00118590947054
0.141915601479 0.00119228627772
0.142181332964 0.00119872030786
0.14244706445 0.00120520840202
0.142712795935 0.0012117472643
0.14297852742 0.0012183326675
0.143244258906 0.00122496159365
0.143509990391 0.00123162952732
0.143775721877 0.00123833232823
0.144041453362 0.0012450659315
0.144307184847 0.00125182650284
0.144572916333 0.00125861001806
0.144838647818 0.0012654123095
0.145104379304 0.00127222914847
0.145370110789 0.00127905627554
0.145635842274 0.00128588941766
0.14590157376 0.0012927254666
0.146167305245 0.00129956047025
0.14643303673 0.00130639022719
0.146698768216 0.00131321093841
0.146964499701 0.00132001872958
0.147230231187 0.00132680961614
0.147495962672 0.00133357962295
0.147761694157 0.00134032468634
0.148027425643 0.00134704083374
0.148293157128 0.00135372424101
0.148558888614 0.00136037155999
0.148824620099 0.00136697938387
0.149090351584 0.00137354443662
0.14935608307 0.00138006401596
0.149621814555 0.00138653508257
0.14988754604 0.00139295477153
0.150153277526 0.00139921640902
0.150419009011 0.0014054355839
0.150684740497 0.00141158004175
0.150950471982 0.00141765112043
0.151216203467 0.00142365542693
0.151481934953 0.00142959951985
0.151747666438 0.0014354891399
0.152013397923 0.0014413290183
0.152279129409 0.00144712286392
0.152544860894 0.00145287362866
0.15281059238 0.00145858400808
0.153076323865 0.00146425617884
0.15334205535 0.00146989173602
0.153607786836 0.00147549187364
0.153873518321 0.00148105742005
0.154139249807 0.00148658890501
0.154404981292 0.00149208659643
0.154670712777 0.00149755038996
0.154936444263 0.00150298018775
0.155202175748 0.00150837555353
0.155467907233 0.00151373586801
0.155733638719 0.00151906037777
0.155999370204 0.00152434823738
0.15626510169 0.00152959843216
0.156530833175 0.0015348098487
0.15679656466 0.00153998144901
0.157062296146 0.00154511203287
0.157328027631 0.00155020039546
0.157593759116 0.00155524535341
0.157859490602 0.00156024572975
0.158125222087 0.00156520041385
0.158390953573 0.00157010828556
0.158656685058 0.00157496838781
0.158922416543 0.00157977988374
0.159188148029 0.00158454187143
0.159453879514 0.00158925345387
0.159719611 0.00159391380536
0.159985342485 0.00159852228621
0.16025107397 0.00160307828723
0.160516805456 0.00160758130899
0.160782536941 0.0016120307308
0.161048268426 0.00161642614479
0.161313999912 0.00162076730777
0.161579731397 0.00162505403414
0.161845462883 0.00162928615987
0.162111194368 0.00163346358249
0.162376925853 0.00163758628647
0.162642657339 0.00164165434184
0.162908388824 0.00164566788495
0.16317412031 0.00164962709819
0.163439851795 0.001653532164
0.16370558328 0.00165738331793
0.163971314766 0.00166118083846
0.164237046251 0.00166492499795
0.164502777736 0.0016686163087
0.164768509222 0.00167225510554
0.165034240707 0.00167584181056
0.165299972193 0.0016793768232
0.165565703678 0.00168286051357
0.165831435163 0.00168629327629
0.166097166649 0.00168967551974
0.166362898134 0.00169300758796
0.166628629619 0.00169628962935
0.166894361105 0.00169952202316
0.16716009259 0.00170270518369
0.167425824076 0.00170583949691
0.167691555561 0.00170892543918
0.167957287046 0.00171196344931
0.168223018532 0.00171495395676
0.168488750017 0.00171789764639
0.168754481503 0.00172079516263
0.169020212988 0.00172364703841
0.169285944473 0.00172645354017
0.169551675959 0.00172921508366
0.169817407444 0.00173193226973
0.170083138929 0.00173460595731
0.170348870415 0.00173723672221
0.1706146019 0.00173982516474
0.170880333386 0.00174237159193
0.171146064871 0.00174487642484
0.171411796356 0.00174734017039
0.171677527842 0.00174976329529
0.171943259327 0.00175214658333
0.172208990813 0.00175449044831
0.172474722298 0.00175679550571
0.172740453783 0.00175906234256
0.173006185269 0.00176129152816
0.173271916754 0.00176348336141
0.173537648239 0.00176563820303
0.173803379725 0.00176775615742
0.17406911121 0.00176983768259
0.174334842696 0.00177188371434
0.174600574181 0.00177389424439
0.174866305666 0.001775869723
0.175132037152 0.00177781070658
0.175397768637 0.00177971795061
0.175663500122 0.001781591707
0.175929231608 0.00178343227803
0.176194963093 0.00178524024574
0.176460694579 0.00178701655952
0.176726426064 0.00178876176799
0.176992157549 0.0017904766535
0.177257889035 0.00179216189494
0.17752362052 0.00179381786257
0.177789352006 0.00179544522766
0.178055083491 0.0017970450422
0.178320814976 0.00179861798954
0.178586546462 0.00180016477994
0.178852277947 0.00180168590325
0.179118009432 0.00180318218372
0.179383740918 0.00180465471291
0.179649472403 0.00180610456779
0.179915203889 0.00180753244974
0.180180935374 0.0018089393202
0.180446666859 0.0018103262231
0.180712398345 0.00181169404425
0.18097812983 0.00181304319863
0.181243861315 0.00181437423878
0.181509592801 0.0018156880791
0.181775324286 0.00181698561021
0.182041055772 0.0018182679171
0.182306787257 0.00181953535124
0.182572518742 0.00182078875011
0.182838250228 0.00182202891234
0.183103981713 0.00182325669047
0.183369713199 0.00182447277715
0.183635444684 0.00182567742279
0.183901176169 0.00182687179701
0.184166907655 0.00182805638113
0.18443263914 0.00182923187822
0.184698370625 0.00183039913886
0.184964102111 0.00183155895339
0.185229833596 0.00183271205893
0.185495565082 0.00183385950006
0.185761296567 0.00183500212068
0.186027028052 0.00183614028375
0.186292759538 0.00183727434003
0.186558491023 0.00183840456716
0.186824222509 0.00183953139928
0.187089953994 0.00184065549473
0.187355685479 0.00184177740297
0.187621416965 0.00184289744234
0.18788714845 0.0018440156749
0.188152879935 0.00184513225247
0.188418611421 0.0018462473275
0.188684342906 0.00184736097757
0.188950074392 0.00184847375236
0.189215805877 0.00184958589924
0.189481537362 0.00185069759551
0.189747268848 0.00185180896536
0.190013000333 0.00185291949438
0.190278731818 0.0018540289822
0.190544463304 0.00185513726155
0.190810194789 0.0018562441537
0.191075926275 0.00185734967624
0.19134165776 0.00185845364431
0.191607389245 0.00185955587332
0.191873120731 0.00186065629557
0.192138852216 0.00186175487392
0.192404583702 0.00186285161013
0.192670315187 0.00186394630348
0.192936046672 0.00186503833742
0.193201778158 0.00186612743506
0.193467509643 0.00186721318376
0.193733241128 0.00186829532848
0.193998972614 0.00186937377158
0.194264704099 0.00187044871081
0.194530435585 0.00187152043238
0.19479616707 0.00187258911896
0.195061898555 0.00187365493651
0.195327630041 0.00187471807346
0.195593361526 0.00187577876044
0.195859093012 0.00187683788053
0.196124824497 0.00187789597959
0.196390555982 0.00187895374271
0.196656287468 0.00188001173516
0.196922018953 0.00188107040701
0.197187750438 0.00188213018322
0.197453481924 0.00188319147414
0.197719213409 0.00188425455415
0.197984944895 0.00188531970264
0.19825067638 0.00188638721387
0.198516407865 0.00188745747594
0.198782139351 0.00188853084908
0.199047870836 0.00188960776151
0.199313602321 0.00189068892163
0.199579333807 0.00189177491963
0.199845065292 0.00189286624669
0.200110796778 0.00189384539822
0.200376528263 0.00189482359937
0.200642259748 0.00189576829688
0.200907991234 0.00189667898543
0.201173722719 0.00189755926926
0.201439454205 0.0018984123894
0.20170518569 0.00189924084565
0.201970917175 0.00190004638369
0.202236648661 0.00190083036661
0.202502380146 0.00190159367635
0.202768111631 0.00190233712874
0.203033843117 0.00190306145839
0.203299574602 0.00190376734166
0.203565306088 0.00190445538079
0.203831037573 0.00190512614651
0.204096769058 0.00190578022424
0.204362500544 0.00190641806154
0.204628232029 0.00190704015156
0.204893963514 0.00190764691623
0.205159695 0.00190823888473
0.205425426485 0.0019088166044
0.205691157971 0.00190938060994
0.205956889456 0.00190993139714
0.206222620941 0.00191046948323
0.206488352427 0.00191099548202
0.206754083912 0.00191150994217
0.207019815398 0.00191201339242
0.207285546883 0.00191250645501
0.207551278368 0.00191298974489
0.207817009854 0.0019134637904
0.208082741339 0.00191392917894
0.208348472824 0.00191438652184
0.20861420431 0.00191483650159
0.208879935795 0.00191527973168
0.209145667281 0.00191571685173
0.209411398766 0.00191614840383
0.209677130251 0.00191657513872
0.209942861737 0.00191699791269
0.210208593222 0.00191741753987
0.210474324708 0.00191783477402
0.210740056193 0.00191825027948
0.211005787678 0.00191866491364
0.211271519164 0.00191907955348
0.211537250649 0.00191949505221
0.211802982134 0.00191991218129
0.21206871362 0.00192033173136
0.212334445105 0.00192075459837
0.212600176591 0.00192118171523
0.212865908076 0.0019216139698
0.213131639561 0.0019220522869
0.213397371047 0.00192249746951
0.213663102532 0.00192295035811
0.213928834017 0.00192341189198
0.214194565503 0.00192388299369
0.214460296988 0.00192436460966
0.214726028474 0.00192485768992
0.214991759959 0.00192536313974
0.215257491444 0.00192588184386
0.21552322293 0.00192641463426
0.215788954415 0.00192696235739
0.216054685901 0.00192752593641
0.216320417386 0.00192810628557
0.216586148871 0.0019287043005
0.216851880357 0.00192932091168
0.217117611842 0.00192995705516
0.217383343327 0.00193061363155
0.217649074813 0.00193129157069
0.217914806298 0.0019319920037
0.218180537784 0.00193271584274
0.218446269269 0.00193346415711
0.218712000754 0.00193423800009
0.21897773224 0.00193503838527
0.219243463725 0.00193586634577
0.219509195211 0.00193672292175
0.219774926696 0.00193760916894
0.220040658181 0.00193852613715
0.220306389667 0.00193947484456
0.220572121152 0.00194045627125
0.220837852637 0.00194147117827
0.221103584123 0.00194252054075
0.221369315608 0.00194360536979
0.221635047094 0.00194472666846
0.221900778579 0.0019458854161
0.222166510064 0.0019470826487
0.22243224155 0.00194831974451
0.222697973035 0.00194959791115
0.22296370452 0.0019509183902
0.223229436006 0.00195228236612
0.223495167491 0.00195369062268
0.223760898977 0.0019551443142
0.224026630462 0.00195664435532
0.224292361947 0.00195819172077
0.224558093433 0.00195978746902
0.224823824918 0.00196143217609
0.225089556404 0.00196312673292
0.225355287889 0.00196487220094
0.225621019374 0.0019666700171
0.22588675086 0.00196852098614
0.226152482345 0.00197042601258
0.22641821383 0.00197238625412
0.226683945316 0.00197440289127
0.226949676801 0.00197647688112
0.227215408287 0.00197860942864
0.227481139772 0.00198080140548
0.227746871257 0.00198305317907
0.228012602743 0.00198536616443
0.228278334228 0.00198774068875
0.228544065713 0.0019901780768
0.228809797199 0.00199267932163
0.229075528684 0.00199524545683
0.22934126017 0.00199787766386
0.229606991655 0.00200057747959
0.22987272314 0.00200334612326
0.230138454626 0.00200618390481
0.230404186111 0.00200909247184
0.230669917597 0.00201207259708
0.230935649082 0.00201512534227
0.231201380567 0.00201825065746
0.231467112053 0.00202144955333
0.231732843538 0.00202472305045
0.231998575023 0.00202807228235
0.232264306509 0.00203149822553
0.232530037994 0.00203500148336
0.23279576948 0.00203858308939
0.233061500965 0.00204224383217
0.23332723245 0.00204598473604
0.233592963936 0.00204980561177
0.233858695421 0.00205370645929
0.234124426907 0.00205768879844
0.234390158392 0.00206175352536
0.234655889877 0.00206590122877
0.234921621363 0.00207013258266
0.235187352848 0.00207444815256
0.235453084333 0.00207884854141
0.235718815819 0.00208333521878
0.235984547304 0.00208790850397
0.23625027879 0.00209256837667
0.236516010275 0.00209731476102
0.23678174176 0.00210214745312
0.237047473246 0.00210706641247
0.237313204731 0.00211207210785
0.237578936216 0.00211716510897
0.237844667702 0.00212234510954
0.238110399187 0.0021276111457
0.238376130673 0.00213296239611
0.238641862158 0.00213839743532
0.238907593643 0.00214391502049
0.239173325129 0.00214951429988
0.239439056614 0.00215519400815
0.2397047881 0.00216095295104
0.239970519585 0.00216678951888
0.24023625107 0.00217270199262
0.240501982556 0.00217868909181
0.240767714041 0.00218474858535
0.241033445526 0.00219087814878
0.241299177012 0.00219707532855
0.241564908497 0.00220333752971
0.241830639983 0.0022096622414
0.242096371468 0.00221604679762
0.242362102953 0.00222248813682
0.242627834439 0.00222898309948
0.242893565924 0.00223552764215
0.24315929741 0.00224211841189
0.243425028895 0.00224875136699
0.24369076038 0.0022554223368
0.243956491866 0.00226212721424
0.244222223351 0.00226886205388
0.244487954836 0.00227562299895
0.244753686322 0.00228240596241
0.245019417807 0.00228920673313
0.245285149293 0.0022960210506
0.245550880778 0.0023028446384
0.245816612263 0.00230967379485
0.246082343749 0.00231650505632
0.246348075234 0.00232333417041
0.246613806719 0.00233015712408
0.246879538205 0.00233697022576
0.24714526969 0.00234376941904
0.247411001176 0.00235055071273
0.247676732661 0.00235731001531
0.247942464146 0.00236404326556
0.248208195632 0.00237074652964
0.248473927117 0.00237741616648
0.248739658603 0.00238404883371
0.249005390088 0.0023906410199
0.249271121573 0.00239718985729
0.249536853059 0.00240369233722
0.249802584544 0.00241014546281
0.250068316029 0.00241644426564
0.250334047515 0.00242270232131
0.250599779 0.00242888711955
0.250865510486 0.00243499974864
0.251131241971 0.0024410467409
0.251396973456 0.00244703443681
0.251662704942 0.00245296833484
0.251928436427 0.00245885320253
0.252194167912 0.00246469263957
0.252459899398 0.00247048950578
0.252725630883 0.00247624637464
0.252991362369 0.0024819653346
0.253257093854 0.0024876479351
0.253522825339 0.00249329525939
0.253788556825 0.0024989080918
0.25405428831 0.00250448682994
0.254320019796 0.00251003170996
0.254585751281 0.00251554260616
0.254851482766 0.00252101939318
0.255117214252 0.00252646155787
0.255382945737 0.00253186844345
0.255648677222 0.00253723928464
0.255914408708 0.00254257321066
0.256180140193 0.00254786919095
0.256445871679 0.00255312607746
0.256711603164 0.00255834274641
0.256977334649 0.00256351804452
0.257243066135 0.00256865072821
0.25750879762 0.00257373958482
0.257774529106 0.00257878344835
0.258040260591 0.00258378116761
0.258305992076 0.00258873164476
0.258571723562 0.00259363393677
0.258837455047 0.0025984871714
0.259103186532 0.00260329039415
0.259368918018 0.00260804275724
0.259634649503 0.00261274343377
0.259900380989 0.00261739174462
0.260166112474 0.00262198710446
0.260431843959 0.00262652897356
0.260697575445 0.00263101679854
0.26096330693 0.00263545015894
0.261229038415 0.00263982878482
0.261494769901 0.00264415249079
0.261760501386 0.00264842114107
0.262026232872 0.00265263463076
0.262291964357 0.00265679294974
0.262557695842 0.00266089613824
0.262823427328 0.00266494436485
0.263089158813 0.00266893780972
0.263354890299 0.00267287666939
0.263620621784 0.00267676118558
0.263886353269 0.00268059163337
0.264152084755 0.00268436831198
0.26441781624 0.00268809174102
0.264683547725 0.00269176225571
0.264949279211 0.00269538025433
0.265215010696 0.002698946179
0.265480742182 0.00270246039875
0.265746473667 0.00270592331204
0.266012205152 0.0027093353265
0.266277936638 0.00271269684815
0.266543668123 0.00271600802167
0.266809399609 0.00271926921151
0.267075131094 0.00272248081293
0.267340862579 0.0027256432428
0.267606594065 0.00272875696844
0.26787232555 0.00273182243648
0.268138057035 0.00273484008715
0.268403788521 0.00273781055634
0.268669520006 0.00274073453536
0.268935251492 0.00274361256357
0.269200982977 0.00274644498051
0.269466714462 0.00274923213947
0.269732445948 0.0027519746139
0.269998177433 0.00275467329545
0.270263908918 0.0027573287457
0.270529640404 0.00275994158472
0.270795371889 0.0027625122116
0.271061103375 0.00276504096371
0.27132683486 0.00276752835136
0.271592566345 0.00276997485173
0.271858297831 0.00277238123849
0.272124029316 0.00277474798581
0.272389760802 0.00277707564167
0.272655492287 0.00277936481154
0.272921223772 0.00278161606098
0.273186955258 0.00278382978295
0.273452686743 0.00278600631653
0.273718418228 0.00278814585489
0.273984149714 0.00279024864681
0.274249881199 0.00279231572095
0.274515612685 0.0027943471855
0.27478134417 0.00279634333711
0.275047075655 0.00279830473629
0.275312807141 0.00280023210459
0.275578538626 0.00280212580151
0.275844270111 0.00280398615333
0.276110001597 0.00280581357744
0.276375733082 0.00280760905296
0.276641464568 0.00280937318032
0.276907196053 0.00281110669308
0.277172927538 0.0028128103512
0.277438659024 0.00281448451043
0.277704390509 0.00281612972869
0.277970121995 0.00281774714718
0.27823585348 0.00281933738538
0.278501584965 0.00282090127292
0.278767316451 0.0028224391733
0.279033047936 0.00282395195342
0.279298779421 0.00282544060525
0.279564510907 0.00282690623857
0.279830242392 0.00282834972423
0.280095973878 0.00282977179291
0.280361705363 0.00283117355767
0.280627436848 0.0028325559653
0.280893168334 0.00283391956169
0.281158899819 0.00283526473114
0.281424631305 0.00283659239071
0.28169036279 0.00283790344166
0.281956094275 0.00283919898853
0.282221825761 0.00284047941957
0.282487557246 0.00284174552221
0.282753288731 0.00284299810732
0.283019020217 0.00284423800546
0.283284751702 0.00284546607071
0.283550483188 0.00284668242391
0.283816214673 0.00284788813103
0.284081946158 0.00284908384054
0.284347677644 0.0028502701676
0.284613409129 0.00285144795343
0.284879140614 0.00285261800152
0.2851448721 0.00285378105814
0.285410603585 0.00285493806425
0.285676335071 0.00285608998662
0.285942066556 0.00285723720953
0.286207798041 0.00285838011225
0.286473529527 0.00285951894167
0.286739261012 0.00286065412787
0.287004992498 0.00286178625708
0.287270723983 0.00286291593226
0.287536455468 0.00286404352911
0.287802186954 0.00286516910578
0.288067918439 0.00286629280639
0.288333649924 0.00286741481054
0.28859938141 0.00286853507962
0.288865112895 0.00286965421627
0.289130844381 0.00287077247828
0.289396575866 0.00287189005514
0.289662307351 0.00287300710398
0.289928038837 0.00287412318688
0.290193770322 0.00287523803681
0.290459501808 0.00287635148982
0.290725233293 0.00287746336189
0.290990964778 0.00287857362026
0.291256696264 0.00287968212832
0.291522427749 0.002880788697
0.291788159234 0.00288189320838
0.29205389072 0.00288299565804
0.292319622205 0.00288409602295
0.292585353691 0.0028851942488
0.292851085176 0.00288628962666
0.293116816661 0.00288738190022
0.293382548147 0.00288847065482
0.293648279632 0.00288955560616
0.293914011117 0.00289063661059
0.294179742603 0.00289171384078
0.294445474088 0.00289278755906
0.294711205574 0.00289385797517
0.294976937059 0.00289492525139
0.295242668544 0.00289598957454
0.29550840003 0.00289705116769
0.295774131515 0.00289811075331
0.296039863001 0.00289916901745
0.296305594486 0.00290022659013
0.296571325971 0.00290128406935
0.296837057457 0.00290234193026
0.297102788942 0.00290340059717
0.297368520427 0.00290446048856
0.297634251913 0.00290552190342
0.297899983398 0.00290658512444
0.298165714884 0.00290765044473
0.298431446369 0.00290871823471
0.298697177854 0.00290978887822
0.29896290934 0.00291086278304
0.299228640825 0.00291194060601
0.29949437231 0.00291302298654
0.299760103796 0.0029141104284
0.300025835281 0.0029150858897
0.300291566767 0.00291606010284
0.300557298252 0.00291700053674
0.300823029737 0.00291790673407
0.301088761223 0.00291878236498
0.301354492708 0.00291963061239
0.301620224194 0.00292045400463
0.301885955679 0.00292125428873
0.302151687164 0.00292203284634
0.30241741865 0.00292279055586
0.302683150135 0.00292352824924
0.30294888162 0.00292424665746
0.303214613106 0.00292494646564
0.303480344591 0.00292562828711
0.303746076077 0.00292629268523
0.304011807562 0.00292694025105
0.304277539047 0.00292757147337
0.304543270533 0.00292818682005
0.304809002018 0.00292878672103
0.305074733504 0.00292937170443
0.305340464989 0.00292994231345
0.305606196474 0.0029304991076
0.30587192796 0.0029310425753
0.306137659445 0.00293157322379
0.30640339093 0.00293209165671
0.306669122416 0.00293259845658
0.306934853901 0.00293309412548
0.307200585387 0.00293357928353
0.307466316872 0.00293405456968
0.307732048357 0.0029345205151
0.307997779843 0.00293497769811
0.308263511328 0.00293542671666
0.308529242813 0.00293586825002
0.308794974299 0.00293630293137
0.309060705784 0.00293673139697
0.30932643727 0.00293715420178
0.309592168755 0.0029375720579
0.30985790024 0.00293798577011
0.310123631726 0.00293839618126
0.310389363211 0.00293880407891
0.310655094697 0.00293921009622
0.310920826182 0.00293961508367
0.311186557667 0.00294001991608
0.311452289153 0.00294042545569
0.311718020638 0.00294083251363
0.311983752123 0.00294124183202
0.312249483609 0.00294165430878
0.312515215094 0.00294207087405
0.31278094658 0.00294249242922
0.313046678065 0.00294291988347
0.31331240955 0.00294335409508
0.313578141036 0.00294379585804
0.313843872521 0.00294424610738
0.314109604006 0.00294470576759
0.314375335492 0.00294517578225
0.314641066977 0.00294565709831
0.314906798463 0.00294615065094
0.315172529948 0.0029466573023
0.315438261433 0.00294717793454
0.315703992919 0.0029477133462
0.315969724404 0.00294826445431
0.31623545589 0.00294883218726
0.316501187375 0.00294941743285
0.31676691886 0.00295002111479
0.317032650346 0.00295064417461
0.317298381831 0.00295128751345
0.317564113316 0.00295195205502
0.317829844802 0.00295263881621
0.318095576287 0.00295334881754
0.318361307773 0.00295408307466
0.318627039258 0.00295484265624
0.318892770743 0.00295562857126
0.319158502229 0.00295644185966
0.319424233714 0.00295728355264
0.3196899652 0.0029581547013
0.319955696685 0.0029590563715
0.32022142817 0.0029599895686
0.320487159656 0.00296095529511
0.320752891141 0.00296195438236
0.321018622626 0.0029629877182
0.321284354112 0.00296405632199
0.321550085597 0.00296516119588
0.321815817083 0.00296630332122
0.322081548568 0.0029674836389
0.322347280053 0.00296870352148
0.322613011539 0.00296996420727
0.322878743024 0.00297126692081
0.323144474509 0.00297261289675
0.323410205995 0.00297400298181
0.32367593748 0.00297543827278
0.323941668966 0.00297691973216
0.324207400451 0.0029784482816
0.324473131936 0.0029800250101
0.324738863422 0.00298165063125
0.325004594907 0.00298332589968
0.325270326393 0.00298505174351
0.325536057878 0.00298682969439
0.325801789363 0.00298866059354
0.326067520849 0.00299054541205
0.326333252334 0.00299248513523
0.326598983819 0.00299448108046
0.326864715305 0.00299653410591
0.32713044679 0.00299864542026
0.327396178276 0.00300081606777
0.327661909761 0.00300304644529
0.327927641246 0.00300533757172
0.328193372732 0.00300769033449
0.328459104217 0.00301010558803
0.328724835703 0.0030125846082
0.328990567188 0.00301512821331
0.329256298673 0.00301773762341
0.329522030159 0.00302041428632
0.329787761644 0.00302315949223
0.330053493129 0.0030259737436
0.330319224615 0.00302885843626
0.3305849561 0.00303181458736
0.330850687586 0.00303484307226
0.331116419071 0.0030379442659
0.331382150556 0.00304111880668
0.331647882042 0.00304436773526
0.331913613527 0.00304769207992
0.332179345012 0.00305109315246
0.332445076498 0.00305457130176
0.332710807983 0.00305812757958
0.332976539469 0.00306176283983
0.333242270954 0.00306547805875
0.333508002439 0.00306927371094
0.333773733925 0.0030731488951
0.33403946541 0.00307710528858
0.334305196896 0.00308114401252
0.334570928381 0.00308526556661
0.334836659866 0.00308947065678
0.335102391352 0.00309375988663
0.335368122837 0.00309813375296
0.335633854322 0.00310259358213
0.335899585808 0.00310714011925
0.336165317293 0.0031117732883
0.336431048779 0.00311649309982
0.336696780264 0.00312129932043
0.336962511749 0.00312619184296
0.337228243235 0.00313117090862
0.33749397472 0.00313623735009
0.337759706205 0.00314139110716
0.338025437691 0.00314663119001
0.338291169176 0.00315195679702
0.338556900662 0.00315736683724
0.338822632147 0.00316285965481
0.339088363632 0.00316843453556
0.339354095118 0.00317409029001
0.339619826603 0.00317982567761
0.339885558089 0.00318563939996
0.340151289574 0.00319152930019
0.340417021059 0.00319749451071
0.340682752545 0.00320353284732
0.34094848403 0.00320964196618
0.341214215515 0.00321581952201
0.341479947001 0.00322206291207
0.341745678486 0.00322836958354
0.342011409972 0.00323473700301
0.342277141457 0.00324116217237
0.342542872942 0.00324764195427
0.342808604428 0.00325417262657
0.343074335913 0.00326075046032
0.343340067399 0.00326737182056
0.343605798884 0.00327403243877
0.343871530369 0.00328072820983
0.344137261855 0.00328745508248
0.34440299334 0.00329420925995
0.344668724825 0.00330098670556
0.344934456311 0.00330778322374
0.345200187796 0.00331459456207
0.345465919282 0.00332141644246
0.345731650767 0.00332824480638
0.345997382252 0.00333507647499
0.346263113738 0.00334190724979
0.346528845223 0.00334873305232
0.346794576708 0.00335555010556
0.347060308194 0.00336235443287
0.347326039679 0.00336914202326
0.347591771165 0.00337590881793
0.34785750265 0.00338265072615
0.348123234135 0.0033893637736
0.348388965621 0.00339604415922
0.348654697106 0.00340268860802
0.348920428592 0.00340929356221
0.349186160077 0.00341585594792
0.349451891562 0.00342237286564
0.349717623048 0.00342884126979
0.349983354533 0.00343525830126
0.350249086018 0.00344151605488
0.350514817504 0.00344772826865
0.350780548989 0.00345386718817
0.351046280475 0.00345993504263
0.35131201196 0.00346593840853
0.351577743445 0.00347188312697
0.351843474931 0.00347777428166
0.352109206416 0.00348361596355
0.352374937902 0.00348941130973
0.352640669387 0.00349516336219
0.352906400872 0.00350087471064
0.353172132358 0.00350654744893
0.353437863843 0.0035121831571
0.353703595328 0.0035177831036
0.353969326814 0.00352334813115
0.354235058299 0.00352887886706
0.354500789785 0.00353437559173
0.35476652127 0.00353983826273
0.355032252755 0.00354526686195
0.355297984241 0.00355066097688
0.355563715726 0.00355602000912
0.355829447211 0.00356134326063
0.356095178697 0.00356662989613
0.356360910182 0.00357187889938
0.356626641668 0.00357708920209
0.356892373153 0.0035822597611
0.357158104638 0.00358738937444
0.357423836124 0.00359247684527
0.357689567609 0.00359752100139
0.357955299095 0.00360252067939
0.35822103058 0.0036074747648
0.358486762065 0.00361238215679
0.358752493551 0.00361724202684
0.359018225036 0.00362205340075
0.359283956521 0.00362681537696
0.359549688007 0.00363152706276
0.359815419492 0.00363618766866
0.360081150978 0.00364079654265
0.360346882463 0.00364535305513
0.360612613948 0.00364985667795
0.360878345434 0.00365430679496
0.361144076919 0.00365870304974
0.361409808404 0.00366304518962
0.36167553989 0.00366733300398
0.361941271375 0.00367156631416
0.362207002861 0.0036757450289
0.362472734346 0.00367986911894
0.362738465831 0.00368393865319
0.363004197317 0.00368795378486
0.363269928802 0.00369191465242
0.363535660288 0.00369582144069
0.363801391773 0.00369967437452
0.364067123258 0.00370347371546
0.364332854744 0.00370721988448
0.364598586229 0.00371091323907
0.364864317714 0.00371455411098
0.3651300492 0.00371814293282
0.365395780685 0.00372168005832
0.365661512171 0.00372516585058
0.365927243656 0.00372860070132
0.366192975141 0.00373198499795
0.366458706627 0.00373531899263
0.366724438112 0.00373860292186
0.366990169598 0.00374183716219
0.367255901083 0.00374502211963
0.367521632568 0.00374815822725
0.367787364054 0.00375124595074
0.368053095539 0.00375428572881
0.368318827024 0.00375727798995
0.36858455851 0.00376022352669
0.368850289995 0.00376312289323
0.369116021481 0.00376597656136
0.369381752966 0.00376878476136
0.369647484451 0.00377154796441
0.369913215937 0.00377426708103
0.370178947422 0.00377694271643
0.370444678907 0.00377957546147
0.370710410393 0.00378216585708
0.370976141878 0.0037847141321
0.371241873364 0.00378722080066
0.371507604849 0.00378968634897
0.371773336334 0.00379211140465
0.37203906782 0.00379449666712
0.372304799305 0.00379684256257
0.372570530791 0.00379914970873
0.372836262276 0.00380141867569
0.373101993761 0.00380365000126
0.373367725247 0.00380584391313
0.373633456732 0.00380800076052
0.373899188217 0.00381012057435
0.374164919703 0.00381220433815
0.374430651188 0.00381425251991
0.374696382674 0.00381626509789
0.374962114159 0.0038182427007
0.375227845644 0.0038201859727
0.37549357713 0.00382209544276
0.375759308615 0.00382397145895
0.376025040101 0.00382581416502
0.376290771586 0.00382762459905
0.376556503071 0.00382940345438
0.376822234557 0.00383115139124
0.377087966042 0.00383286919437
0.377353697527 0.00383455737718
0.377619429013 0.00383621630645
0.377885160498 0.00383784705447
0.378150891984 0.00383945036201
0.378416623469 0.00384102706441
0.378682354954 0.00384257754886
0.37894808644 0.00384410263108
0.379213817925 0.00384560315664
0.37947954941 0.0038470802855
0.379745280896 0.00384853507432
0.380011012381 0.00384996802554
0.380276743867 0.00385138032003
0.380542475352 0.00385277295375
0.380808206837 0.00385414668227
0.381073938323 0.00385550165937
0.381339669808 0.0038568387975
0.381605401294 0.00385815900687
0.381871132779 0.00385946326275
0.382136864264 0.00386075232494
0.38240259575 0.00386202675448
0.382668327235 0.00386328737343
0.38293405872 0.00386453497888
0.383199790206 0.00386577046252
0.383465521691 0.00386699414935
0.383731253177 0.00386820677116
0.383996984662 0.00386940923377
0.384262716147 0.00387060201761
0.384528447633 0.0038717859457
0.384794179118 0.0038729618389
0.385059910603 0.00387413046139
0.385325642089 0.00387529262105
0.385591373574 0.00387644947397
0.38585710506 0.00387760145854
0.386122836545 0.00387874896734
0.38638856803 0.00387989225047
0.386654299516 0.00388103170264
0.386920031001 0.00388216781623
0.387185762487 0.00388330126465
0.387451493972 0.00388443256113
0.387717225457 0.0038855617332
0.387982956943 0.00388668892285
0.388248688428 0.00388781430583
0.388514419913 0.00388893789614
0.388780151399 0.00389006012177
0.389045882884 0.00389118133888
0.38931161437 0.00389230175899
0.389577345855 0.00389342156561
0.38984307734 0.00389454051863
0.390108808826 0.0038956582334
0.390374540311 0.00389677455455
0.390640271797 0.00389788929268
0.390906003282 0.00389900236079
0.391171734767 0.00390011367854
0.391437466253 0.00390122305571
0.391703197738 0.00390233031941
0.391968929223 0.00390343549055
0.392234660709 0.00390453848541
0.392500392194 0.00390563939838
0.39276612368 0.00390673756973
0.393031855165 0.00390783265153
0.39329758665 0.00390892428107
0.393563318136 0.00391001212418
0.393829049621 0.00391109598455
0.394094781106 0.00391217591932
0.394360512592 0.00391325219558
0.394626244077 0.00391432506323
0.394891975563 0.00391539467732
0.395157707048 0.00391646121652
0.395423438533 0.00391752489014
0.395689170019 0.00391858616179
0.395954901504 0.00391964594716
0.39622063299 0.00392070474244
0.396486364475 0.00392176321464
0.39675209596 0.00392282186844
0.397017827446 0.00392388113759
0.397283558931 0.00392494144437
0.397549290416 0.00392600313267
0.397815021902 0.00392706648301
0.398080753387 0.00392813178416
0.398346484873 0.00392919937017
0.398612216358 0.00393026965092
0.398877947843 0.00393134298839
0.399143679329 0.0039324199517
0.399409410814 0.00393350126071
0.3996751423 0.00393458743662
0.399940873785 0.00393567897011
0.40020660527 0.00393665756928
0.400472336756 0.00393763533574
0.400738068241 0.0039385796686
0.401003799726 0.00393948988847
0.401269531212 0.00394036966025
0.401535262697 0.00394122236562
0.401800994183 0.00394205044981
0.402066725668 0.00394285570369
0.402332457153 0.00394363946373
0.402598188639 0.00394440261644
0.402863920124 0.00394514599609
0.403129651609 0.00394587036997
0.403395383095 0.00394657641563
0.40366111458 0.00394726471877
0.403926846066 0.00394793589044
0.404192577551 0.00394859048409
0.404458309036 0.00394922892858
0.404724040522 0.00394985178052
0.404989772007 0.00395045945545
0.405255503493 0.00395105248737
0.405521234978 0.00395163143472
0.405786966463 0.00395219679391
0.406052697949 0.00395274907997
0.406318429434 0.00395328886068
0.406584160919 0.00395381674742
0.406849892405 0.00395433322814
0.40711562389 0.0039548389042
0.407381355376 0.00395533441919
0.407647086861 0.00395582032449
0.407912818346 0.00395629717304
0.408178549832 0.00395676556079
0.408444281317 0.00395722612523
0.408710012802 0.00395767956387
0.408975744288 0.00395812645685
0.409241475773 0.00395856741175
0.409507207259 0.00395900303927
0.409772938744 0.00395943418843
0.410038670229 0.00395986166506
0.410304401715 0.00396028627894
0.4105701332 0.00396070871543
0.410835864686 0.00396112971368
0.411101596171 0.00396155013548
0.411367327656 0.00396197084427
0.411633059142 0.00396239268829
0.411898790627 0.00396281639093
0.412164522112 0.00396324279303
0.412430253598 0.0039636728015
0.412695985083 0.00396410733487
0.412961716569 0.00396454727731
0.413227448054 0.00396499356406
0.413493179539 0.00396544692515
0.413758911025 0.00396590826415
0.41402464251 0.00396637851693
0.414290373996 0.0039668586171
0.414556105481 0.00396734950435
0.414821836966 0.00396785212551
0.415087568452 0.00396836734426
0.415353299937 0.00396889609866
0.415619031422 0.00396943913169
0.415884762908 0.00396999734973
0.416150494393 0.00397057168928
0.416416225879 0.00397116304745
0.416681957364 0.00397177233206
0.416947688849 0.00397240048443
0.417213420335 0.00397304842322
0.41747915182 0.00397371705569
0.417744883305 0.00397440737185
0.418010614791 0.00397512049846
0.418276346276 0.00397585737295
0.418542077762 0.00397661906528
0.418807809247 0.00397740660615
0.419073540732 0.00397822102926
0.419339272218 0.00397906334552
0.419605003703 0.00397993461029
0.419870735189 0.00398083589281
0.420136466674 0.00398176821353
0.420402198159 0.0039827325859
0.420667929645 0.00398372990568
0.42093366113 0.00398476100592
0.421199392615 0.00398582689197
0.421465124101 0.00398692856641
0.421730855586 0.0039880670203
0.421996587072 0.00398924324582
0.422262318557 0.00399045845437
0.422528050042 0.00399171395262
0.422793781528 0.00399301095069
0.423059513013 0.00399435069299
0.423325244499 0.00399573417747
0.423590975984 0.00399716236016
0.423856707469 0.00399863632195
0.424122438955 0.00400015693137
0.42438817044 0.00400172527604
0.424653901925 0.00400334221259
0.424919633411 0.00400500835736
0.425185364896 0.00400672467512
0.425451096382 0.00400849251934
0.425716827867 0.0040103129556
0.425982559352 0.00401218694286
0.426248290838 0.00401411531667
0.426514022323 0.00401609939572
0.426779753808 0.00401814017178
0.427045485294 0.00402023874445
0.427311216779 0.00402239631514
0.427576948265 0.00402461334482
0.42784267975 0.00402689050444
0.428108411235 0.00402922918105
0.428374142721 0.00403162977991
0.428639874206 0.00403409382179
0.428905605692 0.00403662191833
0.429171337177 0.0040392153638
0.429437068662 0.00404187547332
0.429702800148 0.00404460363961
0.429968531633 0.0040474007103
0.430234263118 0.00405026759597
0.430499994604 0.00405320568502
0.430765726089 0.00405621562762
0.431031457575 0.00405929821642
0.43129718906 0.0040624537176
0.431562920545 0.00406568320214
0.431828652031 0.00406898767038
0.432094383516 0.00407236862397
0.432360115001 0.00407582622697
0.432625846487 0.00407936155413
0.432891577972 0.00408297555364
0.433157309458 0.00408666909882
0.433423040943 0.00409044313442
0.433688772428 0.00409429657223
0.433954503914 0.00409823068775
0.434220235399 0.00410224677588
0.434485966885 0.00410634543573
0.43475169837 0.00411052734195
0.435017429855 0.00411479314039
0.435283161341 0.00411914335254
0.435548892826 0.00412357892475
0.435814624311 0.00412810115231
0.436080355797 0.00413270993046
0.436346087282 0.0041374053135
0.436611818768 0.00414218708962
0.436877550253 0.00414705514281
0.437143281738 0.00415200960087
0.437409013224 0.00415705115009
0.437674744709 0.00416217999709
0.437940476195 0.00416739544246
0.43820620768 0.00417269660961
0.438471939165 0.00417808263651
0.438737670651 0.00418355168415
0.439003402136 0.00418910301909
0.439269133621 0.00419473557522
0.439534865107 0.00420044808101
0.439800596592 0.00420623936668
0.440066328078 0.00421210734269
0.440332059563 0.00421805096319
0.440597791048 0.00422406834157
0.440863522534 0.00423015718413
0.441129254019 0.00423631518041
0.441394985504 0.00424253973921
0.44166071699 0.00424882828341
0.441926448475 0.00425517836538
0.442192179961 0.00426158709162
0.442457911446 0.00426805134182
0.442723642931 0.00427456775319
0.442989374417 0.00428113214399
0.443255105902 0.00428774140714
0.443520837388 0.00429439114286
0.443786568873 0.00430107724476
0.444052300358 0.00430779559009
0.444318031844 0.00431454239838
0.444583763329 0.00432131369418
0.444849494814 0.00432810532752
0.4451152263 0.00433491305881
0.445380957785 0.00434173261527
0.445646689271 0.00434855971829
0.445912420756 0.00435539121213
0.446178152241 0.00436222310959
0.446443883727 0.00436905124779
0.446709615212 0.00437587174933
0.446975346698 0.00438268074481
0.447241078183 0.00438947420773
0.447506809668 0.00439624812419
0.447772541154 0.00440299838509
0.448038272639 0.00440972097724
0.448304004124 0.00441641202255
0.44856973561 0.00442306813232
0.448835467095 0.00442968582624
0.449101198581 0.0044362617753
0.449366930066 0.0044427932176
0.449632661551 0.00444927706412
0.449898393037 0.00445571038907
0.450164124522 0.00446198779968
0.450429856007 0.00446822349143
0.450695587493 0.00447438504332
0.450961318978 0.00448047360899
0.451227050464 0.00448649581938
0.451492781949 0.00449245813283
0.451758513434 0.00449836623015
0.45202424492 0.00450422481563
0.452289976405 0.00451003753328
0.452555707891 0.00451580732889
0.452821439376 0.00452153687662
0.453087170861 0.00452722834054
0.453352902347 0.00453288328836
0.453618633832 0.00453850290703
0.453884365317 0.00454408799779
0.454150096803 0.00454963904736
0.454415828288 0.00455515633228
0.454681559774 0.00456063972375
0.454947291259 0.00456608914346
0.455213022744 0.00457150412888
0.45547875423 0.00457688403267
0.455744485715 0.00458222814336
0.4560102172 0.00458753558998
0.456275948686 0.00459280533947
0.456541680171 0.00459803626075
0.456807411657 0.00460322731912
0.457073143142 0.00460837730622
0.457338874627 0.00461348500072
0.457604606113 0.00461854921059
0.457870337598 0.00462356876517
0.458136069084 0.00462854254252
0.458401800569 0.00463346943258
0.458667532054 0.00463834853683
0.45893326354 0.00464317893314
0.459198995025 0.00464795971105
0.45946472651 0.00465268997923
0.459730457996 0.0046573689349
0.459996189481 0.00466199591183
0.460261920967 0.0046665702905
0.460527652452 0.00467109156282
0.460793383937 0.00467555909841
0.461059115423 0.00467997252968
0.461324846908 0.00468433159104
0.461590578394 0.00468863608107
0.461856309879 0.00469288583622
0.462122041364 0.00469708075728
0.46238777285 0.00470122081936
0.462653504335 0.00470530607998
0.46291923582 0.00470933669841
0.463184967306 0.00471331282894
0.463450698791 0.00471723465748
0.463716430277 0.00472110241751
0.463982161762 0.00472491637955
0.464247893247 0.00472867688994
0.464513624733 0.00473238439638
0.464779356218 0.00473603921856
0.465045087703 0.00473964179
0.465310819189 0.00474319249682
0.465576550674 0.00474669169638
0.46584228216 0.00475013979328
0.466108013645 0.00475353718185
0.46637374513 0.00475688419115
0.466639476616 0.0047601809935
0.466905208101 0.00476342796584
0.467170939587 0.00476662551761
0.467436671072 0.00476977405287
0.467702402557 0.00477287406176
0.467968134043 0.00477592597696
0.468233865528 0.00477893021106
0.468499597013 0.00478188751647
0.468765328499 0.00478479849764
0.469031059984 0.00478766367917
0.46929679147 0.00479048330091
0.469562522955 0.00479325780411
0.46982825444 0.00479598792742
0.470093985926 0.0047986744201
0.470359717411 0.00480131786025
0.470625448896 0.0048039188485
0.470891180382 0.0048064776507
0.471156911867 0.00480899471674
0.471422643353 0.0048114705472
0.471688374838 0.00481390564561
0.471954106323 0.00481630084815
0.472219837809 0.00481865652772
0.472485569294 0.00482097329613
0.47275130078 0.00482325173873
0.473017032265 0.00482549242223
0.47328276375 0.00482769561418
0.473548495236 0.00482986169009
0.473814226721 0.00483199073013
0.474079958206 0.00483408338675
0.474345689692 0.00483614047388
0.474611421177 0.00483816187607
0.474877152663 0.00484014814542
0.475142884148 0.0048420998769
0.475408615633 0.00484401775675
0.475674347119 0.00484590204722
0.475940078604 0.00484775299189
0.47620581009 0.00484957135181
0.476471541575 0.00485135798348
0.47673727306 0.00485311346976
0.477003004546 0.00485483858887
0.477268736031 0.00485653399415
0.477534467516 0.00485820002535
0.477800199002 0.00485983746558
0.478065930487 0.00486144732457
0.478331661973 0.00486303030473
0.478597393458 0.0048645870156
0.478863124943 0.00486611804472
0.479128856429 0.00486762421001
0.479394587914 0.004869106652
0.479660319399 0.00487056647005
0.479926050885 0.00487200423189
0.48019178237 0.00487342101081
0.480457513856 0.00487481783138
0.480723245341 0.00487619554217
0.480988976826 0.00487755447841
0.481254708312 0.00487889530166
0.481520439797 0.00488021892177
0.481786171283 0.00488152625084
0.482051902768 0.00488281829968
0.482317634253 0.00488409546569
0.482583365739 0.00488535858475
0.482849097224 0.00488660844824
0.483114828709 0.00488784592716
0.483380560195 0.00488907160171
0.48364629168 0.00489028582917
0.483912023166 0.00489148978162
0.484177754651 0.00489268387336
0.484443486136 0.0048938688579
0.484709217622 0.00489504557899
0.484974949107 0.00489621481809
0.485240680593 0.00489737730784
0.485506412078 0.00489853416779
0.485772143563 0.00489968608185
0.486037875049 0.00490083342016
0.486303606534 0.0049019764991
0.486569338019 0.00490311563904
0.486835069505 0.00490425127095
0.48710080099 0.00490538408855
0.487366532476 0.00490651460983
0.487632263961 0.00490764304701
0.487897995446 0.00490876949332
0.488163726932 0.00490989410557
0.488429458417 0.0049110169872
0.488695189902 0.00491213832225
0.488960921388 0.00491325860173
0.489226652873 0.00491437805766
0.489492384359 0.00491549685857
0.489758115844 0.00491661501695
0.490023847329 0.00491773204905
0.490289578815 0.00491884777198
0.4905553103 0.00491996200623
0.490821041786 0.00492107459949
0.491086773271 0.00492218553185
0.491352504756 0.00492329462059
0.491618236242 0.00492440168058
0.491883967727 0.00492550667052
0.492149699212 0.00492660953432
0.492415430698 0.00492771032485
0.492681162183 0.00492880866888
0.492946893669 0.00492990404197
0.493212625154 0.00493099615662
0.493478356639 0.0049320846111
0.493744088125 0.0049331691671
0.49400981961 0.00493424975763
0.494275551095 0.00493532663519
0.494541282581 0.00493640007745
0.494807014066 0.00493747024822
0.495072745552 0.00493853731774
0.495338477037 0.00493960148043
0.495604208522 0.00494066297437
0.495869940008 0.0049417228266
0.496135671493 0.00494278150778
0.496401402979 0.00494383971892
0.496667134464 0.00494489799633
0.496932865949 0.00494595678284
0.497198597435 0.00494701650598
0.49746432892 0.00494807755345
0.497730060405 0.00494914020241
0.497995791891 0.00495020473701
0.498261523376 0.00495127145927
0.498527254862 0.00495234078253
0.498792986347 0.00495341306051
0.499058717832 0.00495448876355
0.499324449318 0.00495556864199
0.499590180803 0.00495665324919
0.499855912289 0.00495774307626
0.500121643774 0.00495872042015
0.500387375259 0.00495969673531
0.500653106745 0.0049606394509
0.50091883823 0.0049615480336
0.501184569715 0.004962426082
0.501450301201 0.00496327689817
0.501716032686 0.00496410297337
0.501981764172 0.0049649060795
0.502247495657 0.00496568757407
0.502513227142 0.00496644835421
0.502778958628 0.00496718923068
0.503044690113 0.00496791096098
0.503310421598 0.00496861422956
0.503576153084 0.00496929963373
0.503841884569 0.0049699677619
0.504107616055 0.00497061919934
0.50437334754 0.0049712543768
0.504639079025 0.0049718738215
0.504904810511 0.00497247795583
0.505170541996 0.0049730673117
0.505436273482 0.00497364244724
0.505702004967 0.00497420387815
0.505967736452 0.00497475211055
0.506233467938 0.00497528767958
0.506499199423 0.00497581119902
0.506764930908 0.00497632319987
0.507030662394 0.00497682423786
0.507296393879 0.00497731494975
0.507562125365 0.00497779592723
0.50782785685 0.00497826770626
0.508093588335 0.00497873087874
0.508359319821 0.00497918606201
0.508625051306 0.00497963394621
0.508890782792 0.00498007513607
0.509156514277 0.00498051026505
0.509422245762 0.0049809398912
0.509687977248 0.0049813647884
0.509953708733 0.00498178580295
0.510219440218 0.00498220374882
0.510485171704 0.00498261936174
0.510750903189 0.00498303332145
0.511016634675 0.00498344648978
0.51128236616 0.00498385974296
0.511548097645 0.00498427392936
0.511813829131 0.00498468980751
0.512079560616 0.00498510818118
0.512345292101 0.0049855299438
0.512611023587 0.00498595603197
0.512876755072 0.0049863873281
0.513142486558 0.00498682476275
0.513408218043 0.0049872691195
0.513673949528 0.00498772125097
0.513939681014 0.00498818209955
0.514205412499 0.00498865258842
0.514471143985 0.0049891336605
0.51473687547 0.00498962626789
0.515002606955 0.00499013130168
0.515268338441 0.0049906496635
0.515534069926 0.00499118216339
0.515799801411 0.00499172965928
0.516065532897 0.00499229308124
0.516331264382 0.00499287333796
0.516596995868 0.00499347132437
0.516862727353 0.00499408797654
0.517128458838 0.00499472422443
0.517394190324 0.00499538097183
0.517659921809 0.00499605914998
0.517925653294 0.00499675990179
0.51819138478 0.00499748414176
0.518457116265 0.00499823293756
0.518722847751 0.00499900734021
0.518988579236 0.00499980836706
0.519254310721 0.00500063704683
0.519520042207 0.00500149442256
0.519785773692 0.00500238155472
0.520051505178 0.00500329948469
0.520317236663 0.00500424923243
0.520582968148 0.00500523175349
0.520848699634 0.005006247829
0.521114431119 0.00500729844269
0.521380162604 0.00500838460138
0.52164589409 0.00500950730676
0.521911625575 0.00501066754217
0.522177357061 0.0050118663778
0.522443088546 0.00501310517844
0.522708820031 0.00501438514816
0.522974551517 0.00501570753161
0.523240283002 0.0050170734839
0.523506014488 0.0050184838063
0.523771745973 0.00501993965542
0.524037477458 0.00502144193515
0.524303208944 0.00502299163809
0.524568940429 0.00502458980114
0.524834671914 0.00502623698254
0.5251004034 0.00502793410789
0.525366134885 0.00502968228102
0.525631866371 0.00503148287266
0.525897597856 0.00503333673102
0.526163329341 0.00503524472086
0.526429060827 0.00503720804681
0.526694792312 0.00503922785084
0.526960523797 0.00504130511837
0.527226255283 0.00504344105371
0.527491986768 0.00504563648723
0.527757718254 0.00504789177136
0.528023449739 0.00505020842506
0.528289181224 0.00505258666083
0.52855491271 0.00505502790202
0.528820644195 0.0050575330582
0.529086375681 0.00506010322736
0.529352107166 0.00506273960112
0.529617838651 0.00506544370888
0.529883570137 0.00506821670144
0.530149301622 0.00507105898777
0.530415033107 0.00507397218854
0.530680764593 0.00507695701561
0.530946496078 0.00508001457244
0.531212227564 0.00508314473147
0.531477959049 0.00508634858415
0.531743690534 0.00508962714559
0.53200942202 0.00509298158444
