0.000812182741117 0
0.0010769758021 0
0.00134176886309 0
0.00160656192407 0
0.00187135498506 0
0.00213614804604 0
0.00240094110703 0
0.00266573416801 0
0.002930527229 0
0.00319532028999 0
0.00346011335097 0
0.00372490641196 0
0.00398969947294 0
0.00425449253393 0
0.00451928559491 0
0.0047840786559 0
0.00504887171688 0
0.00531366477787 0
0.00557845783885 0
0.00584325089984 0
0.00610804396083 0
0.00637283702181 0
0.0066376300828 0
0.00690242314378 0
0.00716721620477 0
0.00743200926575 0
0.00769680232674 0
0.00796159538772 0
0.00822638844871 0
0.00849118150969 0
0.00875597457068 0
0.00902076763167 0
0.00928556069265 0
0.00955035375364 0
0.00981514681462 0
0.0100799398756 0
0.0103447329366 0
0.0106095259976 0
0.0108743190586 0
0.0111391121195 0
0.0114039051805 0
0.0116686982415 0
0.0119334913025 0
0.0121982843635 0
0.0124630774245 0
0.0127278704855 0
0.0129926635464 0
0.0132574566074 0
0.0135222496684 0
0.0137870427294 0
0.0140518357904 0
0.0143166288514 -2.54144731333e-06
0.0145814219124 -4.94585042324e-06
0.0148462149733 -7.21506734358e-06
0.0151110080343 -9.35089657728e-06
0.0153758010953 -1.13557473832e-05
0.0156405941563 -1.32333388301e-05
0.0159053872173 -1.49872153371e-05
0.0161701802783 -1.6620373314e-05
0.0164349733393 -1.81367301915e-05
0.0166997664002 -1.95381028343e-05
0.0169645594612 -2.08256007998e-05
0.0172293525222 -2.20012768136e-05
0.0174941455832 -2.30652106313e-05
0.0177589386442 -2.40182283866e-05
0.0180237317052 -2.48600796186e-05
0.0182885247662 -2.55903145497e-05
0.0185533178271 -2.6210608702e-05
0.0188181108881 -2.67200890288e-05
0.0190829039491 -2.71173516887e-05
0.0193476970101 -2.74013739087e-05
0.0196124900711 -2.75709081919e-05
0.0198772831321 -2.76244979723e-05
0.0201420761931 -2.75609310187e-05
0.020406869254 -2.73789654023e-05
0.020671662315 -2.7077694263e-05
0.020936455376 -2.66570417529e-05
0.021201248437 -2.61156613092e-05
0.021466041498 -2.54537985735e-05
0.021730834559 -2.46693894727e-05
0.02199562762 -2.37601758545e-05
0.0222604206809 -2.27240658928e-05
0.0225252137419 -2.15586117852e-05
0.0227900068029 -2.02620083023e-05
0.0230547998639 -1.88326744182e-05
0.0233195929249 -1.72688729871e-05
0.0235843859859 -1.55682538647e-05
0.0238491790469 -1.37286789506e-05
0.0241139721078 -1.17499995239e-05
0.0243787651688 -9.63103739777e-06
0.0246435582298 -7.3695698946e-06
0.0249083512908 -4.96265196094e-06
0.0251731443518 -2.40801370418e-06
0.0254379374128 2.96431419181e-07
0.0257027304737 3.15314022788e-06
0.0259675235347 6.16369571035e-06
0.0262323165957 9.32954388426e-06
0.0264971096567 1.26518311463e-05
0.0267619027177 1.61322306865e-05
0.0270266957787 1.97739035189e-05
0.0272914888397 2.35794058258e-05
0.0275562819006 2.75501357844e-05
0.0278210749616 3.16878942803e-05
0.0280858680226 3.59946744211e-05
0.0283506610836 4.04731356866e-05
0.0286154541446 4.5124181926e-05
0.0288802472056 4.99499595662e-05
0.0291450402666 5.49522717096e-05
0.0294098333275 6.01343730381e-05
0.0296746263885 6.54991890755e-05
0.0299394194495 7.10449155132e-05
0.0302042125105 7.67727196309e-05
0.0304690055715 8.26876012621e-05
0.0307337986325 8.87929294015e-05
0.0309985916935 9.50839201162e-05
0.0312633847544 0.000101562193595
0.0315281778154 0.000108223129194
0.0317929708764 0.000115059471976
0.0320577639374 0.000122066851683
0.0323225569984 0.000129246305834
0.0325873500594 0.000136592285009
0.0328521431204 0.000144105876183
0.0331169361813 0.000151784957099
0.0333817292423 0.000159627176967
0.0336465223033 0.00016763161067
0.0339113153643 0.00017579735511
0.0341761084253 0.000184127313761
0.0344409014863 0.000192628189716
0.0347056945473 0.000201305646633
0.0349704876082 0.000210161382462
0.0352352806692 0.000219189225634
0.0355000737302 0.000228386251946
0.0357648667912 0.000237745347044
0.0360296598522 0.000247264325312
0.0362944529132 0.000256941731683
0.0365592459742 0.000266773399695
0.0368240390351 0.000276754956803
0.0370888320961 0.000286884604803
0.0373536251571 0.000297157900683
0.0376184182181 0.000307568825093
0.0378832112791 0.000318110689199
0.0381480043401 0.000328780753043
0.038412797401 0.000339580684068
0.038677590462 0.000350502765203
0.038942383523 0.000361538106941
0.039207176584 0.000372676493254
0.039471969645 0.000383910186028
0.039736762706 0.000395229916862
0.040001555767 0.000406625004556
0.0402663488279 0.00041808218609
0.0405311418889 0.000429587571916
0.0407959349499 0.00044112609737
0.0410607280109 0.000452685981734
0.0413255210719 0.000464254924594
0.0415903141329 0.000475829059743
0.0418551071939 0.000487395390185
0.0421199002548 0.000498939810337
0.0423846933158 0.00051045126451
0.0426494863768 0.000521915908548
0.0429142794378 0.000533318205669
0.0431790724988 0.000544644427525
0.0434438655598 0.000555881137206
0.0437086586208 0.000567016736771
0.0439734516817 0.00057804298847
0.0442382447427 0.000588950633608
0.0445030378037 0.000599728980515
0.0447678308647 0.000610369381999
0.0450326239257 0.000620864786731
0.0452974169867 0.000631209077767
0.0455622100477 0.000641396710216
0.0458270031086 0.000651422451156
0.0460917961696 0.000661282925053
0.0463565892306 0.000670975805176
0.0466213822916 0.000680505383238
0.0468861753526 0.000689877417488
0.0471509684136 0.000699094621525
0.0474157614746 0.000708159011289
0.0476805545355 0.000717072544761
0.0479453475965 0.00072583770623
0.0482101406575 0.000734457136497
0.0484749337185 0.000742932928545
0.0487397267795 0.000751267066632
0.0490045198405 0.000759463827039
0.0492693129015 0.000767526371933
0.0495341059624 0.000775457289975
0.0497988990234 0.000783259400311
0.0500636920844 0.000790561526851
0.0503284851454 0.000797940717634
0.0505932782064 0.000805225880795
0.0508580712674 0.000812412482478
0.0511228643284 0.00081951472314
0.0513876573893 0.000826539998889
0.0516524504503 0.000833493418741
0.0519172435113 0.000840369503814
0.0521820365723 0.000847158357463
0.0524468296333 0.000853846114031
0.0527116226943 0.000860416818923
0.0529764157552 0.000866853059535
0.0532412088162 0.000873137348938
0.0535060018772 0.000879253628563
0.0537707949382 0.000885186295246
0.0540355879992 0.000890922120225
0.0543003810602 0.000896452113016
0.0545651741212 0.000901769557678
0.0548299671821 0.00090686923215
0.0550947602431 0.000911747997194
0.0553595533041 0.000916404600744
0.0556243463651 0.000920840184398
0.0558891394261 0.000925056895678
0.0561539324871 0.000929057249738
0.0564187255481 0.000932844904133
0.056683518609 0.000936424966683
0.05694831167 0.000939802243219
0.057213104731 0.000942981508122
0.057477897792 0.000945967500808
0.057742690853 0.000948765193574
0.058007483914 0.000951379728611
0.058272276975 0.000953816586279
0.0585370700359 0.000956080554519
0.0588018630969 0.000958177373441
0.0590666561579 0.000960113338666
0.0593314492189 0.00096189333889
0.0595962422799 0.000963522027256
0.0598610353409 0.000965003704288
0.0601258284019 0.000966342330194
0.0603906214628 0.000967541193139
0.0606554145238 0.000968603891421
0.0609202075848 0.000969533646974
0.0611850006458 0.000970333558125
0.0614497937068 0.000971006391393
0.0617145867678 0.000971554902286
0.0619793798288 0.000971981711456
0.0622441728897 0.000972289331259
0.0625089659507 0.00097248009815
0.0627737590117 0.000972556311112
0.0630385520727 0.000972521135116
0.0633033451337 0.000972379286114
0.0635681381947 0.000972134257848
0.0638329312557 0.000971788684291
0.0640977243166 0.000971344194674
0.0643625173776 0.000970802107732
0.0646273104386 0.000970162869008
0.0648921034996 0.000969427348017
0.0651568965606 0.000968597216465
0.0654216896216 0.000967673668673
0.0656864826826 0.000966657713122
0.0659512757435 0.000965550239003
0.0662160688045 0.000964352290656
0.0664808618655 0.000963064665734
0.0667456549265 0.000961687871702
0.0670104479875 0.000960222273345
0.0672752410485 0.000958668857901
0.0675400341094 0.000957029548811
0.0678048271704 0.000955306473215
0.0680696202314 0.000953500609468
0.0683344132924 0.000951612505424
0.0685992063534 0.000949642066293
0.0688639994144 0.000947589319254
0.0691287924754 0.000945454235071
0.0693935855363 0.000943236793863
0.0696583785973 0.000940937009773
0.0699231716583 0.00093855492725
0.0701879647193 0.00093608994152
0.0704527577803 0.000933540804031
0.0707175508413 0.000930908022107
0.0709823439023 0.000928191838556
0.0712471369632 0.000925391606025
0.0715119300242 0.0009225091297
0.0717767230852 0.000919544577475
0.0720415161462 0.000916497588946
0.0723063092072 0.000913367739423
0.0725711022682 0.000910153323172
0.0728358953292 0.000906852832572
0.0731006883901 0.000903465748042
0.0733654814511 0.000899990964296
0.0736302745121 0.000896427663275
0.0738950675731 0.000892775069378
0.0741598606341 0.000889030644358
0.0744246536951 0.000885193684707
0.0746894467561 0.000881265083529
0.074954239817 0.000877245025331
0.075219032878 0.000873132884332
0.075483825939 0.000868926233883
0.075748619 0.000864624326469
0.076013412061 0.000860226978475
0.076278205122 0.000855734030246
0.076542998183 0.000851143407617
0.0768077912439 0.000846453565919
0.0770725843049 0.000841665126905
0.0773373773659 0.000836778208989
0.0776021704269 0.000831794060594
0.0778669634879 0.000826711582494
0.0781317565489 0.00082153068072
0.0783965496099 0.000816251683337
0.0786613426708 0.000810874716037
0.0789261357318 0.000805400087381
0.0791909287928 0.000799826953313
0.0794557218538 0.000794156016629
0.0797205149148 0.000788387929163
0.0799853079758 0.000782524459862
0.0802501010367 0.000776566072904
0.0805148940977 0.000770513418184
0.0807796871587 0.000764368015611
0.0810444802197 0.000758132875373
0.0813092732807 0.000751811567231
0.0815740663417 0.000745405957665
0.0818388594027 0.000738918841135
0.0821036524636 0.000732351888908
0.0823684455246 0.000725707624794
0.0826332385856 0.000718989215634
0.0828980316466 0.000712198600665
0.0831628247076 0.000705337903754
0.0834276177686 0.000698405742347
0.0836924108296 0.000691402766808
0.0839572038905 0.000684331512535
0.0842219969515 0.000677195487746
0.0844867900125 0.000669996414162
0.0847515830735 0.000662737878925
0.0850163761345 0.00065542362871
0.0852811691955 0.000648058696766
0.0855459622565 0.000640646900657
0.0858107553174 0.000633192365355
0.0860755483784 0.000625700181279
0.0863403414394 0.000618175354126
0.0866051345004 0.000610622808867
0.0868699275614 0.000603047829259
0.0871347206224 0.000595453508018
0.0873995136834 0.000587842593903
0.0876643067443 0.000580219309028
0.0879290998053 0.000572587061541
0.0881938928663 0.000564949764002
0.0884586859273 0.000557310389366
0.0887234789883 0.000549670596749
0.0889882720493 0.000542034907444
0.0892530651103 0.00053441018024
0.0895178581712 0.000526801130024
0.0897826512322 0.000519211439997
0.0900474442932 0.000511643187743
0.0903122373542 0.000504097274327
0.0905770304152 0.000496574249762
0.0908418234762 0.000489070266796
0.0911066165372 0.000481584185791
0.0913714095981 0.00047411463842
0.0916362026591 0.000466662851024
0.0919009957201 0.000459230715147
0.0921657887811 0.000451820568958
0.0924305818421 0.000444433703379
0.0926953749031 0.000437072099854
0.0929601679641 0.000429737229301
0.093224961025 0.000422428617897
0.093489754086 0.000415146276897
0.093754547147 0.000407888898392
0.094019340208 0.00040065636066
0.094284133269 0.000393449397755
0.09454892633 0.000386269687734
0.0948137193909 0.000379118906836
0.0950785124519 0.000371999537065
0.0953433055129 0.000364915407006
0.0956080985739 0.000357874227963
0.0958728916349 0.00035088002255
0.0961376846959 0.000343932613212
0.0964024777569 0.00033703219459
0.0966672708178 0.000330180868469
0.0969320638788 0.000323380312256
0.0971968569398 0.000316632845577
0.0974616500008 0.000309940011456
0.0977264430618 0.000303303671164
0.0979912361228 0.000296725177695
0.0982560291838 0.000290206554921
0.0985208222447 0.000283748997064
0.0987856153057 0.00027735422022
0.0990504083667 0.000271024051437
0.0993152014277 0.000264760095894
0.0995799944887 0.000258563827222
0.0998447875497 0.000252436750983
0.100109580611 0.000245863529127
0.100374373672 0.000239315637095
0.100639166733 0.000232741106338
0.100903959794 0.000226157633489
0.101168752855 0.000219577634471
0.101433545916 0.000213008400186
0.101698338977 0.000206456286143
0.101963132038 0.000199928779532
0.102227925099 0.000193431105739
0.10249271816 0.000186967971235
0.102757511221 0.000180544214039
0.103022304281 0.000174164226648
0.103287097342 0.000167831098253
0.103551890403 0.000161545238461
0.103816683464 0.000155306001056
0.104081476525 0.000149113521206
0.104346269586 0.000142967981372
0.104611062647 0.000136869438123
0.104875855708 0.000130817692018
0.105140648769 0.000124813102682
0.10540544183 0.000118854424329
0.105670234891 0.000112938960797
0.105935027952 0.000107067431016
0.106199821013 0.000101240581313
0.106464614074 9.54592379265e-05
0.106729407135 8.97245842836e-05
0.106994200196 8.40383389763e-05
0.107258993257 7.8402315151e-05
0.107523786318 7.2818413045e-05
0.107788579379 6.7288177916e-05
0.10805337244 6.18140656358e-05
0.108318165501 5.63987255733e-05
0.108582958562 5.10449554001e-05
0.108847751623 4.5755553355e-05
0.109112544684 4.05334876539e-05
0.109377337745 3.53818587425e-05
0.109642130806 3.03004620011e-05
0.109906923867 2.52895391609e-05
0.110171716928 2.03514908575e-05
0.110436509989 1.54889072994e-05
0.11070130305 1.07045573399e-05
0.110966096111 6.00116825702e-06
0.111230889172 1.3814689802e-06
0.111495682233 -3.1521593713e-06
0.111760475294 -7.5976575837e-06
0.112025268355 -1.1952815129e-05
0.112290061416 -1.62149528766e-05
0.112554854477 -2.03813745657e-05
0.112819647538 -2.44489746521e-05
0.113084440599 -2.84142826714e-05
0.11334923366 -3.22738679335e-05
0.113614026721 -3.60247000455e-05
0.113878819782 -3.96638271306e-05
0.114143612843 -4.31916649727e-05
0.114408405904 -4.66075372671e-05
0.114673198965 -4.99089669622e-05
0.114937992026 -5.30934916618e-05
0.115202785087 -5.61585943809e-05
0.115467578148 -5.91020827211e-05
0.115732371209 -6.19217330606e-05
0.11599716427 -6.46148985699e-05
0.116261957331 -6.71793170139e-05
0.116526750392 -6.96123929024e-05
0.116791543453 -7.19120133909e-05
0.117056336514 -7.40776425045e-05
0.117321129575 -7.61076340919e-05
0.117585922636 -7.80001084435e-05
0.117850715697 -7.97537918918e-05
0.118115508758 -8.13692466169e-05
0.118380301819 -8.28457929012e-05
0.11864509488 -8.41815303826e-05
0.118909887941 -8.5373120527e-05
0.119174681002 -8.64177695775e-05
0.119439474063 -8.73128544182e-05
0.119704267124 -8.80549981324e-05
0.119969060185 -8.86410884304e-05
0.120233853246 -8.90681239704e-05
0.120498646307 -8.93330932053e-05
0.120763439368 -8.9433001846e-05
0.121028232429 -8.93645422307e-05
0.121293025489 -8.91260251253e-05
0.12155781855 -8.87139048697e-05
0.121822611611 -8.81257035376e-05
0.122087404672 -8.73594963403e-05
0.122352197733 -8.64125533282e-05
0.122616990794 -8.52808601957e-05
0.122881783855 -8.39599324359e-05
0.123146576916 -8.24462192167e-05
0.123411369977 -8.07360767688e-05
0.123676163038 -7.88262308913e-05
0.123940956099 -7.67140395466e-05
0.12420574916 -7.43981149255e-05
0.124470542221 -7.18757505876e-05
0.124735335282 -6.91446081463e-05
0.125000128343 -6.62022018948e-05
0.125264921404 -6.30445400635e-05
0.125529714465 -5.96686163308e-05
0.125794507526 -5.60715920584e-05
0.126059300587 -5.2250740263e-05
0.126324093648 -4.82053840471e-05
0.126588886709 -4.39347112032e-05
0.12685367977 -3.94364649511e-05
0.127118472831 -3.47072688248e-05
0.127383265892 -2.97441907157e-05
0.127648058953 -2.4547290654e-05
0.127912852014 -1.91145069704e-05
0.128177645075 -1.34433408756e-05
0.128442438136 -7.53396377339e-06
0.128707231197 -1.38637492957e-06
0.128972024258 4.99970196817e-06
0.129236817319 1.16258433849e-05
0.12950161038 1.84926456284e-05
0.129766403441 2.56000857063e-05
0.130031196502 3.29357862864e-05
0.130295989563 4.04988923077e-05
0.130560782624 4.82898765568e-05
0.130825575685 5.63060937719e-05
0.131090368746 6.45481057716e-05
0.131355161807 7.30167173647e-05
0.131619954868 8.17118165523e-05
0.131884747929 9.0631767723e-05
0.13214954099 9.97780838078e-05
0.132414334051 0.000109151693041
0.132679127112 0.000118747660882
0.132943920173 0.000128561839273
0.133208713234 0.000138592333315
0.133473506295 0.00014883541421
0.133738299356 0.000159277251207
0.134003092417 0.000169916991608
0.134267885478 0.000180750330154
0.134532678539 0.000191772725171
0.1347974716 0.000202978125909
0.135062264661 0.000214358945481
0.135327057722 0.000225912428522
0.135591850783 0.000237634479123
0.135856643844 0.000249517716738
0.136121436905 0.000261549566614
0.136386229966 0.000273720666527
0.136651023027 0.000286025206978
0.136915816088 0.000298452440337
0.137180609149 0.000310991626988
0.13744540221 0.000323628283215
0.137710195271 0.000336342531574
0.137974988332 0.000349118406115
0.138239781393 0.000361940370069
0.138504574454 0.000374798342692
0.138769367515 0.000387681630927
0.139034160576 0.000400573698474
0.139298953637 0.000413455413808
0.139563746697 0.000426309833935
0.139828539758 0.00043912067637
0.140093332819 0.000451872228447
0.14035812588 0.000464548749002
0.140622918941 0.000477138224669
0.140887712002 0.000489631977103
0.141152505063 0.000502016683987
0.141417298124 0.000514278201902
0.141682091185 0.000526406174883
0.141946884246 0.000538391021736
0.142211677307 0.000550224469579
0.142476470368 0.000561900616588
0.142741263429 0.000573414235589
0.14300605649 0.00058476623146
0.143270849551 0.000595958745875
0.143535642612 0.000606991797529
0.143800435673 0.00061786607331
0.144065228734 0.000628582604023
0.144330021795 0.000639141950693
0.144594814856 0.000649544849117
0.144859607917 0.000659792612057
0.145124400978 0.000669887944065
0.145389194039 0.000679834134682
0.1456539871 0.000689636155549
0.145918780161 0.000699296648044
0.146183573222 0.000708818789521
0.146448366283 0.000718205481802
0.146713159344 0.000727459228489
0.146977952405 0.000736582208862
0.147242745466 0.000745576731181
0.147507538527 0.000754447916761
0.147772331588 0.000763197711548
0.148037124649 0.00077182715702
0.14830191771 0.000780336632467
0.148566710771 0.000788725931672
0.148831503832 0.000796994922667
0.149096296893 0.000805143429963
0.149361089954 0.000813171428894
0.149625883015 0.000821078914357
0.149890676076 0.000828865696558
0.150155469137 0.000836142565865
0.150420262198 0.000843517623936
0.150685055259 0.000850806043448
0.15094984832 0.000858002515715
0.151214641381 0.000865122897944
0.151479434442 0.000872183685009
0.151744227503 0.000879186194213
0.152009020564 0.000886124815112
0.152273813625 0.000892989776976
0.152538606686 0.000899768057285
0.152803399747 0.000906445195336
0.153068192808 0.000913007567937
0.153332985869 0.000919440717906
0.15359777893 0.000925731408848
0.153862571991 0.000931867454196
0.154127365052 0.000937838556543
0.154392158113 0.000943637098346
0.154656951174 0.000949257629844
0.154921744235 0.000954695636463
0.155186537296 0.000959948383643
0.155451330357 0.000965015091173
0.155716123418 0.000969896544593
0.155980916479 0.000974594615063
0.15624570954 0.000979112398518
0.156510502601 0.000983453704388
0.156775295662 0.000987623896734
0.157040088723 0.00099162921007
0.157304881784 0.00099547468934
0.157569674844 0.000999165081693
0.157834467905 0.00100270501234
0.158099260966 0.00100609884518
0.158364054027 0.00100935031835
0.158628847088 0.00101246293207
0.158893640149 0.00101544005497
0.15915843321 0.00101828496149
0.159423226271 0.00102100058151
0.159688019332 0.00102358967924
0.159952812393 0.00102605461691
0.160217605454 0.00102839739202
0.160482398515 0.00103062023971
0.160747191576 0.00103272620462
0.161011984637 0.0010347197663
0.161276777698 0.00103660346857
0.161541570759 0.00103837951613
0.16180636382 0.00104005006557
0.162071156881 0.00104161713648
0.162335949942 0.0010430819488
0.162600743003 0.00104444654118
0.162865536064 0.00104571211108
0.163130329125 0.00104687962109
0.163395122186 0.00104794982882
0.163659915247 0.0010489231292
0.163924708308 0.00104980017854
0.164189501369 0.00105058178573
0.16445429443 0.00105126859957
0.164719087491 0.00105186133553
0.164983880552 0.00105236257014
0.165248673613 0.0010527739957
0.165513466674 0.00105309600976
0.165778259735 0.00105332897834
0.166043052796 0.00105347302268
0.166307845857 0.00105352777475
0.166572638918 0.00105349296888
0.166837431979 0.00105336845408
0.16710222504 0.00105315400775
0.167367018101 0.00105284945033
0.167631811162 0.00105245427089
0.167896604223 0.00105196835217
0.168161397284 0.00105139133138
0.168426190345 0.00105072390435
0.168690983406 0.00104996655022
0.168955776467 0.00104912188554
0.169220569528 0.00104819048636
0.169485362589 0.00104717189984
0.16975015565 0.00104606539853
0.170014948711 0.00104487058971
0.170279741772 0.00104358711078
0.170544534833 0.00104221449421
0.170809327894 0.00104075155759
0.171074120955 0.00103919778024
0.171338914016 0.00103755263519
0.171603707077 0.00103581501763
0.171868500138 0.00103398317472
0.172133293199 0.00103205750878
0.17239808626 0.0010300398864
0.172662879321 0.00102793007952
0.172927672382 0.00102572744341
0.173192465443 0.00102342977076
0.173457258504 0.00102103671382
0.173722051565 0.00101854701023
0.173986844626 0.00101595989528
0.174251637687 0.0010132738118
0.174516430748 0.0010104869576
0.174781223809 0.00100759867105
0.17504601687 0.00100461000608
0.175310809931 0.00100152100398
0.175575602992 0.000998330859619
0.175840396052 0.000995039992249
0.176105189113 0.000991648618727
0.176369982174 0.000988156724702
0.176634775235 0.000984562296043
0.176899568296 0.00098086469556
0.177164361357 0.000977064082091
0.177429154418 0.000973161599864
0.177693947479 0.00096915844914
0.17795874054 0.000965054679811
0.178223533601 0.000960851227145
0.178488326662 0.000956548742672
0.178753119723 0.000952147275976
0.179017912784 0.000947646880675
0.179282705845 0.000943048740764
0.179547498906 0.000938355175629
0.179812291967 0.000933568083864
0.180077085028 0.000928689797033
0.180341878089 0.000923722159543
0.18060667115 0.000918668291639
0.180871464211 0.000913530592012
0.181136257272 0.000908310903454
0.181401050333 0.000903010373142
0.181665843394 0.000897631567203
0.181930636455 0.000892175428609
0.182195429516 0.000886644014221
0.182460222577 0.000881038884418
0.182725015638 0.000875363984511
0.182989808699 0.000869622934314
0.18325460176 0.00086381955273
0.183519394821 0.000857957711629
0.183784187882 0.000852042473194
0.184048980943 0.000846078479569
0.184313774004 0.000840070479982
0.184578567065 0.000834019559756
0.184843360126 0.000827928905475
0.185108153187 0.00082180412896
0.185372946248 0.000815648743394
0.185637739309 0.000809463355995
0.18590253237 0.000803250570857
0.186167325431 0.000797014108478
0.186432118492 0.00079075962678
0.186696911553 0.000784490314369
0.186961704614 0.000778207199814
0.187226497675 0.000771912009583
0.187491290736 0.00076560934411
0.187756083797 0.000759303338966
0.188020876858 0.000752995921808
0.188285669919 0.000746687028552
0.18855046298 0.000740374664701
0.188815256041 0.000734056191168
0.189080049102 0.000727727831117
0.189344842163 0.000721388752696
0.189609635224 0.000715038283308
0.189874428285 0.00070867646285
0.190139221346 0.00070230404564
0.190404014407 0.000695922011356
0.190668807468 0.000689531017005
0.190933600529 0.000683131846211
0.19119839359 0.000676724965529
0.191463186651 0.00067030870223
0.191727979712 0.000663881545325
0.191992772773 0.000657444136641
0.192257565834 0.000650997971333
0.192522358895 0.000644544131978
0.192787151956 0.000638084579707
0.193051945017 0.000631621240424
0.193316738078 0.000625159393036
0.193581531139 0.000618704162614
0.1938463242 0.000612257219153
0.19411111726 0.000605819645899
0.194375910321 0.000599392001395
0.194640703382 0.000592975589036
0.194905496443 0.000586571750962
0.195170289504 0.000580181586369
0.195435082565 0.000573806209565
0.195699875626 0.000567447211441
0.195964668687 0.00056110659551
0.196229461748 0.000554786626026
0.196494254809 0.000548489118303
0.19675904787 0.000542213492956
0.197023840931 0.000535961869321
0.197288633992 0.000529736126146
0.197553427053 0.000523538496933
0.197818220114 0.000517371108565
0.198083013175 0.000511236263249
0.198347806236 0.000505134463593
0.198612599297 0.000499066853241
0.198877392358 0.000493034471174
0.199142185419 0.000487038743319
0.19940697848 0.000481081581013
0.199671771541 0.000475165056518
0.199936564602 0.000469291281756
0.200201357663 0.000462960201043
0.200466150724 0.00045663929236
0.200730943785 0.000450275220347
0.200995736846 0.000443881821392
0.201260529907 0.000437475726071
0.201525322968 0.00043106582183
0.201790116029 0.000424659976572
0.20205490909 0.000418267214434
0.202319702151 0.000411895823433
0.202584495212 0.000405550360895
0.202849288273 0.000399236083783
0.203114081334 0.000392957554878
0.203378874395 0.00038671784826
0.203643667456 0.000380517750121
0.203908460517 0.000374356462054
0.204173253578 0.000368233032906
0.204438046639 0.000362146717588
0.2047028397 0.000356096914427
0.204967632761 0.000350083433945
0.205232425822 0.000344105762771
0.205497218883 0.000338163591696
0.205762011944 0.000332256975769
0.206026805005 0.000326381296932
0.206291598066 0.000320536733438
0.206556391127 0.000314724304795
0.206821184188 0.0003089453779
0.207085977249 0.000303201873114
0.20735077031 0.000297496009092
0.207615563371 0.000291830280068
0.207880356432 0.000286206973582
0.208145149493 0.000280628757311
0.208409942554 0.000275098799676
0.208674735615 0.000269620352502
0.208939528676 0.000264196654921
0.209204321737 0.000258831281623
0.209469114798 0.000253527650033
0.209733907859 0.000248289176473
0.20999870092 0.000243116125757
0.210263493981 0.000238008836067
0.210528287042 0.000232970299906
0.210793080103 0.000228003417399
0.211057873164 0.00022311131287
0.211322666225 0.000218297130661
0.211587459286 0.000213563867553
0.211852252347 0.000208914188563
0.212117045408 0.000204351409667
0.212381838468 0.000199877816134
0.212646631529 0.000195496359264
0.21291142459 0.000191209782944
0.213176217651 0.000187021289666
0.213441010712 0.000182934819735
0.213705803773 0.000178953760125
0.213970596834 0.000175081435423
0.214235389895 0.000171319154368
0.214500182956 0.000167666503711
0.214764976017 0.000164126372833
0.215029769078 0.000160701692304
0.215294562139 0.000157395283765
0.2155593552 0.00015420941085
0.215824148261 0.000151146709986
0.216088941322 0.000148209934084
0.216353734383 0.000145400737807
0.216618527444 0.000142720817152
0.216883320505 0.000140172313947
0.217148113566 0.000137757528249
0.217412906627 0.000135478771375
0.217677699688 0.000133338219024
0.217942492749 0.00013133729074
0.21820728581 0.000129475113127
0.218472078871 0.000127753333786
0.218736871932 0.000126174335933
0.219001664993 0.000124740975733
0.219266458054 0.000123456861684
0.219531251115 0.000122325417556
0.219796044176 0.000121350103763
0.220060837237 0.000120534251848
0.220325630298 0.000119881130353
0.220590423359 0.000119393959388
0.22085521642 0.000119075995113
0.221120009481 0.000118930531657
0.221384802542 0.000118959116517
0.221649595603 0.000119165417237
0.221914388664 0.000119551643069
0.222179181725 0.000120120023667
0.222443974786 0.000120873397515
0.222708767847 0.000121816592328
0.222973560908 0.000122953944881
0.223238353969 0.000124289294663
0.22350314703 0.00012582638096
0.223767940091 0.000127568534046
0.224032733152 0.000129517011932
0.224297526213 0.000131674517051
0.224562319274 0.000134043615501
0.224827112335 0.000136626733775
0.225091905396 0.000139426972559
0.225356698457 0.00014244827418
0.225621491518 0.000145693781082
0.225886284579 0.000149166621607
0.22615107764 0.000152868949699
0.226415870701 0.000156800476495
0.226680663762 0.000160963736062
0.226945456823 0.000165360764845
0.227210249884 0.000169996233666
0.227475042945 0.000174871082911
0.227739836006 0.000179986627466
0.228004629067 0.000185345621933
0.228269422128 0.000190948636216
0.228534215189 0.000196795678917
0.22879900825 0.000202886664928
0.229063801311 0.000209223936198
0.229328594372 0.000215808199848
0.229593387433 0.000222640955472
0.229858180494 0.000229709920145
0.230122973555 0.000237012704352
0.230387766615 0.000244550557014
0.230652559676 0.000252323465349
0.230917352737 0.000260329673296
0.231182145798 0.000268570432306
0.231446938859 0.000277047487722
0.23171173192 0.000285758251415
0.231976524981 0.000294704491205
0.232241318042 0.00030388725706
0.232506111103 0.000313299436454
0.232770904164 0.000322936532646
0.233035697225 0.000332799190534
0.233300490286 0.000342883524935
0.233565283347 0.000353176085627
0.233830076408 0.000363676441862
0.234094869469 0.00037438027932
0.23435966253 0.000385283608515
0.234624455591 0.000396381029171
0.234889248652 0.000407665069839
0.235154041713 0.000419134266578
0.235418834774 0.000430783336967
0.235683627835 0.000442602523002
0.235948420896 0.000454581632922
0.236213213957 0.000466711733208
0.236478007018 0.0004789863567
0.236742800079 0.000491394054255
0.23700759314 0.000503923808865
0.237272386201 0.000516557330313
0.237537179262 0.000529278265842
0.237801972323 0.000542069297974
0.238066765384 0.000554914915089
0.238331558445 0.00056780764836
0.238596351506 0.000580732970029
0.238861144567 0.000593672049042
0.239125937628 0.000606607332115
0.239390730689 0.00061952176052
0.23965552375 0.000632398777514
0.239920316811 0.000645220890523
0.240185109872 0.000657972570288
0.240449902933 0.000670644639421
0.240714695994 0.000683224613804
0.240979489055 0.000695696311495
0.241244282116 0.00070804678888
0.241509075177 0.000720264098328
0.241773868238 0.00073233937154
0.242038661299 0.000744264188097
0.24230345436 0.000756032059904
0.242568247421 0.000767640118861
0.242833040482 0.000779090382219
0.243097833543 0.000790381783829
0.243362626604 0.000801513971093
0.243627419665 0.000812487109594
0.243892212726 0.0008233015723
0.244157005787 0.000833957462127
0.244421798848 0.000844455492562
0.244686591909 0.000854797005167
0.24495138497 0.000864984756287
0.245216178031 0.000875022913156
0.245480971092 0.000884914412838
0.245745764153 0.000894662580485
0.246010557214 0.00090427040988
0.246275350275 0.000913740635652
0.246540143336 0.000923075813289
0.246804936397 0.000932279145654
0.247069729458 0.000941353318879
0.247334522519 0.000950302397406
0.24759931558 0.000959129215789
0.247864108641 0.000967834402413
0.248128901702 0.000976418589925
0.248393694763 0.000984882497953
0.248658487823 0.000993226776436
0.248923280884 0.00100145198241
0.249188073945 0.00100955831836
0.249452867006 0.0010175458819
0.249717660067 0.00102541480731
0.249982453128 0.00103316554017
0.250247246189 0.00104040632589
0.25051203925 0.00104775046854
0.250776832311 0.00105501264973
0.251041625372 0.00106218737318
0.251306418433 0.00106929034501
0.251571211494 0.00107633691949
0.251836004555 0.00108332835157
0.252100797616 0.00109025879717
0.252365590677 0.0010971181592
0.252630383738 0.00110389327495
0.252895176799 0.00111057030421
0.25315996986 0.00111713534755
0.253424762921 0.00112357399607
0.253689555982 0.00112987300007
0.253954349043 0.00113602002365
0.254219142104 0.00114200462249
0.254483935165 0.00114782038983
0.254748728226 0.00115346081035
0.255013521287 0.00115892137095
0.255278314348 0.00116419957687
0.255543107409 0.00116929474735
0.25580790047 0.00117420773074
0.256072693531 0.0011789405537
0.256337486592 0.00118349648086
0.256602279653 0.0011878796251
0.256867072714 0.0011920963051
0.257131865775 0.00119615156823
0.257396658836 0.0012000501269
0.257661451897 0.00120379669588
0.257926244958 0.00120739582212
0.258191038019 0.00121085150624
0.25845583108 0.00121416729167
0.258720624141 0.00121734673096
0.258985417202 0.00122039319886
0.259250210263 0.00122330981397
0.259515003324 0.0012260993784
0.259779796385 0.00122876448947
0.260044589446 0.00123130727158
0.260309382507 0.00123372994625
0.260574175568 0.0012360354241
0.260838968629 0.0012382284247
0.26110376169 0.00124031163079
0.261368554751 0.00124228726008
0.261633347812 0.00124415742608
0.261898140873 0.00124592409563
0.262162933934 0.00124758860641
0.262427726995 0.00124915301812
0.262692520056 0.00125061847561
0.262957313117 0.0012519859813
0.263222106178 0.0012532562333
0.263486899239 0.00125442983861
0.2637516923 0.00125550715126
0.264016485361 0.00125648898057
0.264281278422 0.0012573758656
0.264546071483 0.00125816842101
0.264810864544 0.00125886952639
0.265075657605 0.00125948146718
0.265340450666 0.00126000457688
0.265605243727 0.00126043902229
0.265870036788 0.00126078486246
0.266134829849 0.00126104167225
0.26639962291 0.00126120908547
0.266664415971 0.0012612868304
0.266929209031 0.00126127465433
0.267194002092 0.0012611723654
0.267458795153 0.00126097961041
0.267723588214 0.00126069607208
0.267988381275 0.0012603213303
0.268253174336 0.00125985603905
0.268517967397 0.00125930077414
0.268782760458 0.00125865806757
0.269047553519 0.00125792847264
0.26931234658 0.00125711206656
0.269577139641 0.0012562077004
0.269841932702 0.00125521492375
0.270106725763 0.00125413332872
0.270371518824 0.0012529624855
0.270636311885 0.00125170144682
0.270901104946 0.00125034934061
0.271165898007 0.00124890561758
0.271430691068 0.00124736971472
0.271695484129 0.0012457397849
0.27196027719 0.00124401607985
0.272225070251 0.00124220066151
0.272489863312 0.00124029298466
0.272754656373 0.00123829264336
0.273019449434 0.00123619766173
0.273284242495 0.00123400711018
0.273549035556 0.00123172014829
0.273813828617 0.00122933561813
0.274078621678 0.00122685254979
0.274343414739 0.0012242690046
0.2746082078 0.00122158384348
0.274873000861 0.00121879826478
0.275137793922 0.00121591320356
0.275402586983 0.00121292661501
0.275667380044 0.00120983908943
0.275932173105 0.00120665084053
0.276196966166 0.00120336219396
0.276461759227 0.00119997123066
0.276726552288 0.00119647683629
0.276991345349 0.00119287911898
0.27725613841 0.00118917930711
0.277520931471 0.00118537879873
0.277785724532 0.00118147756881
0.278050517593 0.00117747635618
0.278315310654 0.00117337588238
0.278580103715 0.00116917605133
0.278844896776 0.00116487711886
0.279109689837 0.00116047996196
0.279374482898 0.00115598690935
0.279639275959 0.00115139979226
0.27990406902 0.00114672060341
0.280168862081 0.00114195120627
0.280433655142 0.00113709464268
0.280698448203 0.00113215369511
0.280963241264 0.00112713025949
0.281228034325 0.00112202535008
0.281492827386 0.00111684144735
0.281757620447 0.00111157997693
0.282022413508 0.00110624306401
0.282287206569 0.00110083171786
0.28255199963 0.00109534923855
0.282816792691 0.00108979950687
0.283081585752 0.00108418643526
0.283346378813 0.00107851353309
0.283611171874 0.00107278635198
0.283875964935 0.00106700902377
0.284140757996 0.00106118659927
0.284405551057 0.00105532260142
0.284670344118 0.00104941871531
0.284935137178 0.00104347978062
0.285199930239 0.0010375099917
0.2854647233 0.0010315099938
0.285729516361 0.00102548210732
0.285994309422 0.0010194293974
0.286259102483 0.00101335717888
0.286523895544 0.00100726903938
0.286788688605 0.00100116613906
0.287053481666 0.000995050253591
0.287318274727 0.000988925659844
0.287583067788 0.000982796312676
0.287847860849 0.00097666457352
0.28811265391 0.000970530496624
0.288377446971 0.000964392124342
0.288642240032 0.000958246817319
0.288907033093 0.000952090769917
0.289171826154 0.000945923205297
0.289436619215 0.000939743102506
0.289701412276 0.000933549975078
0.289966205337 0.000927344768458
0.290230998398 0.000921128423943
0.290495791459 0.000914900688342
0.29076058452 0.000908662290605
0.291025377581 0.000902412939599
0.291290170642 0.000896151688053
0.291554963703 0.000889878866999
0.291819756764 0.000883593203885
0.292084549825 0.000877295697665
0.292349342886 0.000870987321758
0.292614135947 0.000864670220681
0.292878929008 0.000858346383716
0.293143722069 0.000852022083326
0.29340851513 0.000845701384786
0.293673308191 0.000839386119861
0.293938101252 0.000833078260588
0.294202894313 0.000826779773657
0.294467687374 0.000820489854832
0.294732480435 0.000814209653699
0.294997273496 0.000807940058316
0.295262066557 0.000801682186956
0.295526859618 0.000795437412996
0.295791652679 0.00078920790188
0.29605644574 0.000782995286506
0.296321238801 0.000776801041959
0.296586031862 0.000770626969221
0.296850824923 0.000764472940793
0.297115617984 0.000758341141605
0.297380411045 0.000752233664074
0.297645204106 0.000746152598867
0.297909997167 0.000740099611967
0.298174790228 0.000734075805818
0.298439583289 0.000728081891993
0.29870437635 0.000722119089678
0.298969169411 0.000716189009476
0.299233962472 0.000710293667762
0.299498755533 0.000704435031647
0.299763548594 0.000698615266494
0.300028341655 0.000692338218614
0.300293134716 0.000686069658329
0.300557927777 0.000679756858992
0.300822720838 0.00067341253694
0.301087513899 0.000667054432017
0.30135230696 0.000660691170962
0.301617100021 0.000654330731529
0.301881893082 0.00064798208968
0.302146686143 0.00064165335687
0.302411479204 0.000635350570234
0.302676272265 0.000629077900289
0.302941065326 0.000622839658354
0.303205858386 0.000616638729476
0.303470651447 0.000610476557111
0.303735444508 0.000604351624217
0.304000237569 0.00059826354414
0.30426503063 0.00059221070458
0.304529823691 0.000586192975473
0.304794616752 0.000580209577381
0.305059409813 0.000574259535141
0.305324202874 0.000568342368542
0.305588995935 0.000562457900738
0.305853788996 0.000556606551953
0.306118582057 0.000550784298549
0.306383375118 0.000544991384542
0.306648168179 0.000539229125272
0.30691296124 0.000533499351521
0.307177754301 0.000527804164433
0.307442547362 0.000522145893321
0.307707340423 0.000516527235308
0.307972133484 0.000510950784507
0.308236926545 0.000505419483872
0.308501719606 0.000499936452314
0.308766512667 0.000494505078164
0.309031305728 0.000489128776813
0.309296098789 0.00048381097448
0.30956089185 0.000478555115276
0.309825684911 0.000473364627046
0.310090477972 0.000468240514553
0.310355271033 0.000463182311175
0.310620064094 0.000458193037104
0.310884857155 0.000453275813787
0.311149650216 0.000448433684003
0.311414443277 0.00044366969413
0.311679236338 0.000438986943779
0.311944029399 0.00043438813524
0.31220882246 0.000429876486522
0.312473615521 0.00042545432491
0.312738408582 0.000421124384912
0.313003201643 0.000416889500844
0.313267994704 0.0004127527928
0.313532787765 0.000408717945104
0.313797580826 0.000404788460849
0.314062373887 0.000400967624032
0.314327166948 0.000397257101855
0.314591960009 0.000393656159265
0.31485675307 0.000390167682641
0.315121546131 0.000386794586053
0.315386339192 0.000383539695408
0.315651132253 0.000380405275542
0.315915925314 0.000377394030617
0.316180718375 0.000374507654793
0.316445511436 0.000371747877939
0.316710304497 0.000369116978484
0.316975097558 0.000366617200144
0.317239890619 0.000364250897981
0.31750468368 0.000362020363614
0.317769476741 0.000359927887113
0.318034269802 0.000357975159619
0.318299062863 0.000356161102321
0.318563855924 0.000354487494407
0.318828648985 0.000352956627143
0.319093442046 0.000351571549265
0.319358235107 0.000350336031873
0.319623028168 0.000349253459431
0.319887821229 0.000348327270595
0.32015261429 0.000347560905676
0.320417407351 0.000346957648824
0.320682200412 0.000346520690239
0.320946993473 0.00034625344052
0.321211786534 0.000346158930707
0.321476579594 0.00034623894377
0.321741372655 0.000346496815193
0.322006165716 0.000346934855199
0.322270958777 0.000347555367783
0.322535751838 0.00034836118809
0.322800544899 0.000349357371732
0.32306533796 0.000350548036319
0.323330131021 0.0003519370161
0.323594924082 0.000353528049258
0.323859717143 0.000355324349481
0.324124510204 0.000357327015799
0.324389303265 0.000359538926943
0.324654096326 0.000361962567654
0.324918889387 0.000364600468353
0.325183682448 0.000367455824519
0.325448475509 0.000370532474734
0.32571326857 0.000373833560306
0.325978061631 0.000377362223933
0.326242854692 0.000381120027588
0.326507647753 0.000385107329839
0.326772440814 0.000389326539342
0.327037233875 0.00039378019906
0.327302026936 0.000398472288553
0.327566819997 0.000403403738532
0.327831613058 0.000408576372806
0.328096406119 0.00041399283788
0.32836119918 0.000419652857713
0.328625992241 0.000425556682233
0.328890785302 0.000431705068088
0.329155578363 0.000438099674782
0.329420371424 0.000444742029908
0.329685164485 0.000451631203742
0.329949957546 0.000458754172017
0.330214750607 0.000466111507221
0.330479543668 0.000473704403166
0.330744336729 0.000481531883164
0.33100912979 0.000489593589305
0.331273922851 0.000497890707099
0.331538715912 0.000506424508376
0.331803508973 0.000515192986408
0.332068302034 0.00052419868576
0.332333095095 0.000533440364388
0.332597888156 0.000542910238086
0.332862681217 0.000552606921188
0.333127474278 0.000562530320571
0.333392267339 0.000572672678918
0.3336570604 0.000583024247131
0.333921853461 0.000593584275736
0.334186646522 0.000604348419886
0.334451439583 0.000615312448215
0.334716232644 0.000626470452531
0.334981025705 0.000637815627994
0.335245818766 0.000649347002574
0.335510611827 0.000661057483361
0.335775404888 0.000672937403561
0.336040197949 0.000684976359046
0.33630499101 0.000697166917882
0.336569784071 0.000709501122052
0.336834577132 0.000721967593668
0.337099370193 0.00073455385931
0.337364163254 0.000747241678086
0.337628956315 0.000760014488477
0.337893749376 0.000772854638639
0.338158542437 0.000785747935662
0.338423335498 0.000798688419792
0.338688128559 0.000811657392341
0.33895292162 0.000824637187358
0.339217714681 0.000837610408829
0.339482507741 0.000850560103136
0.339747300802 0.000863469624213
0.340012093863 0.000876321355101
0.340276886924 0.000889100404031
0.340541679985 0.000901799489123
0.340806473046 0.000914403171632
0.341071266107 0.000926895892843
0.341336059168 0.000939264793978
0.341600852229 0.000951498886622
0.34186564529 0.000963589283731
0.342130438351 0.000975528049192
0.342395231412 0.000987309091533
0.342660024473 0.000998931631559
0.342924817534 0.00101039619705
0.343189610595 0.00102170173242
0.343454403656 0.00103284764263
0.343719196717 0.0010438340371
0.343983989778 0.00105466104248
0.344248782839 0.00106532839911
0.3445135759 0.00107583686289
0.344778368961 0.00108618790799
0.345043162022 0.00109638508285
0.345307955083 0.00110643170488
0.345572748144 0.00111633123903
0.345837541205 0.00112608686751
0.346102334266 0.00113570150257
0.346367127327 0.00114517791639
0.346631920388 0.00115451884005
0.346896713449 0.00116372753179
0.34716150651 0.00117280758419
0.347426299571 0.00118176331756
0.347691092632 0.00119059621519
0.347955885693 0.00119930678034
0.348220678754 0.00120789583791
0.348485471815 0.00121636415486
0.348750264876 0.00122471249181
0.349015057937 0.00123294138627
0.349279850998 0.00124105102877
0.349544644059 0.00124904164501
0.34980943712 0.00125691358452
0.350074230181 0.00126427715878
0.350339023242 0.00127174376517
0.350603816303 0.00127912665205
0.350868609364 0.00128642024123
0.351133402425 0.00129364036253
0.351398195486 0.00130080327843
0.351662988547 0.0013079106802
0.351927781608 0.00131495740529
0.352192574669 0.00132193411577
0.35245736773 0.00132882802664
0.352722160791 0.0013356250835
0.352986953852 0.00134231200267
0.353251746913 0.00134887431535
0.353516539974 0.0013552986827
0.353781333035 0.0013615728548
0.354046126096 0.00136768624679
0.354310919157 0.00137363205674
0.354575712218 0.00137940364394
0.354840505279 0.0013849962877
0.35510529834 0.00139040732871
0.355370091401 0.0013956357887
0.355634884462 0.00140068233558
0.355899677523 0.00140554873251
0.356164470584 0.00141023817855
0.356429263645 0.00141475418813
0.356694056706 0.00141910341516
0.356958849767 0.00142329090568
0.357223642828 0.00142732140026
0.357488435889 0.00143119949515
0.357753228949 0.00143492979506
0.35801802201 0.00143851652314
0.358282815071 0.00144196296476
0.358547608132 0.00144527272108
0.358812401193 0.0014484490622
0.359077194254 0.00145149515321
0.359341987315 0.00145441386097
0.359606780376 0.00145720776907
0.359871573437 0.00145987912504
0.360136366498 0.00146242988913
0.360401159559 0.00146486276099
0.36066595262 0.00146718256802
0.360930745681 0.00146939211462
0.361195538742 0.0014714936798
0.361460331803 0.00147348935502
0.361725124864 0.00147538119278
0.361989917925 0.00147717067651
0.362254710986 0.00147885957391
0.362519504047 0.00148044925007
0.362784297108 0.00148194067961
0.363049090169 0.00148333463475
0.36331388323 0.00148463186722
0.363578676291 0.0014858325658
0.363843469352 0.00148693749538
0.364108262413 0.00148794727326
0.364373055474 0.00148886236219
0.364637848535 0.00148968509571
0.364902641596 0.00149041853499
0.365167434657 0.00149106360327
0.365432227718 0.00149162027702
0.365697020779 0.00149208861627
0.36596181384 0.0014924681421
0.366226606901 0.00149275841657
0.366491399962 0.00149295917764
0.366756193023 0.00149307015004
0.367020986084 0.00149309100938
0.367285779145 0.00149302139326
0.367550572206 0.00149286112321
0.367815365267 0.00149260960337
0.368080158328 0.0014922671429
0.368344951389 0.00149183425224
0.36860974445 0.00149131345985
0.368874537511 0.00149070557845
0.369139330572 0.00149001100494
0.369404123633 0.00148922869838
0.369668916694 0.0014883578908
0.369933709755 0.00148739816252
0.370198502816 0.00148634905343
0.370463295877 0.00148521007096
0.370728088938 0.0014839799466
0.370992881999 0.00148265809029
0.37125767506 0.0014812440878
0.371522468121 0.00147973687601
0.371787261182 0.00147813521956
0.372052054243 0.00147644163925
0.372316847304 0.0014746557875
0.372581640365 0.0014727771581
0.372846433426 0.00147080485904
0.373111226487 0.0014687368821
0.373376019548 0.00146657289527
0.373640812609 0.0014643113414
0.37390560567 0.00146195181923
0.374170398731 0.00145949243732
0.374435191792 0.00145693133898
0.374699984853 0.00145426913541
0.374964777914 0.00145150713846
0.375229570975 0.00144864438956
0.375494364036 0.00144568044578
0.375759157096 0.00144261549549
0.376023950157 0.0014394498709
0.376288743218 0.0014361830933
0.376553536279 0.00143281264958
0.37681832934 0.001429338591
0.377083122401 0.0014257615866
0.377347915462 0.00142208353003
0.377612708523 0.00141830475474
0.377877501584 0.00141442556334
0.378142294645 0.00141044672066
0.378407087706 0.00140636833488
0.378671880767 0.00140219096453
0.378936673828 0.0013979144892
0.379201466889 0.00139354109442
0.37946625995 0.00138907285924
0.379731053011 0.00138451183212
0.379995846072 0.00137985911359
0.380260639133 0.00137511770729
0.380525432194 0.00137029069571
0.380790225255 0.00136538038691
0.381055018316 0.00136038802455
0.381319811377 0.00135531537711
0.381584604438 0.00135016488254
0.381849397499 0.00134493770551
0.38211419056 0.00133963567074
0.382378983621 0.00133426091788
0.382643776682 0.00132881732059
0.382908569743 0.0013233084757
0.383173362804 0.00131773815839
0.383438155865 0.00131211111759
0.383702948926 0.00130643177317
0.383967741987 0.00130070542071
0.384232535048 0.00129493584462
0.384497328109 0.00128912643692
0.38476212117 0.00128327976528
0.385026914231 0.00127740116917
0.385291707292 0.00127149236266
0.385556500353 0.00126555438072
0.385821293414 0.00125959041014
0.386086086475 0.00125360457895
0.386350879536 0.00124760112022
0.386615672597 0.00124158225808
0.386880465658 0.00123554932039
0.387145258719 0.00122950512196
0.38741005178 0.00122345482963
0.387674844841 0.00121740122095
0.387939637902 0.0012113449014
0.388204430963 0.00120528488596
0.388469224024 0.00119921882095
0.388734017085 0.00119314287879
0.388998810146 0.0011870553996
0.389263603207 0.00118095551984
0.389528396268 0.00117484238266
0.389793189329 0.00116871626634
0.39005798239 0.00116257806039
0.390322775451 0.00115642843457
0.390587568512 0.00115026672032
0.390852361573 0.00114409354121
0.391117154634 0.00113790722974
0.391381947695 0.00113170848834
0.391646740756 0.00112549711904
0.391911533817 0.00111927249508
0.392176326878 0.00111303540981
0.392441119939 0.0011067876204
0.392705913 0.00110053119809
0.392970706061 0.00109427124103
0.393235499122 0.00108801291055
0.393500292183 0.00108175806876
0.393765085244 0.00107550879848
0.394029878304 0.00106926762897
0.394294671365 0.0010630350527
0.394559464426 0.00105681077043
0.394824257487 0.00105059556783
0.395089050548 0.00104439045022
0.395353843609 0.00103819666771
0.39561863667 0.00103201604541
0.395883429731 0.00102585032349
0.396148222792 0.00101970100074
0.396413015853 0.00101356950248
0.396677808914 0.00100745747837
0.396942601975 0.00100136521927
0.397207395036 0.000995294989032
0.397472188097 0.000989248749152
0.397736981158 0.000983228413076
0.398001774219 0.00097723489536
0.39826656728 0.000971269344124
0.398531360341 0.00096533261591
0.398796153402 0.000959426303301
0.399060946463 0.000953552382409
0.399325739524 0.000947712746135
0.399590532585 0.000941909545448
0.399855325646 0.000936144963488
0.400120118707 0.000929924085675
0.400384911768 0.000923712350853
0.400649704829 0.000917456312066
0.40091449789 0.000911168624841
0.401179290951 0.000904867027309
0.401444084012 0.000898560232598
0.401708877073 0.000892256406063
0.401973670134 0.000885964459966
0.402238463195 0.000879692433592
0.402503256256 0.00087344616638
0.402768049317 0.000867229940543
0.403032842378 0.000861048065757
0.403297635439 0.000854903249603
0.4035624285 0.000848796936851
0.403827221561 0.000842727659067
0.404092014622 0.000836694911642
0.404356807683 0.000830697031712
0.404621600744 0.000824734240945
0.404886393805 0.000818805523125
0.405151186866 0.000812909978139
0.405415979927 0.000807047049521
0.405680772988 0.000801216723925
0.405945566049 0.000795419246905
0.40621035911 0.000789650171083
0.406475152171 0.000783910299443
0.406739945232 0.000778201045947
0.407004738293 0.000772524152163
0.407269531354 0.000766881715026
0.407534324415 0.000761276135425
0.407799117476 0.000755710302459
0.408063910537 0.000750186674312
0.408328703598 0.0007447081731
0.408593496659 0.000739278098637
0.40885828972 0.000733899774632
0.409123082781 0.00072857660711
0.409387875842 0.000723312066424
0.409652668903 0.000718109597886
0.409917461964 0.000712972605966
0.410182255025 0.000707901195941
0.410447048086 0.000702895843742
0.410711841147 0.000697959662466
0.410976634208 0.000693095712781
0.411241427269 0.000688307057409
0.41150622033 0.00068359688147
0.411771013391 0.000678968149827
0.412035806452 0.000674423723119
0.412300599512 0.000669966661046
0.412565392573 0.000665599252741
0.412830185634 0.000661324265791
0.413094978695 0.000657144665675
0.413359771756 0.000653063570278
0.413624564817 0.000649084740023
0.413889357878 0.000645211624755
0.414154150939 0.000641447532534
0.414418944 0.000637793180761
0.414683737061 0.000634248724351
0.414948530122 0.000630817010459
0.415213323183 0.000627501011314
0.415478116244 0.000624303494538
0.415742909305 0.000621226706233
0.416007702366 0.000618273261646
0.416272495427 0.000615444203766
0.416537288488 0.000612741879169
0.416802081549 0.000610168533424
0.41706687461 0.000607726507532
0.417331667671 0.00060541811947
0.417596460732 0.000603245719847
0.417861253793 0.000601211634898
0.418126046854 0.000599316964112
0.418390839915 0.000597560985419
0.418655632976 0.000595945711993
0.418920426037 0.000594473548202
0.419185219098 0.000593147899677
0.419450012159 0.00059197243593
0.41971480522 0.000590950488896
0.419979598281 0.000590085603094
0.420244391342 0.000589381155517
0.420509184403 0.000588840401038
0.420773977464 0.000588466518451
0.421038770525 0.00058826312229
0.421303563586 0.000588232563039
0.421568356647 0.000588377367712
0.421833149708 0.000588700456637
0.422097942769 0.000589204013827
0.42236273583 0.000589890601245
0.422627528891 0.000590763235444
0.422892321952 0.000591827250957
0.423157115013 0.00059308634862
0.423421908074 0.00059454456374
0.423686701135 0.000596205436514
0.423951494196 0.000598071723318
0.424216287257 0.00060014491776
0.424481080318 0.000602427773937
0.424745873379 0.000604922745103
0.42501066644 0.000607632368863
0.425275459501 0.00061056022801
0.425540252562 0.000613709927887
0.425805045623 0.000617084678864
0.426069838684 0.00062068748839
0.426334631745 0.000624518991025
0.426599424806 0.000628580468155
0.426864217867 0.000632874162038
0.427129010928 0.000637403414579
0.427393803989 0.000642171225922
0.42765859705 0.000647178275153
0.427923390111 0.000652427100825
0.428188183172 0.000657920048335
0.428452976233 0.000663656029694
0.428717769294 0.000669635703518
0.428982562355 0.00067586048929
0.429247355416 0.000682331337315
0.429512148477 0.000689050531761
0.429776941538 0.000696012082356
0.430041734599 0.000703206734048
0.430306527659 0.000710636097225
0.43057132072 0.000718301472904
0.430836113781 0.000726200188586
0.431100906842 0.000734333524631
0.431365699903 0.000742702580581
0.431630492964 0.000751307893661
0.431895286025 0.000760148468624
0.432160079086 0.000769226822807
0.432424872147 0.000778539587507
0.432689665208 0.000788078828983
0.432954458269 0.0007978456906
0.43321925133 0.000807839246603
0.433484044391 0.000818047506073
0.433748837452 0.000828465180133
0.434013630513 0.000839090375099
0.434278423574 0.000849918956954
0.434543216635 0.000860946381365
0.434808009696 0.000872165921327
0.435072802757 0.000883572107894
0.435337595818 0.000895163887671
0.435602388879 0.000906932197586
0.43586718194 0.000918867797434
0.436131975001 0.000930959770451
0.436396768062 0.000943202347206
0.436661561123 0.000955585862191
0.436926354184 0.000968099040833
0.437191147245 0.000980727233175
0.437455940306 0.000993453334111
0.437720733367 0.00100625970257
0.437985526428 0.00101912980188
0.438250319489 0.00103205154429
0.43851511255 0.00104501599753
0.438779905611 0.0010580043676
0.439044698672 0.00107099913867
0.439309491733 0.00108398305059
0.439574284794 0.00109693924337
0.439839077855 0.00110985075819
0.440103870916 0.00112270071451
0.440368663977 0.00113547630613
0.440633457038 0.00114816837066
0.440898250099 0.00116076055725
0.44116304316 0.00117323862624
0.441427836221 0.0011855897463
0.441692629282 0.00119780373654
0.441957422343 0.00120987197595
0.442222215404 0.00122178702337
0.442487008465 0.0012335425725
0.442751801526 0.00124514077939
0.443016594587 0.00125658061068
0.443281387648 0.0012678612076
0.443546180709 0.00127898191454
0.44381097377 0.00128994295412
0.444075766831 0.00130074405644
0.444340559892 0.00131138521065
0.444605352953 0.00132186726702
0.444870146014 0.00133219192907
0.445134939075 0.00134236341173
0.445399732136 0.00135238467501
0.445664525197 0.00136225918736
0.445929318258 0.00137199007732
0.446194111319 0.00138158023226
0.44645890438 0.00139103237282
0.446723697441 0.00140034944226
0.446988490502 0.0014095345846
0.447253283563 0.00141859283063
0.447518076624 0.00142752694529
0.447782869685 0.00143633804625
0.448047662746 0.00144502667475
0.448312455807 0.0014535936793
0.448577248867 0.00146203988609
0.448842041928 0.00147036602571
0.449106834989 0.00147857254593
0.44937162805 0.00148665968144
0.449636421111 0.00149462762198
0.449901214172 0.00150247684279
0.450166007233 0.00150981717895
0.450430800294 0.00151726091767
0.450695593355 0.00152462099727
0.450960386416 0.00153189162892
0.451225179477 0.00153908892734
0.451489972538 0.00154622842188
0.451754765599 0.00155331213771
0.45201955866 0.00156033476084
0.452284351721 0.00156728676389
0.452549144782 0.00157415548208
0.452813937843 0.00158092754704
0.453078730904 0.00158758920526
0.453343523965 0.00159412602644
0.453608317026 0.00160052479731
0.453873110087 0.0016067732018
0.454137903148 0.00161286090726
0.454402696209 0.0016187817005
0.45466748927 0.00162452832314
0.454932282331 0.00163009597877
0.455197075392 0.00163548210676
0.455461868453 0.00164068580771
0.455726661514 0.00164570781187
0.455991454575 0.00165055009963
0.456256247636 0.00165521570822
0.456521040697 0.00165970942409
0.456785833758 0.00166403704335
0.457050626819 0.0016682034932
0.45731541988 0.00167221340062
0.457580212941 0.00167607138242
0.457845006002 0.00167978201847
0.458109799063 0.00168334916686
0.458374592124 0.00168677633168
0.458639385185 0.00169006707662
0.458904178246 0.00169322473772
0.459168971307 0.00169625242377
0.459433764368 0.00169915293565
0.459698557429 0.00170192883013
0.45996335049 0.00170458221138
0.460228143551 0.00170711556341
0.460492936612 0.00170953251843
0.460757729673 0.00171183711568
0.461022522734 0.0017140318867
0.461287315795 0.00171611902364
0.461552108856 0.00171810061765
0.461816901917 0.00171997863174
0.462081694978 0.00172175447973
0.462346488039 0.00172343001937
0.4626112811 0.00172500626191
0.462876074161 0.0017264841023
0.463140867222 0.00172786428625
0.463405660283 0.00172914738861
0.463670453344 0.00173033380244
0.463935246405 0.00173142426133
0.464200039466 0.00173241932452
0.464464832527 0.00173331982376
0.464729625588 0.00173412943783
0.464994418649 0.00173485003847
0.46525921171 0.0017354821296
0.465524004771 0.00173602571773
0.465788797832 0.00173648054055
0.466053590893 0.00173684613355
0.466318383954 0.00173712212371
0.466583177014 0.00173730825874
0.466847970075 0.00173740421882
0.467112763136 0.00173740965729
0.467377556197 0.00173732427637
0.467642349258 0.00173714780484
0.467907142319 0.00173687996771
0.46817193538 0.00173652131008
0.468436728441 0.00173607314739
0.468701521502 0.00173553740036
0.468966314563 0.00173491461359
0.469231107624 0.00173420478437
0.469495900685 0.00173340653966
0.469760693746 0.00173251941431
0.470025486807 0.00173154299711
0.470290279868 0.00173047682852
0.470555072929 0.00172932007646
0.47081986599 0.00172807176108
0.471084659051 0.00172673134998
0.471349452112 0.00172529852812
0.471614245173 0.00172377132102
0.471879038234 0.00172215083325
0.472143831295 0.00172043858437
0.472408624356 0.00171863370935
0.472673417417 0.00171673579775
0.472938210478 0.00171474309055
0.473203003539 0.00171265448894
0.4734677966 0.001710469216
0.473732589661 0.00170818607511
0.473997382722 0.00170580417111
0.474262175783 0.00170332147847
0.474526968844 0.00170073678808
0.474791761905 0.00169805197592
0.475056554966 0.00169526767535
0.475321348027 0.00169238180071
0.475586141088 0.00168939480201
0.475850934149 0.00168630692236
0.47611572721 0.001683118503
0.476380520271 0.00167982745959
0.476645313332 0.0016764327289
0.476910106393 0.00167293441941
0.477174899454 0.00166933425206
0.477439692515 0.00166563341246
0.477704485576 0.00166183176983
0.477969278637 0.00165793006133
0.478234071698 0.00165392890226
0.478498864759 0.00164982829162
0.47876365782 0.00164562842357
0.479028450881 0.00164133034243
0.479293243942 0.00163693639548
0.479558037003 0.00163244837833
0.479822830064 0.00162786789991
0.480087623125 0.00162319711173
0.480352416186 0.0016184390907
0.480617209247 0.00161359671124
0.480882002308 0.00160867167562
0.481146795369 0.00160366507921
0.48141158843 0.00159857947125
0.481676381491 0.00159341626659
0.481941174552 0.00158817771722
0.482205967613 0.0015828649101
0.482470760674 0.00157748086312
0.482735553735 0.00157202928369
0.483000346796 0.001566514322
0.483265139857 0.00156093940222
0.483529932918 0.00155531017036
0.483794725979 0.00154963072381
0.48405951904 0.00154390604085
0.484324312101 0.00153814000977
0.484589105162 0.00153233521434
0.484853898222 0.00152649586276
0.485118691283 0.0015206259926
0.485383484344 0.00151472589009
0.485648277405 0.00150879817634
0.485913070466 0.00150284581207
0.486177863527 0.00149687404819
0.486442656588 0.00149088608212
0.486707449649 0.00148488290585
0.48697224271 0.00147886656775
0.487237035771 0.00147284159061
0.487501828832 0.00146681177904
0.487766621893 0.0014607791677
0.488031414954 0.00145474397517
0.488296208015 0.00144870393913
0.488561001076 0.00144265641993
0.488825794137 0.00143659785944
0.489090587198 0.00143052758245
0.489355380259 0.00142444457721
0.48962017332 0.00141834823206
0.489884966381 0.00141223923358
0.490149759442 0.00140611882128
0.490414552503 0.00139998634441
0.490679345564 0.00139384225065
0.490944138625 0.00138768552095
0.491208931686 0.0013815157217
0.491473724747 0.00137533360306
0.491738517808 0.00136913839639
0.492003310869 0.00136293012765
0.49226810393 0.00135670966817
0.492532896991 0.00135047926259
0.492797690052 0.00134424111694
0.493062483113 0.0013380025018
0.493327276174 0.00133176623702
0.493592069235 0.00132553427238
0.493856862296 0.00131930873513
0.494121655357 0.00131309182017
0.494386448418 0.0013068830467
0.494651241479 0.00130068269303
0.49491603454 0.00129449152999
0.495180827601 0.00128831051432
0.495445620662 0.00128214136577
0.495710413723 0.00127598576153
0.495975206784 0.00126984541375
0.496239999845 0.0012637216251
0.496504792906 0.00125761622185
0.496769585967 0.00125152988724
0.497034379028 0.00124546384361
0.497299172089 0.00123942024787
0.49756396515 0.00123340113972
0.497828758211 0.00122740754675
0.498093551272 0.00122144087728
0.498358344333 0.00121550200008
0.498623137394 0.00120959200017
0.498887930455 0.00120371271449
0.499152723516 0.0011978661236
0.499417516577 0.00119205424658
0.499682309638 0.00118627927892
0.499947102699 0.0011805434121
0.50021189576 0.00117435196769
0.500476688821 0.00116817039737
0.500741481882 0.00116194475428
0.501006274943 0.00115568781945
0.501271068004 0.00114941705131
0.501535861065 0.00114314142195
0.501800654126 0.00113686903233
0.502065447187 0.00113060877913
0.502330240248 0.00112436870745
0.502595033309 0.00111815430148
0.50285982637 0.00111197007781
0.50312461943 0.00110582032888
0.503389412491 0.00109970785266
0.503654205552 0.00109363384485
0.503918998613 0.00108759700932
0.504183791674 0.00108159662731
0.504448584735 0.00107563126742
0.504713377796 0.00106970129334
0.504978170857 0.00106380552717
0.505242963918 0.00105794318868
0.505507756979 0.00105211380106
0.50577255004 0.00104631739945
0.506037343101 0.00104055301557
0.506302136162 0.00103481724776
0.506566929223 0.00102911110166
0.506831722284 0.00102343592943
0.507096515345 0.00101779353145
0.507361308406 0.00101218600172
0.507626101467 0.00100661592555
0.507890894528 0.00100108609782
0.508155687589 0.000995598892593
0.50842048065 0.000990157400634
0.508685273711 0.000984764915105
0.508950066772 0.000979424733349
0.509214859833 0.000974140325013
0.509479652894 0.000968915149175
0.509744445955 0.000963752654824
0.510009239016 0.000958656164344
0.510274032077 0.000953624287457
0.510538825138 0.000948659069445
0.510803618199 0.00094376362165
0.51106841126 0.000938940959044
0.511333204321 0.000934194234075
0.511597997382 0.000929526708324
0.511862790443 0.00092494110708
0.512127583504 0.000920440499322
0.512392376565 0.000916027713395
0.512657169626 0.000911705134195
0.512921962687 0.000907475555158
0.513186755748 0.000903342126159
0.513451548809 0.000899307987457
0.51371634187 0.000895376944271
0.513981134931 0.000891552411334
0.514245927992 0.000887837614526
0.514510721053 0.000884231871185
0.514775514114 0.000880736657362
0.515040307175 0.00087735489852
0.515305100236 0.000874089508389
0.515569893297 0.000870943110665
0.515834686358 0.000867918119377
0.516099479419 0.000865016341073
0.51636427248 0.00086223952601
0.516629065541 0.000859589923919
0.516893858602 0.000857069854509
0.517158651663 0.000854681598625
0.517423444724 0.000852427534721
0.517688237785 0.000850310013908
0.517953030846 0.000848331352981
0.518217823907 0.000846491683306
0.518482616968 0.000844790944754
0.518747410029 0.000843231484931
0.51901220309 0.000841815816319
0.519276996151 0.00084054774194
0.519541789212 0.000839430770532
0.519806582273 0.000838468195942
0.520071375334 0.000837663674604
0.520336168395 0.00083702046843
0.520600961456 0.00083654183094
0.520865754517 0.000836230956747
0.521130547578 0.00083609159659
0.521395340638 0.000836125337654
0.521660133699 0.00083633545259
0.52192492676 0.000836724570115
0.522189719821 0.000837294685797
0.522454512882 0.000838048562891
0.522719305943 0.000838989940163
0.522984099004 0.000840123843024
0.523248892065 0.000841453944002
0.523513685126 0.000842984131139
0.523778478187 0.000844717876373
0.524043271248 0.000846657300976
0.524308064309 0.000848804402833
0.52457285737 0.000851161846513
0.524837650431 0.000853732045111
0.525102443492 0.000856517455335
0.525367236553 0.000859522342338
0.525632029614 0.000862749933859
0.525896822675 0.000866203457915
0.526161615736 0.000869885625597
0.526426408797 0.000873796280863
0.526691201858 0.000877937607542
0.526955994919 0.000882311664479
0.52722078798 0.000886922619173
0.527485581041 0.000891772232074
0.527750374102 0.000896861499657
0.528015167163 0.000902193350478
0.528279960224 0.000907769002865
0.528544753285 0.000913588062773
0.528809546346 0.000919650765287
0.529074339407 0.000925959185891
0.529339132468 0.00093251379691
0.529603925529 0.000939316909621
0.52986871859 0.000946357428418
0.530133511651 0.000953631310629
