0.000812182741117 0
0.00107735037537 0
0.00134251800962 0
0.00160768564388 0
0.00187285327813 0
0.00213802091238 0
0.00240318854664 0
0.00266835618089 0
0.00293352381514 0
0.0031986914494 0
0.00346385908365 0
0.0037290267179 0
0.00399419435216 0
0.00425936198641 0
0.00452452962066 0
0.00478969725492 0
0.00505486488917 0
0.00532003252342 0
0.00558520015768 0
0.00585036779193 0
0.00611553542618 0
0.00638070306044 0
0.00664587069469 0
0.00691103832894 0
0.0071762059632 0
0.00744137359745 0
0.0077065412317 0
0.00797170886596 0
0.00823687650021 0
0.00850204413446 0
0.00876721176872 0
0.00903237940297 0
0.00929754703722 0
0.00956271467148 0
0.00982788230573 0
0.01009304994 0
0.0103582175742 0
0.0106233852085 0
0.0108885528427 0
0.011153720477 0
0.0114188881113 0
0.0116840557455 0
0.0119492233798 0
0.012214391014 0
0.0124795586483 0
0.0127447262825 0
0.0130098939168 0
0.013275061551 0
0.0135402291853 0
0.0138053968195 0
0.0140705644538 0
0.014335732088 -1.75337911447e-06
0.0146008997223 -3.40757885744e-06
0.0148660673565 -4.96389977978e-06
0.0151312349908 -6.42395096355e-06
0.0153964026251 -7.78992902115e-06
0.0156615702593 -9.0630656508e-06
0.0159267378936 -1.02448198281e-05
0.0161919055278 -1.13371685335e-05
0.0164570731621 -1.23412877704e-05
0.0167222407963 -1.32584487247e-05
0.0169874084306 -1.40898720107e-05
0.0172525760648 -1.48363457373e-05
0.0175177436991 -1.54994265942e-05
0.0177829113333 -1.60805480286e-05
0.0180480789676 -1.65801302884e-05
0.0183132466018 -1.69978807641e-05
0.0185784142361 -1.73332756679e-05
0.0188435818703 -1.75858732704e-05
0.0191087495046 -1.77552877019e-05
0.0193739171389 -1.78409883374e-05
0.0196390847731 -1.78421108675e-05
0.0199042524074 -1.77579942561e-05
0.0201694200416 -1.75879968317e-05
0.0204345876759 -1.73325725505e-05
0.0206997553101 -1.69921255023e-05
0.0209649229444 -1.65661385099e-05
0.0212300905786 -1.60531088168e-05
0.0214952582129 -1.54518245442e-05
0.0217604258471 -1.47613024839e-05
0.0220255934814 -1.39805453486e-05
0.0222907611156 -1.31085302952e-05
0.0225559287499 -1.2144272041e-05
0.0228210963841 -1.10867144652e-05
0.0230862640184 -9.93495204006e-06
0.0233514316527 -8.68867811246e-06
0.0236165992869 -7.34675662273e-06
0.0238817669212 -5.9078921036e-06
0.0241469345554 -4.37103573323e-06
0.0244121021897 -2.73398492088e-06
0.0246772698239 -9.94770227241e-07
0.0249424374582 8.48435273743e-07
0.0252076050924 2.79741434745e-06
0.0254727727267 4.85383802383e-06
0.0257379403609 7.01800322021e-06
0.0260031079952 9.29167968552e-06
0.0262682756294 1.16763088633e-05
0.0265334432637 1.41732776926e-05
0.0267986108979 1.678534352e-05
0.0270637785322 1.95140674977e-05
0.0273289461665 2.23612166465e-05
0.0275941138007 2.53286130267e-05
0.027859281435 2.84179623741e-05
0.0281244490692 3.16311986233e-05
0.0283896167035 3.49692916786e-05
0.0286547843377 3.84334370507e-05
0.028919951972 4.20265944283e-05
0.0291851196062 4.57512871571e-05
0.0294502872405 4.96092780425e-05
0.0297154548747 5.35998996045e-05
0.029980622509 5.77259450034e-05
0.0302457901432 6.19897922214e-05
0.0305109577775 6.63934984784e-05
0.0307761254117 7.09368542039e-05
0.031041293046 7.56174919352e-05
0.0313064606803 8.04347134222e-05
0.0315716283145 8.53831858268e-05
0.0318367959488 9.04648532922e-05
0.032101963583 9.56819036514e-05
0.0323671312173 0.000101033122177
0.0326322988515 0.000106520599926
0.0328974664858 0.000112142719743
0.03316263412 0.000117899909311
0.0334278017543 0.000123791739567
0.0336929693885 0.0001298216315
0.0339581370228 0.000135989882901
0.034223304657 0.000142301552092
0.0344884722913 0.000148760457797
0.0347536399255 0.000155369033927
0.0350188075598 0.000162125961029
0.0352839751941 0.00016902592389
0.0355491428283 0.000176068041348
0.0358143104626 0.000183251393032
0.0360794780968 0.00019057702547
0.0363446457311 0.000198045245871
0.0366098133653 0.000205654119757
0.0368749809996 0.000213401725576
0.0371401486338 0.000221287524956
0.0374053162681 0.000229311165809
0.0376704839023 0.000237469270563
0.0379356515366 0.000245758212395
0.0382008191708 0.00025417849922
0.0384659868051 0.000262729671769
0.0387311544393 0.000271407556845
0.0389963220736 0.000280207569907
0.0392614897079 0.000289125289497
0.0395266573421 0.000298159569005
0.0397918249764 0.000307303494135
0.0400569926106 0.000316549738171
0.0403221602449 0.000325892101558
0.0405873278791 0.000335323451377
0.0408524955134 0.000344833427083
0.0411176631476 0.000354412497113
0.0413828307819 0.000364051583652
0.0416479984161 0.000373741217365
0.0419131660504 0.000383476814923
0.0421783336846 0.000393249918881
0.0424435013189 0.000403050192829
0.0427086689531 0.000412865752134
0.0429738365874 0.00042268522851
0.0432390042217 0.00043249753727
0.0435041718559 0.000442290981353
0.0437693394902 0.00045205254214
0.0440345071244 0.000461770706242
0.0442996747587 0.000471434380104
0.0445648423929 0.000481036848313
0.0448300100272 0.000490568791704
0.0450951776614 0.000500020663687
0.0453603452957 0.000509383603865
0.0456255129299 0.000518649235834
0.0458906805642 0.000527808528185
0.0461558481984 0.000536853856359
0.0464210158327 0.000545778117115
0.0466861834669 0.000554575854235
0.0469513511012 0.000563242158696
0.0472165187355 0.000571773714032
0.0474816863697 0.000580171252541
0.047746854004 0.000588433272422
0.0480120216382 0.000596558548913
0.0482771892725 0.000604546887971
0.0485423569067 0.000612398104013
0.048807524541 0.000620112497792
0.0490726921752 0.000627690928931
0.0493378598095 0.000635134679344
0.0496030274437 0.000642445079467
0.049868195078 0.000649624478691
0.0501333627122 0.000656384006307
0.0503985303465 0.000663134969732
0.0506636979807 0.00066976242145
0.050928865615 0.000676265553382
0.0511940332493 0.00068266131136
0.0514592008835 0.000688965824311
0.0517243685178 0.00069519467226
0.051989536152 0.00070135641892
0.0522547037863 0.000707455880937
0.0525198714205 0.000713494781924
0.0527850390548 0.000719471707014
0.053050206689 0.000725382453525
0.0533153743233 0.000731220800338
0.0535805419575 0.000736979627314
0.0538457095918 0.00074265090683
0.054110877226 0.000748225435144
0.0543760448603 0.00075369407623
0.0546412124945 0.000759048120506
0.0549063801288 0.000764280540853
0.0551715477631 0.000769384675383
0.0554367153973 0.000774354928314
0.0557018830316 0.000779186069623
0.0559670506658 0.000783873754669
0.0562322183001 0.000788414891233
0.0564973859343 0.00079280759373
0.0567625535686 0.000797050908771
0.0570277212028 0.00080114444086
0.0572928888371 0.000805088496225
0.0575580564713 0.000808884056129
0.0578232241056 0.000812532587167
0.0580883917398 0.0008160362973
0.0583535593741 0.000819397506025
0.0586187270083 0.000822618793139
0.0588838946426 0.000825702659335
0.0591490622769 0.000828652245885
0.0594142299111 0.000831471992397
0.0596793975454 0.000834165386941
0.0599445651796 0.000836735598724
0.0602097328139 0.00083918568294
0.0604749004481 0.000841518631678
0.0607400680824 0.000843737117699
0.0610052357166 0.000845843549435
0.0612704033509 0.000847840216547
0.0615355709851 0.000849729276458
0.0618007386194 0.000851512843833
0.0620659062536 0.000853192854472
0.0623310738879 0.000854770889686
0.0625962415221 0.000856248447951
0.0628614091564 0.000857627697923
0.0631265767907 0.000858910614152
0.0633917444249 0.000860099762876
0.0636569120592 0.000861196942136
0.0639220796934 0.000862203611414
0.0641872473277 0.000863120934018
0.0644524149619 0.000863950215837
0.0647175825962 0.000864692764042
0.0649827502304 0.0008653497466
0.0652479178647 0.000865922201896
0.0655130854989 0.000866410727332
0.0657782531332 0.000866815808517
0.0660434207674 0.000867138339698
0.0663085884017 0.00086737912903
0.0665737560359 0.000867538891039
0.0668389236702 0.000867618179125
0.0671040913045 0.00086761786875
0.0673692589387 0.000867539833018
0.067634426573 0.000867385197666
0.0678995942072 0.000867154677959
0.0681647618415 0.000866848874548
0.0684299294757 0.00086646832185
0.06869509711 0.000866013626301
0.0689602647442 0.000865485545261
0.0692254323785 0.000864884220086
0.0694906000127 0.000864209626998
0.069755767647 0.000863461558763
0.0700209352812 0.000862640219455
0.0702861029155 0.000861745706158
0.0705512705497 0.000860778013634
0.070816438184 0.000859737836445
0.0710816058183 0.000858626342517
0.0713467734525 0.000857444003863
0.0716119410868 0.000856191177221
0.071877108721 0.000854867120014
0.0721422763553 0.000853471222553
0.0724074439895 0.000852003609586
0.0726726116238 0.000850464133507
0.072937779258 0.000848852596281
0.0732029468923 0.000847169059078
0.0734681145265 0.000845411948943
0.0737332821608 0.000843580934693
0.073998449795 0.00084167630512
0.0742636174293 0.00083969838943
0.0745287850635 0.000837647469142
0.0747939526978 0.000835522644413
0.0750591203321 0.000833323422513
0.0753242879663 0.000831049928367
0.0755894556006 0.000828702245394
0.0758546232348 0.000826280302267
0.0761197908691 0.000823782668505
0.0763849585033 0.00082121025457
0.0766501261376 0.000818563478083
0.0769152937718 0.000815843731743
0.0771804614061 0.000813051090356
0.0774456290403 0.000810184701983
0.0777107966746 0.00080724507762
0.0779759643088 0.000804232460845
0.0782411319431 0.00080114744583
0.0785062995773 0.000797990530309
0.0787714672116 0.000794761578171
0.0790366348459 0.000791461489389
0.0793018024801 0.000788091636832
0.0795669701144 0.00078465290546
0.0798321377486 0.000781145255131
0.0800973053829 0.00077756936136
0.0803624730171 0.000773926656222
0.0806276406514 0.000770219111239
0.0808928082856 0.000766448924814
0.0811579759199 0.000762617443612
0.0814231435541 0.00075872542247
0.0816883111884 0.00075477517807
0.0819534788226 0.000750767957113
0.0822186464569 0.000746706008308
0.0824838140911 0.000742590701636
0.0827489817254 0.000738423083161
0.0830141493597 0.000734204092862
0.0832793169939 0.000729935100521
0.0835444846282 0.000725617974497
0.0838096522624 0.000721255009843
0.0840748198967 0.000716848171091
0.0843399875309 0.000712400408368
0.0846051551652 0.000707913839284
0.0848703227994 0.000703392128586
0.0851354904337 0.000698837655878
0.0854006580679 0.000694253030826
0.0856658257022 0.000689640916566
0.0859309933364 0.000685003695812
0.0861961609707 0.000680344654652
0.0864613286049 0.000675667827617
0.0867264962392 0.000670976768065
0.0869916638735 0.000666273507231
0.0872568315077 0.000661559637284
0.087521999142 0.000656838382027
0.0877871667762 0.000652114316045
0.0880523344105 0.000647390910582
0.0883175020447 0.000642671399431
0.088582669679 0.000637957896552
0.0888478373132 0.000633253046198
0.0891130049475 0.000628559777239
0.0893781725817 0.000623881844157
0.089643340216 0.000619224179407
0.0899085078502 0.000614589594675
0.0901736754845 0.000609979299094
0.0904388431187 0.000605393058194
0.090704010753 0.000600831534436
0.0909691783873 0.000596294346924
0.0912343460215 0.00059178187143
0.0914995136558 0.000587294745745
0.09176468129 0.00058283386342
0.0920298489243 0.000578400464029
0.0922950165585 0.000573995774904
0.0925601841928 0.000569621407612
0.092825351827 0.000565278715902
0.0930905194613 0.00056096869606
0.0933556870955 0.000556691419021
0.0936208547298 0.000552445502984
0.093886022364 0.000548229686027
0.0941511899983 0.000544045282772
0.0944163576325 0.000539893854563
0.0946815252668 0.000535776828466
0.0949466929011 0.000531695164993
0.0952118605353 0.000527650409751
0.0954770281696 0.000523643881364
0.0957421958038 0.000519677988746
0.0960073634381 0.00051575713656
0.0962725310723 0.000511882826745
0.0965376987066 0.000508056787302
0.0968028663408 0.000504280477859
0.0970680339751 0.000500554941825
0.0973332016093 0.000496881402896
0.0975983692436 0.000493260768994
0.0978635368778 0.00048969372799
0.0981287045121 0.000486180471845
0.0983938721463 0.000482719997896
0.0986590397806 0.000479313106183
0.0989242074149 0.000475960714878
0.0991893750491 0.000472663387454
0.0994545426834 0.000469421496395
0.0997197103176 0.000466235289147
0.0999848779519 0.000463105067026
0.100250045586 0.000459610890682
0.10051521322 0.000456143665546
0.100780380855 0.000452645248766
0.101045548489 0.000449129881012
0.101310716123 0.000445612541203
0.101575883757 0.000442102664339
0.101841051392 0.000438607630865
0.102106219026 0.000435132367212
0.10237138666 0.000431681322179
0.102636554294 0.000428258429052
0.102901721929 0.000424867307506
0.103166889563 0.00042151133908
0.103432057197 0.000418193869794
0.103697224831 0.000414916569861
0.103962392466 0.0004116795139
0.1042275601 0.000408481430414
0.104492727734 0.000405322148661
0.104757895368 0.000402200412561
0.105023063003 0.00039911509788
0.105288230637 0.000396065211088
0.105553398271 0.00039304992123
0.105818565905 0.000390068471697
0.10608373354 0.000387120145064
0.106348901174 0.000384204268526
0.106614068808 0.000381320464918
0.106879236442 0.000378467328588
0.107144404077 0.000375644908021
0.107409571711 0.000372852217764
0.107674739345 0.000370089395363
0.107939906979 0.000367356740243
0.108205074614 0.000364654742341
0.108470242248 0.000361984234679
0.108735409882 0.000359346260474
0.109000577516 0.000356741974048
0.109265745151 0.000354172713328
0.109530912785 0.000351639882403
0.109796080419 0.00034914509158
0.110061248053 0.000346689609655
0.110326415688 0.000344273823393
0.110591583322 0.000341899393929
0.110856750956 0.000339567029157
0.111121918591 0.000337277696627
0.111387086225 0.000335033144686
0.111652253859 0.000332835123276
0.111917421493 0.000330685426796
0.112182589128 0.000328585815505
0.112447756762 0.000326537829921
0.112712924396 0.000324543522726
0.11297809203 0.00032260482615
0.113243259665 0.000320722891118
0.113508427299 0.000318899343113
0.113773594933 0.000317135702702
0.114038762567 0.000315433195706
0.114303930202 0.000313792236736
0.114569097836 0.000312214641183
0.11483426547 0.000310701751589
0.115099433104 0.000309254725751
0.115364600739 0.000307875381616
0.115629768373 0.000306565622333
0.115894936007 0.000305327389988
0.116160103641 0.000304162649701
0.116425271276 0.000303073427769
0.11669043891 0.000302061912006
0.116955606544 0.000301129870012
0.117220774178 0.000300278760669
0.117485941813 0.000299510240638
0.117751109447 0.000298825808342
0.118016277081 0.000298225956178
0.118281444715 0.000297712446327
0.11854661235 0.000297287113341
0.118811779984 0.00029695216853
0.119076947618 0.000296710194754
0.119342115252 0.000296563466202
0.119607282887 0.000296514175872
0.119872450521 0.000296564677531
0.120137618155 0.000296716917306
0.120402785789 0.000296973006241
0.120667953424 0.000297335021392
0.120933121058 0.000297805047105
0.121198288692 0.000298384264111
0.121463456326 0.000299074456206
0.121728623961 0.00029987774341
0.121993791595 0.000300796130805
0.122258959229 0.000301831580785
0.122524126863 0.000302987546366
0.122789294498 0.000304266909579
0.123054462132 0.000305672246364
0.123319629766 0.000307206031192
0.1235847974 0.000308870734906
0.123849965035 0.000310668695256
0.124115132669 0.000312601098411
0.124380300303 0.00031467009534
0.124645467937 0.00031687775844
0.124910635572 0.000319226006706
0.125175803206 0.000321717293663
0.12544097084 0.000324354865653
0.125706138474 0.000327141154754
0.125971306109 0.00033007833598
0.126236473743 0.000333168478703
0.126501641377 0.000336411631194
0.126766809011 0.000339809767164
0.127031976646 0.000343365025867
0.12729714428 0.000347080232527
0.127562311914 0.000350957922172
0.127827479548 0.00035499890635
0.128092647183 0.000359205460164
0.128357814817 0.000363579543544
0.128622982451 0.000368121208315
0.128888150085 0.000372831355088
0.12915331772 0.000377711436202
0.129418485354 0.000382762021053
0.129683652988 0.000387985914221
0.129948820622 0.00039337753606
0.130213988257 0.000398934714032
0.130479155891 0.000404658336661
0.130744323525 0.000410550628839
0.13100949116 0.000416612423617
0.131274658794 0.000422843028742
0.131539826428 0.000429244765539
0.131804994062 0.000435820602962
0.132070161697 0.000442568322804
0.132335329331 0.000449491051055
0.132600496965 0.00045659110368
0.132865664599 0.000463863434514
0.133130832234 0.000471307011548
0.133395999868 0.000478922490665
0.133661167502 0.000486709901414
0.133926335136 0.000494664110157
0.134191502771 0.000502779807512
0.134456670405 0.000511057085386
0.134721838039 0.000519494396415
0.134987005673 0.000528089358
0.135252173308 0.000536839495258
0.135517340942 0.000545741072639
0.135782508576 0.000554794071973
0.13604767621 0.000563997044648
0.136312843845 0.000573344842208
0.136578011479 0.000582832215422
0.136843179113 0.000592454091299
0.137108346747 0.000602206114231
0.137373514382 0.00061208385878
0.137638682016 0.000622080249774
0.13790384965 0.000632187456971
0.138169017284 0.000642396927614
0.138434184919 0.000652696842055
0.138699352553 0.000663076207994
0.138964520187 0.000673525113423
0.139229687821 0.00068403335267
0.139494855456 0.000694595244129
0.13976002309 0.00070519957297
0.140025190724 0.000715834911578
0.140290358358 0.00072648939554
0.140555525993 0.000737151099177
0.140820693627 0.000747807335189
0.141085861261 0.000758446122713
0.141351028895 0.000769055552981
0.14161619653 0.000779624027129
0.141881364164 0.000790143296853
0.142146531798 0.00080060104864
0.142411699432 0.000810985008093
0.142676867067 0.000821284001076
0.142942034701 0.000831488420067
0.143207202335 0.000841589563823
0.143472369969 0.000851580061558
0.143737537604 0.000861452725665
0.144002705238 0.000871201042409
0.144267872872 0.000880824062241
0.144533040506 0.000890318823464
0.144798208141 0.000899682660115
0.145063375775 0.000908913367103
0.145328543409 0.000918009237982
0.145593711043 0.000926969942872
0.145858878678 0.000935794730534
0.146124046312 0.000944483423063
0.146389213946 0.00095303611423
0.14665438158 0.000961453546617
0.146919549215 0.000969738099499
0.147184716849 0.000977891730705
0.147449884483 0.000985916353081
0.147715052117 0.000993813774095
0.147980219752 0.00100158613498
0.148245387386 0.00100923559266
0.14851055502 0.00101676490666
0.148775722654 0.00102417677621
0.149040890289 0.00103147429923
0.149306057923 0.00103865980549
0.149571225557 0.00104573495197
0.149836393191 0.00105270127493
0.150101560826 0.00105926255665
0.15036672846 0.00106584185794
0.150631896094 0.00107232126485
0.150897063729 0.00107869800121
0.151162231363 0.00108498763339
0.151427398997 0.00109120738883
0.151692566631 0.00109737057944
0.151957734266 0.00110348650172
0.1522229019 0.00110956000255
0.152488069534 0.00111559241315
0.152753237168 0.00112158237147
0.153018404803 0.00112752630549
0.153283572437 0.00113341846012
0.153548740071 0.00113925233971
0.153813907705 0.00114502053188
0.15407907534 0.00115071578875
0.154344242974 0.00115633089705
0.154609410608 0.00116185824786
0.154874578242 0.00116729022758
0.155139745877 0.00117261969256
0.155404913511 0.00117784031318
0.155670081145 0.00118294688382
0.155935248779 0.00118793509762
0.156200416414 0.00119280162274
0.156465584048 0.00119754406601
0.156730751682 0.00120216097365
0.156995919316 0.00120665167762
0.157261086951 0.0012110161497
0.157526254585 0.00121525485612
0.157791422219 0.00121936952633
0.158056589853 0.00122336233436
0.158321757488 0.00122723516188
0.158586925122 0.00123099014125
0.158852092756 0.00123462942099
0.15911726039 0.00123815524047
0.159382428025 0.00124156987602
0.159647595659 0.00124487554692
0.159912763293 0.00124807439289
0.160177930927 0.00125116858461
0.160443098562 0.00125416059871
0.160708266196 0.00125705269455
0.16097343383 0.00125984648143
0.161238601464 0.00126254312235
0.161503769099 0.00126514524857
0.161768936733 0.00126765448238
0.162034104367 0.00127007189823
0.162299272001 0.00127239849372
0.162564439636 0.00127463512962
0.16282960727 0.00127678260412
0.163094774904 0.00127884175985
0.163359942538 0.0012808130173
0.163625110173 0.00128269689423
0.163890277807 0.00128449390199
0.164155445441 0.00128620434691
0.164420613075 0.00128782884151
0.16468578071 0.00128936767721
0.164950948344 0.00129082113605
0.165216115978 0.0012921901665
0.165481283612 0.00129347640784
0.165746451247 0.00129468034279
0.166011618881 0.00129580272179
0.166276786515 0.00129684433186
0.166541954149 0.00129780572648
0.166807121784 0.00129868739825
0.167072289418 0.00129949015959
0.167337457052 0.0013002142797
0.167602624686 0.00130085990293
0.167867792321 0.00130142725222
0.168132959955 0.00130191673972
0.168398127589 0.00130232841497
0.168663295223 0.00130266232433
0.168928462858 0.00130291958728
0.169193630492 0.00130310069884
0.169458798126 0.00130320623881
0.16972396576 0.00130323657604
0.169989133395 0.00130319208768
0.170254301029 0.00130307292767
0.170519468663 0.00130287912936
0.170784636298 0.00130261075072
0.171049803932 0.0013022678921
0.171314971566 0.00130185026316
0.1715801392 0.00130135769764
0.171845306835 0.00130079003948
0.172110474469 0.00130014732197
0.172375642103 0.00129943057211
0.172640809737 0.0012986397729
0.172905977372 0.00129777409969
0.173171145006 0.00129683313449
0.17343631264 0.00129581674895
0.173701480274 0.00129472457071
0.173966647909 0.00129355577215
0.174231815543 0.00129230967261
0.174496983177 0.00129098597034
0.174762150811 0.00128958503959
0.175027318446 0.00128810806329
0.17529248608 0.00128655456271
0.175557653714 0.00128492526032
0.175822821348 0.00128322061628
0.176087988983 0.00128144105143
0.176353156617 0.00127958578413
0.176618324251 0.00127765416204
0.176883491885 0.00127564663995
0.17714865952 0.00127356362944
0.177413827154 0.00127140642179
0.177678994788 0.00126917609578
0.177944162422 0.00126687284577
0.178209330057 0.00126449757442
0.178474497691 0.00126205068531
0.178739665325 0.00125953276101
0.179004832959 0.00125694364576
0.179270000594 0.00125428472702
0.179535168228 0.00125155780836
0.179800335862 0.00124876494183
0.180065503496 0.00124590725263
0.180330671131 0.00124298584809
0.180595838765 0.00124000241748
0.180861006399 0.00123695941593
0.181126174033 0.00123385797899
0.181391341668 0.00123069916164
0.181656509302 0.00122748471253
0.181921676936 0.00122421510919
0.18218684457 0.00122089242074
0.182452012205 0.0012175186342
0.182717179839 0.00121409628431
0.182982347473 0.00121062665244
0.183247515107 0.00120711221298
0.183512682742 0.0012035559647
0.183777850376 0.00119996033873
0.18404301801 0.00119632814117
0.184308185644 0.00119266195015
0.184573353279 0.00118896496159
0.184838520913 0.00118524026145
0.185103688547 0.00118149097473
0.185368856181 0.0011777203359
0.185634023816 0.00117393019316
0.18589919145 0.00117012247916
0.186164359084 0.00116629963615
0.186429526718 0.00116246443492
0.186694694353 0.00115861959849
0.186959861987 0.00115476873942
0.187225029621 0.00115091438195
0.187490197255 0.00114705810097
0.18775536489 0.00114320225505
0.188020532524 0.00113934920626
0.188285700158 0.00113550192587
0.188550867792 0.00113166174065
0.188816035427 0.00112782990895
0.189081203061 0.00112400721392
0.189346370695 0.00112019414487
0.18961153833 0.00111639024417
0.189876705964 0.00111259572987
0.190141873598 0.00110881146725
0.190407041232 0.00110503819447
0.190672208867 0.00110127669686
0.190937376501 0.00109752750279
0.191202544135 0.00109379118396
0.191467711769 0.00109006862952
0.191732879404 0.00108635858
0.191998047038 0.00108266098308
0.192263214672 0.00107897603764
0.192528382306 0.00107530409216
0.192793549941 0.00107164554935
0.193058717575 0.00106800096822
0.193323885209 0.00106437096119
0.193589052843 0.00106075600291
0.193854220478 0.00105715639021
0.194119388112 0.00105357180413
0.194384555746 0.00105000586786
0.19464972338 0.00104646106109
0.194914891015 0.001042939286
0.195180058649 0.00103944278425
0.195445226283 0.00103597348568
0.195710393917 0.00103253254582
0.195975561552 0.0010291210497
0.196240729186 0.00102574036673
0.19650589682 0.00102239163068
0.196771064454 0.00101907600936
0.197036232089 0.00101579493333
0.197301399723 0.0010125495666
0.197566567357 0.0010093407285
0.197831734991 0.00100616931178
0.198096902626 0.00100303585454
0.19836207026 0.000999941360935
0.198627237894 0.000996885930367
0.198892405528 0.000993869485362
0.199157573163 0.000990892672234
0.199422740797 0.000987955197193
0.199687908431 0.000985057299286
0.199953076065 0.000982199167997
0.2002182437 0.000978971314736
0.200483411334 0.000975757547182
0.200748578968 0.00097249950733
0.201013746602 0.000969212636792
0.201278914237 0.000965912558887
0.201544081871 0.000962609948031
0.201809249505 0.000959313169516
0.202074417139 0.00095602772687
0.202339584774 0.00095275869859
0.202604752408 0.000949510201425
0.202869920042 0.000946286362746
0.203135087676 0.000943091080022
0.203400255311 0.000939927927653
0.203665422945 0.000936799017557
0.203930590579 0.000933704955084
0.204195758213 0.000930645553843
0.204460925848 0.000927619108137
0.204726093482 0.000924625070159
0.204991261116 0.000921661396966
0.20525642875 0.000918726995859
0.205521596385 0.000915820787042
0.205786764019 0.000912941687262
0.206051931653 0.000910088856807
0.206317099287 0.00090726152647
0.206582266922 0.000904459243141
0.206847434556 0.000901681892671
0.20711260219 0.000898928990434
0.207377769824 0.00089619986985
0.207642937459 0.000893494679328
0.207908105093 0.000890813099446
0.208173272727 0.000888155564676
0.208438440361 0.000885523053212
0.208703607996 0.000882916748583
0.20896877563 0.00088033799426
0.209233943264 0.000877788258856
0.209499110899 0.000875269108719
0.209764278533 0.000872782311954
0.210029446167 0.000870329714657
0.210294613801 0.000867913150747
0.210559781436 0.000865533595644
0.21082494907 0.000863192246927
0.211090116704 0.000860890732171
0.211355284338 0.000858629910808
0.211620451973 0.000856411176765
0.211885619607 0.000854236433715
0.212150787241 0.000852107114016
0.212415954875 0.000850024873008
0.21268112251 0.000847990743991
0.212946290144 0.000846006127074
0.213211457778 0.000844073145046
0.213476625412 0.000842194007789
0.213741793047 0.000840370724463
0.214006960681 0.000838605132245
0.214272128315 0.000836899002276
0.214537295949 0.000835253014274
0.214802463584 0.000833668703172
0.215067631218 0.000832148004198
0.215332798852 0.000830691924
0.215597966486 0.000829302577962
0.215863134121 0.00082798208449
0.216128301755 0.000826732510917
0.216393469389 0.000825556119917
0.216658637023 0.00082445513356
0.216923804658 0.000823431594909
0.217188972292 0.000822487293886
0.217454139926 0.000821623812994
0.21771930756 0.000820842715961
0.217984475195 0.000820145857093
0.218249642829 0.000819533495644
0.218514810463 0.000819007465933
0.218779978097 0.000818569612375
0.219045145732 0.000818222422405
0.219310313366 0.000817968312646
0.219575481 0.000817809622637
0.219840648634 0.000817748758032
0.220105816269 0.000817788072375
0.220370983903 0.000817929494655
0.220636151537 0.000818175215165
0.220901319171 0.00081852740908
0.221166486806 0.000818988263184
0.22143165444 0.000819558894655
0.221696822074 0.000820241522313
0.221961989708 0.000821037957249
0.222227157343 0.000821950151307
0.222492324977 0.000822980465195
0.222757492611 0.000824132364485
0.223022660245 0.000825408671206
0.22328782788 0.000826812004255
0.223552995514 0.000828344838237
0.223818163148 0.000830009706126
0.224083330782 0.000831808461215
0.224348498417 0.000833742627722
0.224613666051 0.000835814317837
0.224878833685 0.00083802572862
0.225144001319 0.000840378661411
0.225409168954 0.000842876260659
0.225674336588 0.000845521459967
0.225939504222 0.000848316631421
0.226204671856 0.000851264031386
0.226469839491 0.000854364648764
0.226735007125 0.000857619397197
0.227000174759 0.000861030644127
0.227265342393 0.000864600425218
0.227530510028 0.000868331857557
0.227795677662 0.000872226708071
0.228060845296 0.000876286578533
0.22832601293 0.000880513858653
0.228591180565 0.000884908975859
0.228856348199 0.000889473519774
0.229121515833 0.000894207221026
0.229386683468 0.000899111763526
0.229651851102 0.00090418947152
0.229917018736 0.000909436649919
0.23018218637 0.000914850463002
0.230447354005 0.000920431380775
0.230712521639 0.000926181100627
0.230977689273 0.000932101915546
0.231242856907 0.000938192061732
0.231508024542 0.000944454089735
0.231773192176 0.000950891325756
0.23203835981 0.000957502273374
0.232303527444 0.000964289576896
0.232568695079 0.000971255994338
0.232833862713 0.000978397328902
0.233099030347 0.000985711793459
0.233364197981 0.000993200194271
0.233629365616 0.00100086307488
0.23389453325 0.00100869684727
0.234159700884 0.00101669527431
0.234424868518 0.00102485763406
0.234690036153 0.0010331835893
0.234955203787 0.00104167085834
0.235220371421 0.00105031718949
0.235485539055 0.00105911914811
0.23575070669 0.00106807579859
0.236015874324 0.00107718710615
0.236281041958 0.0010864478885
0.236546209592 0.00109585308178
0.236811377227 0.00110539811717
0.237076544861 0.00111507770054
0.237341712495 0.0011248886091
0.237606880129 0.00113482391677
0.237872047764 0.00114487595066
0.238137215398 0.00115503602695
0.238402383032 0.00116529239054
0.238667550666 0.00117563472619
0.238932718301 0.00118605298385
0.239197885935 0.00119653671867
0.239463053569 0.00120707909051
0.239728221203 0.00121766983092
0.239993388838 0.00122829788493
0.240258556472 0.00123895143085
0.240523724106 0.00124961838112
0.24078889174 0.00126028599738
0.241054059375 0.00127094216998
0.241319227009 0.00128157484436
0.241584394643 0.00129217158184
0.241849562277 0.00130272461187
0.242114729912 0.00131322101248
0.242379897546 0.00132364811895
0.24264506518 0.0013339947156
0.242910232814 0.00134425079012
0.243175400449 0.00135440738109
0.243440568083 0.00136445661124
0.243705735717 0.0013743910096
0.243970903351 0.00138420365821
0.244236070986 0.00139389321079
0.24450123862 0.00140345636892
0.244766406254 0.00141288994956
0.245031573888 0.00142219119294
0.245296741523 0.00143135823292
0.245561909157 0.00144039001679
0.245827076791 0.00144928557284
0.246092244425 0.00145804438876
0.24635741206 0.00146666616234
0.246622579694 0.00147515159691
0.246887747328 0.00148350293667
0.247152914962 0.00149172188843
0.247418082597 0.00149981011868
0.247683250231 0.00150776945579
0.247948417865 0.00151560198859
0.248213585499 0.00152330998531
0.248478753134 0.00153089621521
0.248743920768 0.00153836353455
0.249009088402 0.00154571503002
0.249274256037 0.00155295293608
0.249539423671 0.0015600789847
0.249804591305 0.00156709491529
0.250069758939 0.0015737048135
0.250334926574 0.00158033239639
0.250600094208 0.00158685909136
0.250865261842 0.00159328182923
0.251130429476 0.00159961628727
0.251395597111 0.00160587999489
0.251660764745 0.00161208658409
0.251925932379 0.00161824546093
0.252191100013 0.00162436180135
0.252456267648 0.00163043733949
0.252721435282 0.00163647080392
0.252986602916 0.00164245893923
0.25325177055 0.00164839605453
0.253516938185 0.00165427573808
0.253782105819 0.00166009066409
0.254047273453 0.0016658339986
0.254312441087 0.00167149832961
0.254577608722 0.00167707596168
0.254842776356 0.00168255932667
0.25510794399 0.00168794113592
0.255373111624 0.00169321506176
0.255638279259 0.00169837583503
0.255903446893 0.00170341908474
0.256168614527 0.00170834144832
0.256433782161 0.00171314042994
0.256698949796 0.00171781456244
0.25696411743 0.00172236315273
0.257229285064 0.001726786099
0.257494452698 0.0017310837865
0.257759620333 0.00173525834919
0.258024787967 0.00173931164851
0.258289955601 0.00174324551482
0.258555123235 0.00174706202419
0.25882029087 0.00175076327802
0.259085458504 0.00175435150194
0.259350626138 0.00175782894745
0.259615793772 0.00176119777448
0.259880961407 0.00176446013439
0.260146129041 0.00176761826273
0.260411296675 0.0017706745079
0.260676464309 0.00177363138765
0.260941631944 0.0017764902238
0.261206799578 0.00177925253109
0.261471967212 0.00178192088591
0.261737134846 0.00178449673011
0.262002302481 0.00178698111787
0.262267470115 0.001789374971
0.262532637749 0.00179167908336
0.262797805383 0.00179389427697
0.263062973018 0.00179602134785
0.263328140652 0.00179806070885
0.263593308286 0.00180001281139
0.26385847592 0.00180187807945
0.264123643555 0.00180365697369
0.264388811189 0.00180534995126
0.264653978823 0.00180695725252
0.264919146457 0.00180847914046
0.265184314092 0.00180991724839
0.265449481726 0.00181127276673
0.26571464936 0.00181254612642
0.265979816994 0.00181373806243
0.266244984629 0.00181484927279
0.266510152263 0.00181588029093
0.266775319897 0.00181683158523
0.267040487531 0.00181770401152
0.267305655166 0.00181849767253
0.2675708228 0.00181921269844
0.267835990434 0.00181984946178
0.268101158068 0.00182040823653
0.268366325703 0.00182088906086
0.268631493337 0.00182129198923
0.268896660971 0.00182161888873
0.269161828606 0.00182186976107
0.26942699624 0.00182204508722
0.269692163874 0.00182214521324
0.269957331508 0.00182217049471
0.270222499143 0.00182212095139
0.270487666777 0.00182199665193
0.270752834411 0.00182179765686
0.271018002045 0.0018215242054
0.27128316968 0.00182117608549
0.271548337314 0.00182075292028
0.271813504948 0.00182025451101
0.272078672582 0.00181968157794
0.272343840217 0.00181903471015
0.272609007851 0.00181831390308
0.272874175485 0.00181751822141
0.273139343119 0.00181664720572
0.273404510754 0.00181570074223
0.273669678388 0.00181467845961
0.273934846022 0.00181357949903
0.274200013656 0.00181240316886
0.274465181291 0.00181114913191
0.274730348925 0.00180981789157
0.274995516559 0.00180841096986
0.275260684193 0.00180692767211
0.275525851828 0.00180536860862
0.275791019462 0.00180373422721
0.276056187096 0.00180202497805
0.27632135473 0.00180023984509
0.276586522365 0.00179837836319
0.276851689999 0.00179644094895
0.277116857633 0.00179442800866
0.277382025267 0.00179234132731
0.277647192902 0.00179018153035
0.277912360536 0.00178794891613
0.27817752817 0.00178564439379
0.278442695804 0.00178326823465
0.278707863439 0.00178082113426
0.278973031073 0.00177830280784
0.279238198707 0.00177571490595
0.279503366341 0.0017730592356
0.279768533976 0.00177033787903
0.28003370161 0.00176755156608
0.280298869244 0.00176470170452
0.280564036878 0.00176178999875
0.280829204513 0.00175881900173
0.281094372147 0.00175578952078
0.281359539781 0.00175270284902
0.281624707415 0.00174956075617
0.28188987505 0.00174636350818
0.282155042684 0.0017431134256
0.282420210318 0.00173981255319
0.282685377952 0.00173646320274
0.282950545587 0.00173306685223
0.283215713221 0.00172962597582
0.283480880855 0.00172614353304
0.283746048489 0.00172262203427
0.284011216124 0.00171906420255
0.284276383758 0.00171547266454
0.284541551392 0.00171185068141
0.284806719026 0.00170820132751
0.285071886661 0.00170452780477
0.285337054295 0.0017008331324
0.285602221929 0.00169711904265
0.285867389563 0.00169338753089
0.286132557198 0.00168964114162
0.286397724832 0.00168588264931
0.286662892466 0.00168211472251
0.2869280601 0.00167834099887
0.287193227735 0.00167456365792
0.287458395369 0.00167078438058
0.287723563003 0.00166700561311
0.287988730637 0.00166322979255
0.288253898272 0.00165945900843
0.288519065906 0.00165569470459
0.28878423354 0.00165193776269
0.289049401175 0.00164818907762
0.289314568809 0.00164444887853
0.289579736443 0.00164071681639
0.289844904077 0.00163699314773
0.290110071712 0.00163327874114
0.290375239346 0.0016295744488
0.29064040698 0.00162588095513
0.290905574614 0.00162219874002
0.291170742249 0.00161852818509
0.291435909883 0.00161487000754
0.291701077517 0.00161122255129
0.291966245151 0.00160758608514
0.292231412786 0.00160396088503
0.29249658042 0.00160034725342
0.292761748054 0.00159674566369
0.293026915688 0.00159315661229
0.293292083323 0.00158958089801
0.293557250957 0.00158601877244
0.293822418591 0.00158247069847
0.294087586225 0.00157893757807
0.29435275386 0.00157542205398
0.294617921494 0.00157192649429
0.294883089128 0.00156845268652
0.295148256762 0.00156500311584
0.295413424397 0.0015615793179
0.295678592031 0.00155818239603
0.295943759665 0.00155481353149
0.296208927299 0.00155147419158
0.296474094934 0.00154816536184
0.296739262568 0.00154488863828
0.297004430202 0.00154164523462
0.297269597836 0.0015384361268
0.297534765471 0.0015352621598
0.297799933105 0.00153212430077
0.298065100739 0.0015290232419
0.298330268373 0.00152596002074
0.298595436008 0.00152293484172
0.298860603642 0.00151994753472
0.299125771276 0.00151699834659
0.29939093891 0.00151408708477
0.299656106545 0.00151121406006
0.299921274179 0.00150837957897
0.300186441813 0.00150517438988
0.300451609447 0.00150198207032
0.300716777082 0.00149874429127
0.300981944716 0.001495476665
0.30124711235 0.00149219486689
0.301512279984 0.00148890972088
0.301777447619 0.00148562970723
0.302042615253 0.00148236029943
0.302307782887 0.00147910659871
0.302572950521 0.00147587265791
0.302838118156 0.00147266258388
0.30310328579 0.00146948039725
0.303368453424 0.00146632963896
0.303633621058 0.00146321241958
0.303898788693 0.00146012927425
0.304163956327 0.00145708017327
0.304429123961 0.00145406330451
0.304694291595 0.00145107812205
0.30495945923 0.0014481224749
0.305224626864 0.00144519534806
0.305489794498 0.00144229560949
0.305754962132 0.00143942224165
0.306020129767 0.00143657434336
0.306285297401 0.00143375119721
0.306550465035 0.00143095239512
0.306815632669 0.00142817778886
0.307080800304 0.0014254269316
0.307345967938 0.00142269917029
0.307611135572 0.0014199946959
0.307876303206 0.00141731309534
0.308141470841 0.00141465490293
0.308406638475 0.00141202109364
0.308671806109 0.00140941282254
0.308936973744 0.00140683147897
0.309202141378 0.00140427850441
0.309467309012 0.0014017555345
0.309732476646 0.00139926435004
0.309997644281 0.0013968067808
0.310262811915 0.00139438466292
0.310527979549 0.00139199910886
0.310793147183 0.00138965120079
0.311058314818 0.00138734264036
0.311323482452 0.0013850742817
0.311588650086 0.00138284752301
0.31185381772 0.00138066430221
0.312118985355 0.00137852605525
0.312384152989 0.00137643447161
0.312649320623 0.00137439068013
0.312914488257 0.00137239600416
0.313179655892 0.0013704525426
0.313444823526 0.00136856257568
0.31370999116 0.00136672807133
0.313975158794 0.00136495094197
0.314240326429 0.00136323291869
0.314505494063 0.00136157475468
0.314770661697 0.00135997797103
0.315035829331 0.00135844448075
0.315300996966 0.00135697533864
0.3155661646 0.00135557264134
0.315831332234 0.00135423851946
0.316096499868 0.00135297506558
0.316361667503 0.00135178451713
0.316626835137 0.00135066913088
0.316892002771 0.00134963095609
0.317157170405 0.00134867181495
0.31742233804 0.00134779332089
0.317687505674 0.0013469970076
0.317952673308 0.0013462847751
0.318217840942 0.00134565687744
0.318483008577 0.00134511516286
0.318748176211 0.00134466146209
0.319013343845 0.00134429821054
0.319278511479 0.00134402788617
0.319543679114 0.0013438528278
0.319808846748 0.00134377545244
0.320074014382 0.00134379813005
0.320339182016 0.00134392279992
0.320604349651 0.0013441516522
0.320869517285 0.00134448687573
0.321134684919 0.00134493064694
0.321399852553 0.00134548412422
0.321665020188 0.00134614950373
0.321930187822 0.00134692863622
0.322195355456 0.00134782347428
0.32246052309 0.00134883635832
0.322725690725 0.00134997069404
0.322990858359 0.00135122934467
0.323256025993 0.00135261497072
0.323521193627 0.00135413005408
0.323786361262 0.00135577715817
0.324051528896 0.00135755816339
0.32431669653 0.00135947459299
0.324581864164 0.00136152857072
0.324847031799 0.00136372229141
0.325112199433 0.00136605759985
0.325377367067 0.00136853751852
0.325642534701 0.00137116505047
0.325907702336 0.0013739426025
0.32617286997 0.00137687244009
0.326438037604 0.00137995569167
0.326703205238 0.00138319315958
0.326968372873 0.00138658720974
0.327233540507 0.00139013988398
0.327498708141 0.00139385426765
0.327763875775 0.00139773224932
0.32802904341 0.00140177534069
0.328294211044 0.00140598596143
0.328559378678 0.00141036465574
0.328824546313 0.00141491293294
0.329089713947 0.00141963054295
0.329354881581 0.0014245192629
0.329620049215 0.00142958125582
0.32988521685 0.00143481339037
0.330150384484 0.00144021257293
0.330415552118 0.00144577909629
0.330680719752 0.0014515145772
0.330945887387 0.00145742157098
0.331211055021 0.0014634981313
0.331476222655 0.00146974672865
0.331741390289 0.00147617065456
0.332006557924 0.00148276873482
0.332271725558 0.00148954311937
0.332536893192 0.00149649679234
0.332802060826 0.00150362607264
0.333067228461 0.00151092867864
0.333332396095 0.00151840543878
0.333597563729 0.00152605694427
0.333862731363 0.00153388005829
0.334127898998 0.00154186818899
0.334393066632 0.00155002053469
0.334658234266 0.00155833686493
0.3349234019 0.00156681490647
0.335188569535 0.00157545238013
0.335453737169 0.00158424598581
0.335718904803 0.00159319456707
0.335984072437 0.0016022982705
0.336249240072 0.00161155196662
0.336514407706 0.00162095056233
0.33677957534 0.0016304895446
0.337044742974 0.00164016356528
0.337309910609 0.00164996949334
0.337575078243 0.00165990045469
0.337840245877 0.0016699487804
0.338105413511 0.00168010584658
0.338370581146 0.00169035976095
0.33863574878 0.00170070039006
0.338900916414 0.0017111176539
0.339166084048 0.00172160110855
0.339431251683 0.00173214377127
0.339696419317 0.00174273546262
0.339961586951 0.00175336515099
0.340226754585 0.0017640210234
0.34049192222 0.00177469097485
0.340757089854 0.0017853623466
0.341022257488 0.00179602298662
0.341287425122 0.00180666082057
0.341552592757 0.00181726342268
0.341817760391 0.00182782294815
0.342082928025 0.00183832636861
0.342348095659 0.00184876098857
0.342613263294 0.00185911558424
0.342878430928 0.00186938011523
0.343143598562 0.00187954560011
0.343408766196 0.00188960410368
0.343673933831 0.00189954815925
0.343939101465 0.00190937080146
0.344204269099 0.00191907061194
0.344469436733 0.00192864418228
0.344734604368 0.00193808830069
0.344999772002 0.00194740018188
0.345264939636 0.0019565777749
0.34553010727 0.00196562014854
0.345795274905 0.00197452632803
0.346060442539 0.00198329577886
0.346325610173 0.00199192820793
0.346590777807 0.00200042431485
0.346855945442 0.00200878632001
0.347121113076 0.0020170159213
0.34738628071 0.00202511476311
0.347651448344 0.0020330847401
0.347916615979 0.00204092789998
0.348181783613 0.00204864655305
0.348446951247 0.00205624345158
0.348712118882 0.00206372136754
0.348977286516 0.00207108347496
0.34924245415 0.00207833199877
0.349507621784 0.00208546870035
0.349772789419 0.00209249533061
0.350037957053 0.00209911601824
0.350303124687 0.00210575449542
0.350568292321 0.00211229217691
0.350833459956 0.0021187259884
0.35109862759 0.0021250716399
0.351363795224 0.00213134662383
0.351628962858 0.00213756468468
0.351894130493 0.0021437352472
0.352159298127 0.00214986350468
0.352424465761 0.00215595121523
0.352689633395 0.00216199710738
0.35295480103 0.00216799790126
0.353219968664 0.00217394791126
0.353485136298 0.00217984072252
0.353750303932 0.00218566901332
0.354015471567 0.00219142582924
0.354280639201 0.00219710375454
0.354545806835 0.00220269514353
0.354810974469 0.00220819243973
0.355076142104 0.00221358834801
0.355341309738 0.00221887653565
0.355606477372 0.00222405170397
0.355871645006 0.00222910949101
0.356136812641 0.00223404651799
0.356401980275 0.00223886026474
0.356667147909 0.00224354922646
0.356932315543 0.00224811274567
0.357197483178 0.00225255070278
0.357462650812 0.00225686347819
0.357727818446 0.00226105307644
0.35799298608 0.00226512145071
0.358258153715 0.0022690704463
0.358523321349 0.00227290213637
0.358788488983 0.00227661861979
0.359053656617 0.00228022213093
0.359318824252 0.00228371491507
0.359583991886 0.00228709913063
0.35984915952 0.00229037694471
0.360114327154 0.00229355054168
0.360379494789 0.00229662230484
0.360644662423 0.00229959469339
0.360909830057 0.0023024691377
0.361174997691 0.00230524700327
0.361440165326 0.00230793096553
0.36170533296 0.00231052249376
0.361970500594 0.0023130226497
0.362235668228 0.00231543235216
0.362500835863 0.00231775239393
0.362766003497 0.00231998360661
0.363031171131 0.00232212676696
0.363296338765 0.0023241823398
0.3635615064 0.00232615073701
0.363826674034 0.00232803241289
0.364091841668 0.00232982776399
0.364357009302 0.00233153729378
0.364622176937 0.00233316124305
0.364887344571 0.0023346998667
0.365152512205 0.00233615464428
0.365417679839 0.00233752687363
0.365682847474 0.00233881701552
0.365948015108 0.00234002575408
0.366213182742 0.00234115381825
0.366478350376 0.00234220174413
0.366743518011 0.00234316999978
0.367008685645 0.00234405939769
0.367273853279 0.00234487009831
0.367539020913 0.00234560223555
0.367804188548 0.00234625613881
0.368069356182 0.00234683211965
0.368334523816 0.00234733022268
0.368599691451 0.00234775048829
0.368864859085 0.00234809470558
0.369130026719 0.00234836292053
0.369395194353 0.00234855561538
0.369660361988 0.00234867313608
0.369925529622 0.00234871583909
0.370190697256 0.00234868377185
0.37045586489 0.00234857699339
0.370721032525 0.00234839556448
0.370986200159 0.00234813966544
0.371251367793 0.00234780925041
0.371516535427 0.00234740384252
0.371781703062 0.00234692323899
0.372046870696 0.0023463680748
0.37231203833 0.00234573898073
0.372577205964 0.00234503610739
0.372842373599 0.00234425846406
0.373107541233 0.00234340550785
0.373372708867 0.00234247720354
0.373637876501 0.00234147308295
0.373903044136 0.00234039242018
0.37416821177 0.00233923448319
0.374433379404 0.00233799884361
0.374698547038 0.0023366859241
0.374963714673 0.0023352973869
0.375228882307 0.0023338324407
0.375494049941 0.00233229169469
0.375759217575 0.00233067560207
0.37602438521 0.00232898460409
0.376289552844 0.00232721791217
0.376554720478 0.00232537482083
0.376819888112 0.00232345575407
0.377085055747 0.00232146111854
0.377350223381 0.00231939253778
0.377615391015 0.00231725089793
0.377880558649 0.00231503636267
0.378145726284 0.00231274982973
0.378410893918 0.00231039163722
0.378676061552 0.00230796241097
0.378941229186 0.00230546195356
0.379206396821 0.00230289172715
0.379471564455 0.00230025358455
0.379736732089 0.0022975494894
0.380001899723 0.00229478046074
0.380267067358 0.00229194769845
0.380532234992 0.00228905286241
0.380797402626 0.00228609853195
0.38106257026 0.00228308569152
0.381327737895 0.00228001546573
0.381592905529 0.00227688962528
0.381858073163 0.00227370865789
0.382123240797 0.00227047465898
0.382388408432 0.00226718960313
0.382653576066 0.00226385593137
0.3829187437 0.00226047501939
0.383183911334 0.00225704927645
0.383449078969 0.00225358175054
0.383714246603 0.00225007490342
0.383979414237 0.00224653147872
0.384244581871 0.00224295409795
0.384509749506 0.00223934592803
0.38477491714 0.00223571010674
0.385040084774 0.00223204979391
0.385305252408 0.0022283680336
0.385570420043 0.00222466671326
0.385835587677 0.00222094775208
0.386100755311 0.00221721364907
0.386365922945 0.00221346719142
0.38663109058 0.00220971101757
0.386896258214 0.00220594868018
0.387161425848 0.00220218254783
0.387426593482 0.00219841424957
0.387691761117 0.0021946462096
0.387956928751 0.00219088074038
0.388222096385 0.00218712009769
0.38848726402 0.00218336572386
0.388752431654 0.00217961849521
0.389017599288 0.00217587934671
0.389282766922 0.00217214856697
0.389547934557 0.00216842573037
0.389813102191 0.00216471108023
0.390078269825 0.00216100547198
0.390343437459 0.00215730974265
0.390608605094 0.00215362462432
0.390873772728 0.00214995057734
0.391138940362 0.00214628797591
0.391404107996 0.00214263763148
0.391669275631 0.00213899775508
0.391934443265 0.00213536867699
0.392199610899 0.00213175060113
0.392464778533 0.0021281438446
0.392729946168 0.00212454887216
0.392995113802 0.0021209661687
0.393260281436 0.00211739651852
0.39352544907 0.00211384023555
0.393790616705 0.00211029772374
0.394055784339 0.0021067699309
0.394320951973 0.00210325931192
0.394586119607 0.00209976828259
0.394851287242 0.00209629863184
0.395116454876 0.00209285282009
0.39538162251 0.0020894324251
0.395646790144 0.00208603856955
0.395911957779 0.00208267243162
0.396177125413 0.00207933546934
0.396442293047 0.00207602870067
0.396707460681 0.00207275370649
0.396972628316 0.00206951170434
0.39723779595 0.00206630370412
0.397502963584 0.00206313052949
0.397768131218 0.00205999316746
0.398033298853 0.00205689234598
0.398298466487 0.00205382908471
0.398563634121 0.0020508038127
0.398828801755 0.00204781617836
0.39909396939 0.00204486647919
0.399359137024 0.00204195447431
0.399624304658 0.00203908048311
0.399889472292 0.00203624479866
0.400154639927 0.00203303842296
0.400419807561 0.00202984463457
0.400684975195 0.00202660514815
0.400950142829 0.00202333571018
0.401215310464 0.00202005197834
0.401480478098 0.00201676485226
0.401745645732 0.00201348282479
0.402010813366 0.00201021134032
0.402275981001 0.00200695547092
0.402541148635 0.00200371926378
0.402806316269 0.00200050681285
0.403071483903 0.00199732213204
0.403336651538 0.00199416874234
0.403601819172 0.00199104875556
0.403866986806 0.00198796270106
0.40413215444 0.00198491061215
0.404397322075 0.00198189068761
0.404662489709 0.00197890230821
0.404927657343 0.0019759433898
0.405192824977 0.00197301284481
0.405457992612 0.00197010953668
0.405723160246 0.00196723243648
0.40598832788 0.00196438064361
0.406253495514 0.00196155342838
0.406518663149 0.00195875038183
0.406783830783 0.00195597132984
0.407048998417 0.00195321598441
0.407314166051 0.00195048353961
0.407579333686 0.00194777431015
0.40784450132 0.00194508775181
0.408109668954 0.00194242442096
0.408374836589 0.00193978526029
0.408640004223 0.00193717143189
0.408905171857 0.00193458431952
0.409170339491 0.00193202535453
0.409435507126 0.00192949616886
0.40970067476 0.0019269985421
0.409965842394 0.00192453430417
0.410231010028 0.00192210528904
0.410496177663 0.00191971281411
0.410761345297 0.00191735776594
0.411026512931 0.00191504186574
0.411291680565 0.0019127661294
0.4115568482 0.00191053178118
0.411822015834 0.0019083407619
0.412087183468 0.00190619454859
0.412352351102 0.00190409480139
0.412617518737 0.00190204273519
0.412882686371 0.00190003961485
0.413147854005 0.00189808741143
0.413413021639 0.00189618846944
0.413678189274 0.00189434476464
0.413943356908 0.0018925582461
0.414208524542 0.00189083061053
0.414473692176 0.00188916281155
0.414738859811 0.00188755618506
0.415004027445 0.00188601263442
0.415269195079 0.00188453330999
0.415534362713 0.00188312020525
0.415799530348 0.00188177544397
0.416064697982 0.00188050112957
0.416329865616 0.00187929946153
0.41659503325 0.00187817273947
0.416860200885 0.00187712301502
0.417125368519 0.00187615214298
0.417390536153 0.00187526177115
0.417655703787 0.00187445337631
0.417920871422 0.00187372885755
0.418186039056 0.00187308865
0.41845120669 0.0018725344309
0.418716374324 0.00187206802348
0.418981541959 0.00187169178599
0.419246709593 0.00187140821502
0.419511877227 0.00187121966093
0.419777044861 0.00187112851638
0.420042212496 0.00187113717674
0.42030738013 0.00187124761795
0.420572547764 0.00187146200934
0.420837715398 0.00187178253968
0.421102883033 0.0018722113879
0.421368050667 0.00187274984626
0.421633218301 0.00187339997722
0.421898385935 0.00187416365099
0.42216355357 0.00187504282528
0.422428721204 0.00187603978266
0.422693888838 0.00187715780414
0.422959056472 0.00187839986249
0.423224224107 0.00187976862638
0.423489391741 0.00188126657888
0.423754559375 0.00188289630203
0.424019727009 0.00188465981038
0.424284894644 0.00188655852064
0.424550062278 0.00188859456915
0.424815229912 0.00189077013819
0.425080397546 0.00189308716166
0.425345565181 0.00189554838971
0.425610732815 0.00189815698146
0.425875900449 0.00190091536982
0.426141068083 0.0019038258183
0.426406235718 0.00190688973174
0.426671403352 0.0019101076641
0.426936570986 0.00191348194991
0.42720173862 0.0019170146817
0.427466906255 0.00192070878393
0.427732073889 0.00192456644661
0.427997241523 0.00192858899154
0.428262409158 0.00193277884038
0.428527576792 0.00193713681716
0.428792744426 0.00194166418323
0.42905791206 0.00194636082464
0.429323079695 0.00195122862757
0.429588247329 0.00195626933387
0.429853414963 0.00196148087186
0.430118582597 0.00196685975275
0.430383750232 0.0019724059044
0.430648917866 0.00197812077297
0.4309140855 0.00198400713855
0.431179253134 0.0019900631866
0.431444420769 0.00199629105576
0.431709588403 0.00200269382514
0.431974756037 0.00200927108581
0.432239923671 0.00201602422055
0.432505091306 0.00202295652351
0.43277025894 0.00203006536633
0.433035426574 0.00203734736226
0.433300594208 0.0020448034781
0.433565761843 0.0020524343577
0.433830929477 0.00206023782075
0.434096097111 0.00206820653638
0.434361264745 0.00207633944933
0.43462643238 0.00208463661062
0.434891600014 0.0020930957919
0.435156767648 0.00210171469822
0.435421935282 0.00211049025167
0.435687102917 0.00211942052734
0.435952270551 0.00212850635898
0.436217438185 0.00213774285656
0.436482605819 0.00214712480588
0.436747773454 0.00215664771042
0.437012941088 0.00216630596183
0.437278108722 0.00217609685137
0.437543276356 0.00218601360552
0.437808443991 0.00219604861799
0.438073611625 0.00220619362736
0.438338779259 0.0022164365377
0.438603946893 0.00222676727647
0.438869114528 0.00223717578459
0.439134282162 0.00224765163928
0.439399449796 0.00225818746112
0.43966461743 0.00226877343851
0.439929785065 0.00227939866044
0.440194952699 0.00229005135629
0.440460120333 0.00230071946002
0.440725287967 0.00231139034294
0.440990455602 0.0023220518022
0.441255623236 0.00233269189838
0.44152079087 0.00234329795329
0.441785958504 0.00235386183533
0.442051126139 0.00236437105989
0.442316293773 0.00237481273816
0.442581461407 0.00238517549527
0.442846629041 0.00239544921072
0.443111796676 0.00240562476955
0.44337696431 0.00241569413482
0.443642131944 0.00242564983289
0.443907299578 0.00243548481473
0.444172467213 0.00244519704101
0.444437634847 0.00245478334121
0.444702802481 0.00246424049334
0.444967970115 0.00247356565133
0.44523313775 0.00248275656808
0.445498305384 0.00249181237814
0.445763473018 0.0025007320565
0.446028640652 0.00250951502043
0.446293808287 0.00251816097659
0.446558975921 0.00252667039323
0.446824143555 0.00253504553601
0.447089311189 0.00254328810279
0.447354478824 0.00255139970108
0.447619646458 0.00255938223931
0.447884814092 0.00256723776577
0.448149981727 0.00257496850237
0.448415149361 0.00258257722228
0.448680316995 0.00259006661463
0.448945484629 0.00259743992856
0.449210652264 0.00260469947914
0.449475819898 0.00261184703505
0.449740987532 0.00261888437011
0.450006155166 0.00262556511246
0.450271322801 0.00263221177863
0.450536490435 0.00263875725057
0.450801658069 0.00264519744573
0.451066825703 0.00265154721934
0.451331993338 0.00265782200283
0.451597160972 0.00266403781562
0.451862328606 0.00267020530988
0.45212749624 0.00267633053242
0.452392663875 0.00268241584815
0.452657831509 0.00268846050584
0.452922999143 0.00269446147107
0.453188166777 0.00270041326126
0.453453334412 0.00270630938967
0.453718502046 0.00271214237853
0.45398366968 0.00271790426386
0.454248837314 0.00272358818113
0.454514004949 0.00272918636792
0.454779172583 0.00273469109099
0.455044340217 0.00274009494128
0.455309507851 0.00274539145286
0.455574675486 0.0027505752525
0.45583984312 0.0027556419018
0.456105010754 0.00276058797038
0.456370178388 0.00276541091279
0.456635346023 0.00277010910759
0.456900513657 0.00277468196569
0.457165681291 0.00277912937689
0.457430848925 0.00278345171323
0.45769601656 0.00278765056013
0.457961184194 0.00279172819194
0.458226351828 0.00279568647047
0.458491519462 0.00279952749652
0.458756687097 0.00280325337997
0.459021854731 0.00280686635733
0.459287022365 0.00281036868811
0.459552189999 0.00281376254146
0.459817357634 0.00281705007793
0.460082525268 0.00282023341051
0.460347692902 0.00282331497174
0.460612860536 0.00282629714837
0.460878028171 0.00282918156412
0.461143195805 0.00283196933939
0.461408363439 0.0028346630377
0.461673531073 0.00283726433894
0.461938698708 0.00283977431216
0.462203866342 0.00284219388329
0.462469033976 0.00284452384289
0.46273420161 0.00284676500764
0.462999369245 0.00284891813694
0.463264536879 0.00285098375407
0.463529704513 0.00285296221426
0.463794872147 0.00285485403042
0.464060039782 0.00285665946603
0.464325207416 0.0028583791075
0.46459037505 0.00286001318809
0.464855542684 0.00286156195379
0.465120710319 0.00286302646702
0.465385877953 0.00286440829034
0.465651045587 0.00286570794312
0.465916213221 0.00286692604939
0.466181380856 0.00286806338018
0.46644654849 0.00286912047832
0.466711716124 0.00287009782149
0.466976883758 0.0028709961974
0.467242051393 0.00287181583912
0.467507219027 0.00287255688417
0.467772386661 0.0028732195866
0.468037554296 0.00287380433671
0.46830272193 0.00287431118077
0.468567889564 0.00287474016943
0.468833057198 0.00287509271995
0.469098224833 0.00287536922369
0.469363392467 0.00287557011292
0.469628560101 0.00287569573628
0.469893727735 0.00287574646608
0.47015889537 0.00287572241398
0.470424063004 0.00287562362596
0.470689230638 0.00287545016866
0.470954398272 0.00287520213252
0.471219565907 0.00287487968292
0.471484733541 0.00287448223557
0.471749901175 0.0028740096215
0.472015068809 0.00287346222613
0.472280236444 0.00287284082016
0.472545404078 0.00287214573853
0.472810571712 0.00287137596989
0.473075739346 0.0028705308766
0.473340906981 0.00286961051766
0.473606074615 0.00286861432227
0.473871242249 0.00286754173075
0.474136409883 0.00286639197954
0.474401577518 0.00286516452983
0.474666745152 0.00286385968876
0.474931912786 0.00286247917578
0.47519708042 0.00286102220592
0.475462248055 0.00285948939145
0.475727415689 0.00285788119362
0.475992583323 0.00285619804764
0.476257750957 0.00285443947325
0.476522918592 0.00285260445586
0.476788086226 0.00285069343155
0.47705325386 0.00284870680612
0.477318421494 0.00284664592147
0.477583589129 0.00284451205359
0.477848756763 0.00284230520065
0.478113924397 0.00284002625241
0.478379092031 0.00283767565678
0.478644259666 0.0028352539367
0.4789094273 0.00283276105939
0.479174594934 0.00283019811734
0.479439762568 0.00282756707131
0.479704930203 0.00282486975379
0.479970097837 0.00282210758043
0.480235265471 0.00281928146835
0.480500433105 0.00281639307975
0.48076560074 0.00281344490336
0.481030768374 0.00281043823488
0.481295936008 0.00280737395862
0.481561103642 0.00280425386326
0.481826271277 0.00280107868096
0.482091438911 0.00279785021968
0.482356606545 0.00279457038403
0.482621774179 0.00279124180371
0.482886941814 0.0027878657023
0.483152109448 0.00278444448736
0.483417277082 0.00278098116009
0.483682444716 0.00277747818941
0.483947612351 0.00277393834973
0.484212779985 0.00277036424236
0.484477947619 0.00276675892971
0.484743115253 0.00276312563026
0.485008282888 0.00275946744464
0.485273450522 0.0027557874862
0.485538618156 0.00275208780241
0.48580378579 0.00274837024802
0.486068953425 0.0027446372466
0.486334121059 0.00274089158693
0.486599288693 0.00273713589292
0.486864456327 0.00273337361221
0.487129623962 0.00272960739871
0.487394791596 0.00272583880772
0.48765995923 0.0027220702042
0.487925126864 0.00271830375947
0.488190294499 0.00271454204742
0.488455462133 0.00271078650474
0.488720629767 0.00270703803182
0.488985797402 0.00270329764001
0.489250965036 0.00269956567669
0.48951613267 0.00269584167337
0.489781300304 0.00269212582442
0.490046467939 0.00268841897245
0.490311635573 0.00268472191577
0.490576803207 0.00268103543727
0.490841970841 0.00267736000134
0.491107138476 0.00267369600395
0.49137230611 0.00267004435411
0.491637473744 0.00266640325544
0.491902641378 0.00266277299109
0.492167809013 0.00265915369532
0.492432976647 0.00265554569907
0.492698144281 0.00265194944268
0.492963311915 0.00264836541544
0.49322847955 0.00264479434725
0.493493647184 0.00264123666556
0.493758814818 0.00263769267834
0.494023982452 0.00263416317311
0.494289150087 0.00263065052348
0.494554317721 0.00262715724807
0.494819485355 0.00262368517417
0.495084652989 0.00262023669125
0.495349820624 0.00261681348811
0.495614988258 0.00261341672254
0.495880155892 0.0026100475396
0.496145323526 0.00260670739044
0.496410491161 0.00260339734478
0.496675658795 0.00260011887768
0.496940826429 0.00259687325847
0.497205994063 0.00259366156732
0.497471161698 0.00259048459229
0.497736329332 0.00258734333706
0.498001496966 0.00258423852875
0.4982666646 0.0025811711772
0.498531832235 0.00257814191691
0.498796999869 0.00257515022054
0.499062167503 0.0025721965414
0.499327335137 0.00256928053129
0.499592502772 0.00256640252131
0.499857670406 0.00256356275587
0.50012283804 0.00256035244844
0.500388005674 0.00255715459273
0.500653173309 0.00255391092978
0.500918340943 0.00255063733162
0.501183508577 0.00254734943045
0.501448676211 0.00254405817736
0.501713843846 0.00254077207009
0.50197901148 0.00253749652939
0.502244179114 0.00253423659233
0.502509346748 0.00253099630187
0.502774514383 0.00252777974151
0.503039682017 0.002524590895
0.503304849651 0.00252143327777
0.503570017285 0.00251830899944
0.50383518492 0.00251521859011
0.504100352554 0.00251216210422
0.504365520188 0.00250913782563
0.504630687822 0.00250614502625
0.504895855457 0.00250318171079
0.505161023091 0.00250024670854
0.505426190725 0.00249733888823
0.505691358359 0.00249445720039
0.505956525994 0.0024916007569
0.506221693628 0.00248876879898
0.506486861262 0.00248596091637
0.506752028896 0.00248317690343
0.507017196531 0.00248041664257
0.507282364165 0.00247767916412
0.507547531799 0.00247496490418
0.507812699433 0.00247227320145
0.508077867068 0.00246960462142
0.508343034702 0.00246696007375
0.508608202336 0.00246434072321
0.508873369971 0.00246174795298
0.509138537605 0.00245918318631
0.509403705239 0.00245664803777
0.509668872873 0.00245414429084
0.509934040508 0.00245167378354
0.510199208142 0.00244923833296
0.510464375776 0.00244683944935
0.51072954341 0.00244447783924
0.510994711045 0.00244215522943
0.511259878679 0.00243987280595
0.511525046313 0.00243763161167
0.511790213947 0.0024354335964
0.512055381582 0.00243328028878
0.512320549216 0.00243117330291
0.51258571685 0.00242911394391
0.512850884484 0.00242710341957
0.513116052119 0.00242514356393
0.513381219753 0.00242323678476
0.513646387387 0.00242138507188
0.513911555021 0.00241959040085
0.514176722656 0.00241785443534
0.51444189029 0.0024161783189
0.514707057924 0.00241456319867
0.514972225558 0.00241301097556
0.515237393193 0.00241152288807
0.515502560827 0.0024101008303
0.515767728461 0.00240874691189
0.516032896095 0.00240746324925
0.51629806373 0.0024062520003
0.516563231364 0.00240511549572
0.516828398998 0.00240405579649
0.517093566632 0.0024030747908
0.517358734267 0.00240217415875
0.517623901901 0.00240135532281
0.517889069535 0.00240062017598
0.518154237169 0.00239996934034
0.518419404804 0.00239940431513
0.518684572438 0.00239892691454
0.518949740072 0.00239853940906
0.519214907706 0.00239824431599
0.519480075341 0.00239804399634
0.519745242975 0.0023979408209
0.520010410609 0.00239793721329
0.520275578243 0.0023980351812
0.520540745878 0.00239823687278
0.520805913512 0.0023985444652
0.521071081146 0.00239896015189
0.52133624878 0.00239948535477
0.521601416415 0.00240012196835
0.521866584049 0.00240087193854
0.522131751683 0.00240173720288
0.522396919317 0.00240271998346
0.522662086952 0.00240382341829
0.522927254586 0.0024050506053
0.52319242222 0.00240640420686
0.523457589854 0.00240788672761
0.523722757489 0.00240950074194
0.523987925123 0.0024112484172
0.524253092757 0.0024131310577
0.524518260391 0.00241515081001
0.524783428026 0.00241730983859
0.52504859566 0.00241961016506
0.525313763294 0.00242205425809
0.525578930928 0.00242464543743
0.525844098563 0.00242738616424
0.526109266197 0.00243027869837
0.526374433831 0.00243332472055
0.526639601465 0.00243652455105
0.5269047691 0.00243988047017
0.527169936734 0.00244339462813
0.527435104368 0.00244706977221
0.527700272002 0.00245090841199
0.527965439637 0.00245491167348
0.528230607271 0.00245908198037
0.528495774905 0.00246342044204
0.52876094254 0.00246792807025
0.529026110174 0.00247260494763
0.529291277808 0.00247745297702
0.529556445442 0.00248247348844
0.529821613077 0.00248766550911
0.530086780711 0.00249302515123
0.530351948345 0.0024985519609
0.530617115979 0.0025042472073
0.530882283614 0.00251011363228
