0.000812182741117 0
0.00107772600987 0
0.00134326927863 0
0.00160881254739 0
0.00187435581614 0
0.0021398990849 0
0.00240544235366 0
0.00267098562241 0
0.00293652889117 0
0.00320207215993 0
0.00346761542868 0
0.00373315869744 0
0.0039987019662 0
0.00426424523495 0
0.00452978850371 0
0.00479533177247 0
0.00506087504122 0
0.00532641830998 0
0.00559196157874 0
0.00585750484749 0
0.00612304811625 0
0.00638859138501 0
0.00665413465376 0
0.00691967792252 0
0.00718522119128 0
0.00745076446003 0
0.00771630772879 0
0.00798185099755 0
0.0082473942663 0
0.00851293753506 0
0.00877848080382 0
0.00904402407257 0
0.00930956734133 0
0.00957511061009 0
0.00984065387884 0
0.0101061971476 0
0.0103717404164 0
0.0106372836851 0
0.0109028269539 0
0.0111683702226 0
0.0114339134914 0
0.0116994567601 0
0.0119650000289 0
0.0122305432977 0
0.0124960865664 0
0.0127616298352 0
0.0130271731039 0
0.0132927163727 0
0.0135582596414 0
0.0138238029102 0
0.014089346179 0
0.0143548894477 -1.05222241592e-06
0.0146204327165 -2.04128934062e-06
0.0148859759852 -2.96802509801e-06
0.015151519254 -3.83320181154e-06
0.0154170625227 -4.63792141278e-06
0.0156826057915 -5.38316055071e-06
0.0159481490602 -6.06954599523e-06
0.016213692329 -6.69745001694e-06
0.0164792355978 -7.26738001237e-06
0.0167447788665 -7.77990255123e-06
0.0170103221353 -8.23593414891e-06
0.017275865404 -8.6364251212e-06
0.0175414086728 -8.98231800507e-06
0.0178069519415 -9.27396561075e-06
0.0180724952103 -9.51162589318e-06
0.0183380384791 -9.69570019069e-06
0.0186035817478 -9.82643884765e-06
0.0188691250166 -9.90402152077e-06
0.0191346682853 -9.92922157103e-06
0.0194002115541 -9.90188424073e-06
0.0196657548228 -9.82155257545e-06
0.0199312980916 -9.68788986495e-06
0.0201968413604 -9.50055639855e-06
0.0204623846291 -9.25921920426e-06
0.0207279278979 -8.96361614304e-06
0.0209934711666 -8.61354574204e-06
0.0212590144354 -8.20848511904e-06
0.0215245577041 -7.74851433532e-06
0.0217901009729 -7.23335239429e-06
0.0220556442417 -6.66256134097e-06
0.0223211875104 -6.03573066414e-06
0.0225867307792 -5.35251020848e-06
0.0228522740479 -4.61251591888e-06
0.0231178173167 -3.81476555312e-06
0.0233833605854 -2.95848883567e-06
0.0236489038542 -2.04297856067e-06
0.0239144471229 -1.06757238306e-06
0.0241799903917 -3.17432824149e-08
0.0244455336605 1.06531382487e-06
0.0247110769292 2.22418840052e-06
0.024976620198 3.44569591164e-06
0.0252421634667 4.73060153209e-06
0.0255077067355 6.0793493456e-06
0.0257732500042 7.49288925458e-06
0.026038793273 8.97264686523e-06
0.0263043365418 1.05191707083e-05
0.0265698798105 1.21336093373e-05
0.0268354230793 1.38169851316e-05
0.027100966348 1.55706654058e-05
0.0273665096168 1.7395911326e-05
0.0276320528855 1.92931859095e-05
0.0278975961543 2.12630667084e-05
0.0281631394231 2.33071477807e-05
0.0284286826918 2.54273758673e-05
0.0286942259606 2.7625434937e-05
0.0289597692293 2.99018123579e-05
0.0292253124981 3.22580563943e-05
0.0294908557668 3.46957016006e-05
0.0297563990356 3.72155850051e-05
0.0300219423044 3.98182343453e-05
0.0302874855731 4.25033572092e-05
0.0305530288419 4.52717599824e-05
0.0308185721106 4.81239338329e-05
0.0310841153794 5.10604058039e-05
0.0313496586481 5.40824858937e-05
0.0316152019169 5.71914999836e-05
0.0318807451856 6.0387870172e-05
0.0321462884544 6.36731087344e-05
0.0324118317232 6.70483907597e-05
0.0326773749919 7.05137369201e-05
0.0329429182607 7.40712198365e-05
0.0332084615294 7.77217203222e-05
0.0334740047982 8.14679633609e-05
0.0337395480669 8.53109689094e-05
0.0340050913357 8.92520632042e-05
0.0342706346045 9.32918826678e-05
0.0345361778732 9.74322822882e-05
0.034801721142 0.000101675176314
0.0350672644107 0.000106018453714
0.0353328076795 0.000110462956276
0.0355983509482 0.000115009761544
0.035863894217 0.000119660371676
0.0361294374858 0.000124416456425
0.0363949807545 0.000129278824017
0.0366605240233 0.000134248179411
0.036926067292 0.000139325060911
0.0371916105608 0.000144511243885
0.0374571538295 0.000149807045349
0.0377226970983 0.000155213928246
0.0379882403671 0.00016073232653
0.0382537836358 0.000166362676284
0.0385193269046 0.00017210639896
0.0387848701733 0.000177963178443
0.0390504134421 0.000183932345017
0.0393159567108 0.000190012768315
0.0395814999796 0.000196204668547
0.0398470432483 0.000202508153932
0.0401125865171 0.000208921350828
0.0403781297859 0.000215442237821
0.0406436730546 0.000222068236323
0.0409092163234 0.000228796500624
0.0411747595921 0.000235621702775
0.0414403028609 0.000242540801146
0.0417058461296 0.00024955025402
0.0419713893984 0.000256646300045
0.0422369326672 0.000263825080187
0.0425024759359 0.000271085149091
0.0427680192047 0.000278421288352
0.0430335624734 0.000285828102438
0.0432991057422 0.000293299903345
0.0435646490109 0.000300830663133
0.0438301922797 0.000308414356851
0.0440957355485 0.000316044798462
0.0443612788172 0.000323715353695
0.044626822086 0.000331419264209
0.0448923653547 0.000339149196396
0.0451579086235 0.000346898132077
0.0454234518922 0.000354660942878
0.045688995161 0.000362430133705
0.0459545384298 0.000370197119469
0.0462200816985 0.000377953774061
0.0464856249673 0.000385692589709
0.046751168236 0.000393406205323
0.0470167115048 0.000401087532425
0.0472822547735 0.000408729634618
0.0475477980423 0.000416325896769
0.047813341311 0.00042387007649
0.0480788845798 0.000431356729985
0.0483444278486 0.000438782299227
0.0486099711173 0.000446141631264
0.0488755143861 0.000453429581807
0.0491410576548 0.000460641243432
0.0494066009236 0.000467771957809
0.0496721441923 0.00047481730899
0.0499376874611 0.000481773316267
0.0502032307299 0.000488450092711
0.0504687739986 0.000495074300922
0.0507343172674 0.000501587031197
0.0509998605361 0.000507986919797
0.0512654038049 0.000514282759902
0.0515309470736 0.000520484175817
0.0517964903424 0.000526599586178
0.0520620336112 0.000532635896465
0.0523275768799 0.000538598393434
0.0525931201487 0.000544491237506
0.0528586634174 0.000550317933792
0.0531242066862 0.000556080693947
0.0533897499549 0.000561781153174
0.0536552932237 0.000567420846222
0.0539208364925 0.000572999618696
0.0541863797612 0.000578516703057
0.05445192303 0.00058397098779
0.0547174662987 0.000589360953374
0.0549830095675 0.000594684865697
0.0552485528362 0.000599940729744
0.055514096105 0.000605126446306
0.0557796393737 0.000610239732157
0.0560451826425 0.000615278277097
0.0563107259113 0.00062023989734
0.05657626918 0.000625122519116
0.0568418124488 0.000629924134332
0.0571073557175 0.00063464287734
0.0573728989863 0.00063927720622
0.057638442255 0.000643826182253
0.0579039855238 0.000648288485791
0.0581695287926 0.000652663126233
0.0584350720613 0.000656949362873
0.0587006153301 0.000661146651851
0.0589661585988 0.000665254666196
0.0592317018676 0.000669273176758
0.0594972451363 0.000673202100744
0.0597627884051 0.000677041648363
0.0600283316739 0.000680792226047
0.0602938749426 0.000684454314455
0.0605594182114 0.000688028789007
0.0608249614801 0.000691516532436
0.0610905047489 0.000694918557554
0.0613560480176 0.00069823598509
0.0616215912864 0.00070146985363
0.0618871345552 0.000704621276989
0.0621526778239 0.000707691441869
0.0624182210927 0.000710681805571
0.0626837643614 0.000713593512494
0.0629493076302 0.000716427831399
0.0632148508989 0.000719185974193
0.0634803941677 0.000721869147215
0.0637459374364 0.000724478534423
0.0640114807052 0.000727015367817
0.064277023974 0.000729481553649
0.0645425672427 0.000731878473949
0.0648081105115 0.000734207251892
0.0650736537802 0.000736468964055
0.065339197049 0.000738664604049
0.0656047403177 0.000740795057231
0.0658702835865 0.000742861137064
0.0661358268553 0.00074486355677
0.066401370124 0.000746802992257
0.0666669133928 0.00074868053227
0.0669324566615 0.000750497112871
0.0671979999303 0.000752253647881
0.067463543199 0.000753950990009
0.0677290864678 0.000755589742086
0.0679946297366 0.000757170468528
0.0682601730053 0.000758693265396
0.0685257162741 0.00076015863715
0.0687912595428 0.000761566964595
0.0690568028116 0.000762918613416
0.0693223460803 0.000764214160108
0.0695878893491 0.000765454388972
0.0698534326179 0.000766640114724
0.0701189758866 0.000767771743643
0.0703845191554 0.000768849632686
0.0706500624241 0.000769873828356
0.0709156056929 0.000770844377214
0.0711811489616 0.000771761464016
0.0714466922304 0.000772625334625
0.0717122354991 0.000773436259323
0.0719777787679 0.000774194383105
0.0722433220367 0.000774899771921
0.0725088653054 0.000775552949337
0.0727744085742 0.000776154267282
0.0730399518429 0.000776704036195
0.0733054951117 0.000777202353178
0.0735710383804 0.000777648471989
0.0738365816492 0.000778042091735
0.074102124918 0.000778383052131
0.0743676681867 0.000778671418642
0.0746332114555 0.00077890738843
0.0748987547242 0.000779090992194
0.075164297993 0.000779222679774
0.0754298412617 0.000779302980943
0.0756953845305 0.000779332385458
0.0759609277993 0.000779311181692
0.076226471068 0.000779238720667
0.0764920143368 0.000779115413635
0.0767575576055 0.000778941822521
0.0770231008743 0.000778718492299
0.077288644143 0.000778446490754
0.0775541874118 0.00077812601644
0.0778197306806 0.000777757424501
0.0780852739493 0.000777341299994
0.0783508172181 0.000776878018993
0.0786163604868 0.00077636823128
0.0788819037556 0.000775812021419
0.0791474470243 0.000775209758913
0.0794129902931 0.000774562991199
0.0796785335618 0.000773873294839
0.0799440768306 0.000773141502285
0.0802096200994 0.000772367740396
0.0804751633681 0.000771553047083
0.0807407066369 0.000770698782718
0.0810062499056 0.000769806514399
0.0812717931744 0.000768877068098
0.0815373364431 0.000767911748462
0.0818028797119 0.000766912165653
0.0820684229807 0.000765879660059
0.0823339662494 0.000764814867813
0.0825995095182 0.000763719204013
0.0828650527869 0.000762594410329
0.0831305960557 0.000761441645874
0.0833961393244 0.000760261998219
0.0836616825932 0.000759056973671
0.083927225862 0.000757828016978
0.0841927691307 0.000756577016292
0.0844583123995 0.000755305737455
0.0847238556682 0.00075401562666
0.084989398937 0.0007527083652
0.0852549422057 0.000751385754112
0.0855204854745 0.000750049605227
0.0857860287433 0.00074870194005
0.086051572012 0.000747344399625
0.0863171152808 0.000745978502087
0.0865826585495 0.00074460604471
0.0868482018183 0.000743228993118
0.087113745087 0.00074184958625
0.0873792883558 0.000740469216933
0.0876448316245 0.000739089508814
0.0879103748933 0.000737712265028
0.0881759181621 0.000736339114937
0.0884414614308 0.000734971960131
0.0887070046996 0.000733612596214
0.0889725479683 0.000732261742107
0.0892380912371 0.000730919771085
0.0895036345058 0.000729587850143
0.0897691777746 0.000728267458064
0.0900347210434 0.000726959777404
0.0903002643121 0.000725665547406
0.0905658075809 0.000724385983141
0.0908313508496 0.000723121987429
0.0910968941184 0.000721874170129
0.0913624373871 0.000720643293663
0.0916279806559 0.000719430192962
0.0918935239247 0.00071823562653
0.0921590671934 0.000717060258642
0.0924246104622 0.000715904016427
0.0926901537309 0.00071476662823
0.0929556969997 0.00071364829071
0.0932212402684 0.000712549279207
0.0934867835372 0.000711470000689
0.093752326806 0.000710410837837
0.0940178700747 0.000709371647418
0.0942834133435 0.000708352504766
0.0945489566122 0.000707353576893
0.094814499881 0.000706375135112
0.0950800431497 0.000705417460116
0.0953455864185 0.000704480877835
0.0956111296873 0.000703565468064
0.095876672956 0.000702671583105
0.0961422162248 0.00070179977222
0.0964077594935 0.000700951943827
0.0966733027623 0.00070012935625
0.096938846031 0.000699332955137
0.0972043892998 0.00069856328943
0.0974699325685 0.000697820668539
0.0977354758373 0.000697105516436
0.0980010191061 0.000696418223429
0.0982665623748 0.0006957590416
0.0985321056436 0.000695128645198
0.0987976489123 0.000694527571755
0.0990631921811 0.00069395635849
0.0993287354498 0.000693415412342
0.0995942787186 0.000692904903908
0.0998598219874 0.000692425033295
0.100125365256 0.000691724352928
0.100390908525 0.000691037121744
0.100656451794 0.000690322552414
0.100921995062 0.000689587248354
0.101187538331 0.000688841328307
0.1014530816 0.000688091861134
0.101718624869 0.000687342932703
0.101984168137 0.000686597165258
0.102249711406 0.000685856419501
0.102515254675 0.000685122036834
0.102780797944 0.000684394853956
0.103046341212 0.000683675406884
0.103311884481 0.000682963742645
0.10357742775 0.000682260064769
0.103842971019 0.000681564560015
0.104108514287 0.000680877510184
0.104374057556 0.00068019902017
0.104639600825 0.000679529053849
0.104905144094 0.000678867757265
0.105170687362 0.000678215210906
0.105436230631 0.000677571294289
0.1057017739 0.000676936052848
0.105967317169 0.000676309475184
0.106232860438 0.000675691474976
0.106498403706 0.000675081980679
0.106763946975 0.000674480960924
0.107029490244 0.000673888105904
0.107295033513 0.000673303222004
0.107560576781 0.00067272644905
0.10782612005 0.000672157788238
0.108091663319 0.000671597375469
0.108357206588 0.000671045607152
0.108622749856 0.000670502752599
0.108888293125 0.000669968824203
0.109153836394 0.000669444298559
0.109419379663 0.000668929777178
0.109684922931 0.00066842588051
0.1099504662 0.00066793331609
0.110216009469 0.000667452497953
0.110481552738 0.000666984171012
0.110747096006 0.000666528888459
0.111012639275 0.000666087286285
0.111278182544 0.000665660250323
0.111543725813 0.000665248756613
0.111809269081 0.000664853735833
0.11207481235 0.000664475990343
0.112340355619 0.000664116546287
0.112605898888 0.000663776458654
0.112871442156 0.000663456809913
0.113136985425 0.000663158732365
0.113402528694 0.000662883182008
0.113668071963 0.000662630512207
0.113933615231 0.000662401722456
0.1141991585 0.000662197940442
0.114464701769 0.000662020325299
0.114730245038 0.000661869999118
0.114995788306 0.000661748149444
0.115261331575 0.000661655921818
0.115526874844 0.000661594440594
0.115792418113 0.000661564712511
0.116057961382 0.000661567741118
0.11632350465 0.000661604683858
0.116589047919 0.000661676752199
0.116854591188 0.000661785009996
0.117120134457 0.000661930869447
0.117385677725 0.000662115707101
0.117651220994 0.000662340921344
0.117916764263 0.000662607907694
0.118182307532 0.000662917998708
0.1184478508 0.000663272448535
0.118713394069 0.000663672471515
0.118978937338 0.000664119416229
0.119244480607 0.000664614532586
0.119510023875 0.000665159026985
0.119775567144 0.000665753910919
0.120041110413 0.000666400151123
0.120306653682 0.000667098990463
0.12057219695 0.000667851667432
0.120837740219 0.000668659412084
0.121103283488 0.000669523982132
0.121368826757 0.000670447086921
0.121634370025 0.000671430295629
0.121899913294 0.000672475171774
0.122165456563 0.000673583204663
0.122430999832 0.00067475591087
0.1226965431 0.000675994644542
0.122962086369 0.000677300617668
0.123227629638 0.000678675129095
0.123493172907 0.000680119435401
0.123758716175 0.000681634782751
0.124024259444 0.00068322238953
0.124289802713 0.000684884078426
0.124555345982 0.000686621442758
0.12482088925 0.000688436000201
0.125086432519 0.000690329405135
0.125351975788 0.00069230310534
0.125617519057 0.000694358551398
0.125883062326 0.000696496622736
0.126148605594 0.000698718847606
0.126414148863 0.000701026862627
0.126679692132 0.000703422395465
0.126945235401 0.00070590746573
0.127210778669 0.000708483292045
0.127476321938 0.000711151294184
0.127741865207 0.000713912981603
0.128007408476 0.000716769253847
0.128272951744 0.000719721748908
0.128538495013 0.000722771283804
0.128804038282 0.000725918434053
0.129069581551 0.000729165654614
0.129335124819 0.000732511488298
0.129600668088 0.000735957392259
0.129866211357 0.000739503278393
0.130131754626 0.000743150798798
0.130397297894 0.000746901532479
0.130662841163 0.000750756908515
0.130928384432 0.000754717626947
0.131193927701 0.000758786734495
0.131459470969 0.000762966073593
0.131725014238 0.000767256873432
0.131990557507 0.000771659358797
0.132256100776 0.000776173164837
0.132521644044 0.000780799999434
0.132787187313 0.000785540035021
0.133052730582 0.000790393856391
0.133318273851 0.000795362248633
0.133583817119 0.000800445876693
0.133849360388 0.000805645762163
0.134114903657 0.000810960095602
0.134380446926 0.000816388311919
0.134645990194 0.000821931485052
0.134911533463 0.000827589092677
0.135177076732 0.000833361056072
0.135442620001 0.000839248213507
0.13570816327 0.000845251375025
0.135973706538 0.000851370311386
0.136239249807 0.000857605340283
0.136504793076 0.000863955718845
0.136770336345 0.00087042084757
0.137035879613 0.000876999582992
0.137301422882 0.000883690408066
0.137566966151 0.000890492700584
0.13783250942 0.000897405071879
0.138098052688 0.000904424356147
0.138363595957 0.000911547819844
0.138629139226 0.000918772528665
0.138894682495 0.000926094282897
0.139160225763 0.000933508959036
0.139425769032 0.000941012662615
0.139691312301 0.000948600770273
0.13995685557 0.000956268629853
0.140222398838 0.000964013400123
0.140487942107 0.000971830434382
0.140753485376 0.000979714345847
0.141019028645 0.000987659806945
0.141284571913 0.000995661104155
0.141550115182 0.00100371193161
0.141815658451 0.00101180549424
0.14208120172 0.00101993513567
0.142346744988 0.00102809414779
0.142612288257 0.00103627552399
0.142877831526 0.00104447348881
0.143143374795 0.00105268002408
0.143408918063 0.00106088776241
0.143674461332 0.00106908946176
0.143940004601 0.00107727795479
0.14420554787 0.00108544617865
0.144471091138 0.00109358733844
0.144736634407 0.00110169468064
0.145002177676 0.00110976177435
0.145267720945 0.00111778235804
0.145533264214 0.0011257530623
0.145798807482 0.00113366864548
0.146064350751 0.00114152364736
0.14632989402 0.00114931258529
0.146595437289 0.00115703005369
0.146860980557 0.00116467123393
0.147126523826 0.00117223169394
0.147392067095 0.00117970759292
0.147657610364 0.00118709601608
0.147923153632 0.00119439417942
0.148188696901 0.00120159990866
0.14845424017 0.0012087107933
0.148719783439 0.00121572450515
0.148985326707 0.00122263904909
0.149250869976 0.00122945302543
0.149516413245 0.00123616568795
0.149781956514 0.00124277660124
0.150047499782 0.0012491005961
0.150313043051 0.00125536918021
0.15057858632 0.00126152551189
0.150844129589 0.00126757139643
0.151109672857 0.00127351794539
0.151375216126 0.00127937723683
0.151640759395 0.00128515989823
0.151906302664 0.00129087479069
0.152171845932 0.00129652885986
0.152437389201 0.00130212762498
0.15270293247 0.00130767556274
0.152968475739 0.00131317584153
0.153234019007 0.00131863157513
0.153499562276 0.00132404450041
0.153765105545 0.00132941514686
0.154030648814 0.00133474323763
0.154296192082 0.00134002795459
0.154561735351 0.00134526803282
0.15482727862 0.00135046179858
0.155092821889 0.00135560716676
0.155358365158 0.00136070185776
0.155623908426 0.00136574337603
0.155889451695 0.00137072914589
0.156154994964 0.00137565656153
0.156420538233 0.00138052302216
0.156686081501 0.00138532609479
0.15695162477 0.00139006401639
0.157217168039 0.00139473466315
0.157482711308 0.00139933597893
0.157748254576 0.00140386623109
0.158013797845 0.00140832392915
0.158279341114 0.0014127078253
0.158544884383 0.00141701689623
0.158810427651 0.00142125021465
0.15907597092 0.00142540710302
0.159341514189 0.00142948707912
0.159607057458 0.00143348979605
0.159872600726 0.00143741507915
0.160138143995 0.00144126321588
0.160403687264 0.00144503452534
0.160669230533 0.00144872941497
0.160934773801 0.00145234833079
0.16120031707 0.00145589176665
0.161465860339 0.00145936024277
0.161731403608 0.00146275450515
0.161996946876 0.00146607543111
0.162262490145 0.00146932348722
0.162528033414 0.00147249939533
0.162793576683 0.00147560382861
0.163059119951 0.00147863746895
0.16332466322 0.00148160152043
0.163590206489 0.00148449718335
0.163855749758 0.00148732535946
0.164121293026 0.0014900868207
0.164386836295 0.0014927822866
0.164652379564 0.00149541243388
0.164917922833 0.00149797786021
0.165183466101 0.00150047908121
0.16544900937 0.00150291661895
0.165714552639 0.00150529122507
0.165980095908 0.00150760381703
0.166245639177 0.00150985500943
0.166511182445 0.00151204555412
0.166776725714 0.00151417609426
0.167042268983 0.00151624715526
0.167307812252 0.00151825920764
0.16757335552 0.00152021271484
0.167838898789 0.00152210800931
0.168104442058 0.00152394512811
0.168369985327 0.00152572466136
0.168635528595 0.00152744740381
0.168901071864 0.00152911413553
0.169166615133 0.00153072538736
0.169432158402 0.00153228153301
0.16969770167 0.00153378305681
0.169963244939 0.00153523028198
0.170228788208 0.00153662348026
0.170494331477 0.00153796233298
0.170759874745 0.00153924696467
0.171025418014 0.00154047768807
0.171290961283 0.00154165537958
0.171556504552 0.0015427805906
0.17182204782 0.00154385349336
0.172087591089 0.00154487403704
0.172353134358 0.00154584252568
0.172618677627 0.00154675944323
0.172884220895 0.00154762506423
0.173149764164 0.00154843919129
0.173415307433 0.00154920134561
0.173680850702 0.00154991108058
0.17394639397 0.00155056846185
0.174211937239 0.00155117424045
0.174477480508 0.00155172811065
0.174743023777 0.00155223022941
0.175008567045 0.00155268108398
0.175274110314 0.00155308111916
0.175539653583 0.00155343057618
0.175805196852 0.00155372874728
0.176070740121 0.00155397606302
0.176336283389 0.0015541736815
0.176601826658 0.00155432251059
0.176867369927 0.00155442320335
0.177132913196 0.00155447565014
0.177398456464 0.00155448016654
0.177663999733 0.00155443729622
0.177929543002 0.00155434737239
0.178195086271 0.00155421098711
0.178460629539 0.00155402844212
0.178726172808 0.00155380039144
0.178991716077 0.00155352838887
0.179257259346 0.00155321312427
0.179522802614 0.00155285537066
0.179788345883 0.00155245538728
0.180053889152 0.00155201446699
0.180319432421 0.00155153378211
0.180584975689 0.00155101424433
0.180850518958 0.00155045654815
0.181116062227 0.00154986248533
0.181381605496 0.00154923331417
0.181647148764 0.00154857043874
0.181912692033 0.00154787439419
0.182178235302 0.00154714650839
0.182443778571 0.0015463887211
0.182709321839 0.00154560203
0.182974865108 0.0015447877229
0.183240408377 0.00154394719528
0.183505951646 0.00154308186168
0.183771494914 0.0015421934615
0.184037038183 0.0015412833646
0.184302581452 0.00154035317568
0.184568124721 0.00153940465038
0.184833667989 0.00153843932967
0.185099211258 0.00153745889126
0.185364754527 0.00153646508463
0.185630297796 0.00153545939895
0.185895841065 0.00153444357692
0.186161384333 0.00153341950895
0.186426927602 0.00153238896993
0.186692470871 0.00153135414171
0.18695801414 0.00153031668038
0.187223557408 0.00152927816974
0.187489100677 0.00152823991164
0.187754643946 0.00152720264953
0.188020187215 0.00152616745879
0.188285730483 0.00152513484681
0.188551273752 0.00152410565828
0.188816817021 0.00152308094909
0.18908236029 0.00152206162981
0.189347903558 0.00152104860192
0.189613446827 0.00152004269174
0.189878990096 0.00151904469798
0.190144533365 0.00151805575453
0.190410076633 0.00151707638804
0.190675619902 0.00151610720147
0.190941163171 0.00151514869208
0.19120670644 0.00151420141223
0.191472249708 0.00151326491778
0.191737792977 0.00151233923863
0.192003336246 0.00151142455239
0.192268879515 0.00151052111813
0.192534422783 0.00150962926315
0.192799966052 0.00150874903903
0.193065509321 0.0015078802739
0.19333105259 0.00150702289479
0.193596595858 0.00150617709591
0.193862139127 0.00150534306503
0.194127682396 0.00150452116109
0.194393225665 0.00150371167752
0.194658768933 0.00150291495824
0.194924312202 0.00150213146189
0.195189855471 0.00150136159754
0.19545539874 0.00150060718554
0.195720942009 0.00149986953251
0.195986485277 0.00149914954153
0.196252028546 0.00149844770159
0.196517571815 0.00149776426171
0.196783115084 0.00149709953361
0.197048658352 0.00149645393554
0.197314201621 0.00149582820031
0.19757974489 0.00149522294454
0.197845288159 0.00149463877577
0.198110831427 0.00149407630519
0.198376374696 0.00149353594917
0.198641917965 0.00149301814958
0.198907461234 0.00149252319126
0.199173004502 0.00149205143467
0.199438547771 0.00149160329991
0.19970409104 0.00149117931599
0.199969634309 0.0014907799876
0.200235177577 0.00149015183772
0.200500720846 0.00148953206687
0.200766264115 0.00148887928707
0.201031807384 0.00148820020567
0.201297350652 0.00148750502883
0.201562893921 0.00148680102309
0.20182843719 0.00148609277721
0.202093980459 0.00148538332519
0.202359523727 0.00148467480119
0.202625066996 0.00148396875778
0.202890610265 0.00148326629504
0.203156153534 0.00148256827786
0.203421696802 0.00148187505411
0.203687240071 0.00148118704381
0.20395278334 0.0014805047358
0.204218326609 0.00147982854548
0.204483869877 0.00147915875472
0.204749413146 0.00147849547625
0.205014956415 0.0014778389347
0.205280499684 0.00147718927112
0.205546042953 0.00147654659863
0.205811586221 0.00147591093718
0.20607712949 0.00147528232036
0.206342672759 0.0014746608067
0.206608216028 0.0014740464557
0.206873759296 0.00147343932035
0.207139302565 0.00147283932567
0.207404845834 0.00147224624386
0.207670389103 0.00147166023775
0.207935932371 0.00147108150244
0.20820147564 0.00147051004217
0.208467018909 0.0014699461838
0.208732562178 0.00146939042849
0.208998105446 0.00146884281842
0.209263648715 0.00146830391835
0.209529191984 0.00146777435396
0.209794735253 0.00146725482906
0.210060278521 0.00146674604889
0.21032582179 0.00146624860656
0.210591365059 0.00146576324437
0.210856908328 0.00146529061247
0.211122451596 0.00146483123673
0.211387994865 0.00146438604996
0.211653538134 0.00146395606414
0.211919081403 0.00146354230515
0.212184624671 0.00146314559375
0.21245016794 0.00146276695873
0.212715711209 0.00146240748983
0.212981254478 0.00146206832317
0.213246797746 0.00146175055526
0.213512341015 0.00146145529562
0.213777884284 0.00146118294002
0.214043427553 0.00146093432243
0.214308970821 0.00146071059691
0.21457451409 0.00146051293605
0.214840057359 0.00146034252172
0.215105600628 0.00146020053753
0.215371143897 0.00146008818078
0.215636687165 0.00146000653789
0.215902230434 0.00145995670046
0.216167773703 0.00145993960067
0.216433316972 0.00145995635031
0.21669886024 0.00146000808917
0.216964403509 0.00146009591191
0.217229946778 0.00146022125289
0.217495490047 0.00146038552799
0.217761033315 0.00146059011984
0.218026576584 0.00146083643056
0.218292119853 0.00146112584881
0.218557663122 0.00146145961653
0.21882320639 0.00146183893713
0.219088749659 0.00146226516202
0.219354292928 0.00146273958354
0.219619836197 0.00146326340519
0.219885379465 0.00146383769694
0.220150922734 0.00146446339847
0.220416466003 0.00146514179815
0.220682009272 0.00146587410737
0.22094755254 0.00146666157614
0.221213095809 0.00146750584139
0.221478639078 0.00146840867413
0.221744182347 0.00146937167132
0.222009725615 0.00147039639511
0.222275268884 0.00147148437674
0.222540812153 0.0014726371406
0.222806355422 0.00147385601334
0.22307189869 0.00147514225685
0.223337441959 0.00147649712109
0.223602985228 0.00147792188929
0.223868528497 0.00147941781653
0.224134071765 0.00148098608895
0.224399615034 0.00148262856014
0.224665158303 0.00148434684054
0.224930701572 0.00148614248263
0.225196244841 0.00148801718673
0.225461788109 0.00148997234787
0.225727331378 0.00149200940015
0.225992874647 0.00149412923533
0.226258417916 0.00149633347463
0.226523961184 0.00149862378016
0.226789504453 0.00150100185075
0.227055047722 0.00150346978696
0.227320590991 0.00150602862029
0.227586134259 0.00150867993101
0.227851677528 0.00151142506663
0.228117220797 0.00151426514452
0.228382764066 0.00151720184303
0.228648307334 0.00152023568946
0.228913850603 0.00152336742147
0.229179393872 0.0015265985108
0.229444937141 0.00152992859496
0.229710480409 0.00153335871015
0.229976023678 0.00153688922063
0.230241566947 0.00154052196794
0.230507110216 0.00154425843659
0.230772653484 0.00154809970887
0.231038196753 0.00155204750968
0.231303740022 0.00155610446966
0.231569283291 0.00156027254397
0.231834826559 0.00156455229374
0.232100369828 0.00156894391282
0.232365913097 0.00157344747556
0.232631456366 0.00157806486605
0.232896999634 0.00158279550425
0.233162542903 0.00158764062312
0.233428086172 0.00159260100168
0.233693629441 0.00159767735159
0.233959172709 0.00160287046202
0.234224715978 0.00160817765836
0.234490259247 0.00161359977463
0.234755802516 0.00161913735989
0.235021345784 0.00162479009242
0.235286889053 0.00163055812629
0.235552432322 0.00163644278423
0.235817975591 0.00164244431486
0.23608351886 0.00164856262761
0.236349062128 0.00165479788076
0.236614605397 0.00166114946716
0.236880148666 0.00166761662028
0.237145691935 0.00167419813827
0.237411235203 0.00168089238431
0.237676778472 0.00168769930817
0.237942321741 0.00169461634134
0.23820786501 0.001701640724
0.238473408278 0.00170876977917
0.238738951547 0.0017160004995
0.239004494816 0.00172332776585
0.239270038085 0.00173074832361
0.239535581353 0.00173825775375
0.239801124622 0.00174585159324
0.240066667891 0.00175352552848
0.24033221116 0.00176127678816
0.240597754428 0.00176910016744
0.240863297697 0.00177699022356
0.241128840966 0.00178494162828
0.241394384235 0.00179294846934
0.241659927503 0.00180100407258
0.241925470772 0.00180910179384
0.242191014041 0.00181723496229
0.24245655731 0.00182539682635
0.242722100578 0.00183358032231
0.242987643847 0.00184177924085
0.243253187116 0.00184998573027
0.243518730385 0.00185819244047
0.243784273653 0.00186639212404
0.244049816922 0.00187457758325
0.244315360191 0.00188274181785
0.24458090346 0.00189087796027
0.244846446728 0.00189897932765
0.245111989997 0.0019070394568
0.245377533266 0.00191505311291
0.245643076535 0.00192301632417
0.245908619804 0.00193092359413
0.246174163072 0.0019387692433
0.246439706341 0.00194654764532
0.24670524961 0.00195425358413
0.246970792879 0.00196188226852
0.247236336147 0.00196942937701
0.247501879416 0.00197689154854
0.247767422685 0.00198426573459
0.248032965954 0.00199154924294
0.248298509222 0.0019987397634
0.248564052491 0.00200583475968
0.24882959576 0.00201283189047
0.249095139029 0.00201972928831
0.249360682297 0.00202652586985
0.249626225566 0.00203322093392
0.249891768835 0.00203981406514
0.250157312104 0.00204612026407
0.250422855372 0.00205237112932
0.250688398641 0.00205850940607
0.25095394191 0.0020645371034
0.251219485179 0.00207046539397
0.251485028447 0.00207630637381
0.251750571716 0.00208207072676
0.252016114985 0.00208776735847
0.252281658254 0.00209340311589
0.252547201522 0.00209898369055
0.252812744791 0.00210451355717
0.25307828806 0.00210999594824
0.253343831329 0.00211543419829
0.253609374597 0.00212082989425
0.253874917866 0.00212618353763
0.254140461135 0.00213149487255
0.254406004404 0.00213676317163
0.254671547672 0.00214198712487
0.254937090941 0.00214716501882
0.25520263421 0.00215229481796
0.255468177479 0.00215737416404
0.255733720748 0.00216240059348
0.255999264016 0.00216737149719
0.256264807285 0.00217228425583
0.256530350554 0.00217713626417
0.256795893823 0.00218192526092
0.257061437091 0.00218664941526
0.25732698036 0.00219130646182
0.257592523629 0.00219589439284
0.257858066898 0.00220041145877
0.258123610166 0.00220485616505
0.258389153435 0.00220922731908
0.258654696704 0.0022135238134
0.258920239973 0.00221774472407
0.259185783241 0.00222188936368
0.25945132651 0.00222595721541
0.259716869779 0.00222994792007
0.259982413048 0.00223386140277
0.260247956316 0.00223769793386
0.260513499585 0.00224145783527
0.260779042854 0.00224514146781
0.261044586123 0.00224874922471
0.261310129391 0.00225228158286
0.26157567266 0.00225573903247
0.261841215929 0.00225912248977
0.262106759198 0.0022624325855
0.262372302466 0.00226566987395
0.262637845735 0.00226883502551
0.262903389004 0.0022719286868
0.263168932273 0.00227495188713
0.263434475541 0.00227790572268
0.26370001881 0.0022807912851
0.263965562079 0.0022836093971
0.264231105348 0.00228636080085
0.264496648616 0.00228904620156
0.264762191885 0.00229166624599
0.265027735154 0.00229422149073
0.265293278423 0.00229671245021
0.265558821692 0.00229913965177
0.26582436496 0.00230150418473
0.266089908229 0.00230380675054
0.266355451498 0.00230604799437
0.266620994767 0.00230822867746
0.266886538035 0.00231034935759
0.267152081304 0.00231241053896
0.267417624573 0.00231441269601
0.267683167842 0.00231635634377
0.26794871111 0.00231824153006
0.268214254379 0.0023200684817
0.268479797648 0.0023218381814
0.268745340917 0.00232355131985
0.269010884185 0.00232520859054
0.269276427454 0.00232681039171
0.269541970723 0.00232835716805
0.269807513992 0.00232984933253
0.27007305726 0.00233128717339
0.270338600529 0.00233267073744
0.270604143798 0.00233399985298
0.270869687067 0.00233527473265
0.271135230335 0.00233649605116
0.271400773604 0.00233766454663
0.271666316873 0.00233878067187
0.271931860142 0.00233984428516
0.27219740341 0.00234085558881
0.272462946679 0.00234181498239
0.272728489948 0.00234272286986
0.272994033217 0.00234357937358
0.273259576485 0.00234438420299
0.273525119754 0.00234513672969
0.273790663023 0.00234583673426
0.274056206292 0.00234648469011
0.27432174956 0.00234708098616
0.274587292829 0.00234762531602
0.274852836098 0.00234811805497
0.275118379367 0.00234855969271
0.275383922636 0.00234895066714
0.275649465904 0.00234929053319
0.275915009173 0.00234957924419
0.276180552442 0.00234981752701
0.276446095711 0.00235000671032
0.276711638979 0.00235014735768
0.276977182248 0.00235023984105
0.277242725517 0.0023502841588
0.277508268786 0.00235028074737
0.277773812054 0.0023502300515
0.278039355323 0.00235013256504
0.278304898592 0.00234998879983
0.278570441861 0.00234979914439
0.278835985129 0.00234956468552
0.279101528398 0.00234928660306
0.279367071667 0.00234896569928
0.279632614936 0.00234860226463
0.279898158204 0.00234819723501
0.280163701473 0.00234775182573
0.280429244742 0.00234726714324
0.280694788011 0.00234674379518
0.280960331279 0.00234618321158
0.281225874548 0.0023455867871
0.281491417817 0.00234495615573
0.281756961086 0.00234429191183
0.282022504354 0.00234359509584
0.282288047623 0.00234286734102
0.282553590892 0.00234211034743
0.282819134161 0.00234132492348
0.283084677429 0.00234051256379
0.283350220698 0.00233967465535
0.283615763967 0.00233881267716
0.283881307236 0.00233792835883
0.284146850504 0.00233702308341
0.284412393773 0.00233609859252
0.284677937042 0.00233515647518
0.284943480311 0.00233419831317
0.28520902358 0.00233322598339
0.285474566848 0.00233224082007
0.285740110117 0.00233124458378
0.286005653386 0.00233023911405
0.286271196655 0.00232922620175
0.286536739923 0.00232820785379
0.286802283192 0.00232718597417
0.287067826461 0.0023261621986
0.28733336973 0.00232513795302
0.287598912998 0.00232411428911
0.287864456267 0.00232309183
0.288129999536 0.00232207159579
0.288395542805 0.00232105417463
0.288661086073 0.00232004050952
0.288926629342 0.00231903165097
0.289192172611 0.00231802835784
0.28945771588 0.00231703153259
0.289723259148 0.0023160419762
0.289988802417 0.00231506070888
0.290254345686 0.00231408846168
0.290519888955 0.00231312583017
0.290785432223 0.00231217338769
0.291050975492 0.0023112315543
0.291316518761 0.00231030039625
0.29158206203 0.00230937965989
0.291847605298 0.00230846947762
0.292113148567 0.00230757005383
0.292378691836 0.00230668170494
0.292644235105 0.0023058047058
0.292909778373 0.00230493883899
0.293175321642 0.00230408395645
0.293440864911 0.00230324016549
0.29370640818 0.00230240764245
0.293971951448 0.00230158665198
0.294237494717 0.00230077762271
0.294503037986 0.00229998074868
0.294768581255 0.0022991965115
0.295034124524 0.002298425338
0.295299667792 0.00229766821934
0.295565211061 0.00229692703076
0.29583075433 0.00229620272089
0.296096297599 0.00229549607457
0.296361840867 0.00229480729694
0.296627384136 0.00229413672418
0.296892927405 0.00229348473766
0.297158470674 0.00229285193052
0.297424013942 0.00229223898705
0.297689557211 0.00229164651971
0.29795510048 0.0022910751282
0.298220643749 0.00229052531454
0.298486187017 0.00228999756047
0.298751730286 0.00228949218597
0.299017273555 0.0022890095093
0.299282816824 0.0022885499719
0.299548360092 0.00228811404621
0.299813903361 0.00228770223159
0.30007944663 0.00228706235358
0.300344989899 0.00228643043176
0.300610533167 0.00228576529231
0.300876076436 0.00228507362669
0.301141619705 0.00228436560606
0.301407162974 0.00228364854771
0.301672706242 0.00228292708637
0.301938249511 0.00228220421232
0.30220379278 0.00228148203867
0.302469336049 0.00228076212922
0.302734879317 0.00228004559407
0.303000422586 0.00227933329054
0.303265965855 0.00227862557292
0.303531509124 0.00227792285307
0.303797052392 0.00227722558631
0.304062595661 0.00227653419999
0.30432813893 0.00227584899763
0.304593682199 0.00227517011114
0.304859225468 0.00227449766545
0.305124768736 0.00227383186891
0.305390312005 0.00227317281173
0.305655855274 0.00227252055208
0.305921398543 0.00227187508969
0.306186941811 0.00227123645364
0.30645248508 0.0022706047195
0.306718028349 0.00226997993738
0.306983571618 0.00226936217725
0.307249114886 0.00226875104393
0.307514658155 0.00226814672946
0.307780201424 0.00226754941516
0.308045744693 0.00226695916616
0.308311287961 0.00226637621225
0.30857683123 0.002265800937
0.308842374499 0.00226523356514
0.309107917768 0.00226467449323
0.309373461036 0.00226412436514
0.309639004305 0.00226358386468
0.309904547574 0.00226305372841
0.310170090843 0.00226253461816
0.310435634111 0.00226202716288
0.31070117738 0.0022615322346
0.310966720649 0.00226105017569
0.311232263918 0.0022605818903
0.311497807186 0.00226012837323
0.311763350455 0.00225969065289
0.312028893724 0.00225926964133
0.312294436993 0.00225886628202
0.312559980261 0.00225848164999
0.31282552353 0.00225811687619
0.313091066799 0.00225777309248
0.313356610068 0.0022574513898
0.313622153336 0.0022571525499
0.313887696605 0.0022568771107
0.314153239874 0.00225662612833
0.314418783143 0.00225640077234
0.314684326411 0.00225620223216
0.31494986968 0.0022560316732
0.315215412949 0.00225589032227
0.315480956218 0.00225577929645
0.315746499487 0.00225569970288
0.316012042755 0.00225565249631
0.316277586024 0.00225563874221
0.316543129293 0.0022556595516
0.316808672562 0.00225571596339
0.31707421583 0.00225580931211
0.317339759099 0.00225594103575
0.317605302368 0.00225611252843
0.317870845637 0.00225632518063
0.318136388905 0.00225658040572
0.318401932174 0.00225687951587
0.318667475443 0.00225722367719
0.318933018712 0.00225761421273
0.31919856198 0.00225805246344
0.319464105249 0.00225853963562
0.319729648518 0.00225907700524
0.319995191787 0.00225966530747
0.320260735055 0.00226030581564
0.320526278324 0.0022609997463
0.320791821593 0.00226174835376
0.321057364862 0.00226255288546
0.32132290813 0.00226341531754
0.321588451399 0.00226433723059
0.321853994668 0.00226532023914
0.322119537937 0.00226636585745
0.322385081205 0.00226747562682
0.322650624474 0.00226865106572
0.322916167743 0.0022698932716
0.323181711012 0.00227120361763
0.32344725428 0.00227258338231
0.323712797549 0.0022740337982
0.323978340818 0.00227555609547
0.324243884087 0.00227715160064
0.324509427355 0.00227882236166
0.324774970624 0.00228056983452
0.325040513893 0.00228239563093
0.325306057162 0.00228430140523
0.325571600431 0.00228628850628
0.325837143699 0.00228835801989
0.326102686968 0.00229051125358
0.326368230237 0.00229274982708
0.326633773506 0.00229507553877
0.326899316774 0.00229749016173
0.327164860043 0.00229999537127
0.327430403312 0.00230259240069
0.327695946581 0.00230528279001
0.327961489849 0.00230806759273
0.328227033118 0.00231094831199
0.328492576387 0.00231392610562
0.328758119656 0.00231700147672
0.329023662924 0.00232017632232
0.329289206193 0.00232344995585
0.329554749462 0.00232682359612
0.329820292731 0.0023302973413
0.330085835999 0.00233387250933
0.330351379268 0.0023375508382
0.330616922537 0.00234133369859
0.330882465806 0.00234522191253
0.331148009074 0.0023492183177
0.331413552343 0.00235332491806
0.331679095612 0.00235754344972
0.331944638881 0.00236187386563
0.332210182149 0.00236631598102
0.332475725418 0.00237087114651
0.332741268687 0.00237553995179
0.333006811956 0.0023803229109
0.333272355224 0.00238522089878
0.333537898493 0.00239023460588
0.333803441762 0.00239536489821
0.334068985031 0.00240061075646
0.334334528299 0.00240597101422
0.334600071568 0.00241144697087
0.334865614837 0.00241703828228
0.335131158106 0.00242274481883
0.335396701375 0.00242856745724
0.335662244643 0.0024345070912
0.335927787912 0.00244056335112
0.336193331181 0.00244673698441
0.33645887445 0.00245302731041
0.336724417718 0.00245943380374
0.336989960987 0.00246595543626
0.337255504256 0.00247259077713
0.337521047525 0.0024793389253
0.337786590793 0.00248619893545
0.338052134062 0.0024931677228
0.338317677331 0.00250024269647
0.3385832206 0.00250742101544
0.338848763868 0.00251469864303
0.339114307137 0.00252207134189
0.339379850406 0.00252953535439
0.339645393675 0.00253708619069
0.339910936943 0.0025447192656
0.340176480212 0.00255243147523
0.340442023481 0.00256021857464
0.34070756675 0.00256807525165
0.340973110018 0.00257599611708
0.341238653287 0.00258397556098
0.341504196556 0.00259200732426
0.341769739825 0.00260008465041
0.342035283093 0.00260820090515
0.342300826362 0.00261634938438
0.342566369631 0.00262452305047
0.3428319129 0.00263271591926
0.343097456168 0.00264092010031
0.343362999437 0.00264912823947
0.343628542706 0.00265733306978
0.343894085975 0.00266552734611
0.344159629243 0.00267370392355
0.344425172512 0.00268185594347
0.344690715781 0.00268997652842
0.34495625905 0.00269805916061
0.345221802319 0.00270609742689
0.345487345587 0.00271408778169
0.345752888856 0.00272202498473
0.346018432125 0.00272990345996
0.346283975394 0.002737717539
0.346549518662 0.00274546170014
0.346815061931 0.0027531309751
0.3470806052 0.00276072075821
0.347346148469 0.00276822716241
0.347611691737 0.00277564700254
0.347877235006 0.00278297740159
0.348142778275 0.00279021608159
0.348408321544 0.00279736046028
0.348673864812 0.00280440806576
0.348939408081 0.00281135679002
0.34920495135 0.00281820517016
0.349470494619 0.00282495230657
0.349736037887 0.00283159767163
0.350001581156 0.00283807358295
0.350267124425 0.00284437558123
0.350532667694 0.00285056766624
0.350798210962 0.00285665044063
0.351063754231 0.00286263339122
0.3513292975 0.00286852779289
0.351594840769 0.00287434395943
0.351860384037 0.00288009082994
0.352125927306 0.00288577565058
0.352391470575 0.00289140408902
0.352657013844 0.00289698087867
0.352922557112 0.0029025094136
0.353188100381 0.00290799268408
0.35345364365 0.00291343267142
0.353719186919 0.00291882994007
0.353984730187 0.00292418421954
0.354250273456 0.00292949469492
0.354515816725 0.00293476007229
0.354781359994 0.00293997864461
0.355046903263 0.00294514831467
0.355312446531 0.00295026678634
0.3555779898 0.00295533156628
0.355843533069 0.00296034007987
0.356109076338 0.00296528974314
0.356374619606 0.00297017798786
0.356640162875 0.00297500241065
0.356905706144 0.00297976115502
0.357171249413 0.00298445223956
0.357436792681 0.00298907364101
0.35770233595 0.00299362368488
0.357967879219 0.00299810093606
0.358233422488 0.00300250415385
0.358498965756 0.00300683234846
0.358764509025 0.00301108463106
0.359030052294 0.00301526036593
0.359295595563 0.00301935908339
0.359561138831 0.00302338046393
0.3598266821 0.00302732437108
0.360092225369 0.00303119112882
0.360357768638 0.00303498103592
0.360623311906 0.00303869453893
0.360888855175 0.00304233210518
0.361154398444 0.00304589423543
0.361419941713 0.00304938145434
0.361685484981 0.00305279448181
0.36195102825 0.00305613423555
0.362216571519 0.00305940123344
0.362482114788 0.00306259615956
0.362747658056 0.00306571968101
0.363013201325 0.00306877249053
0.363278744594 0.00307175579694
0.363544287863 0.0030746707144
0.363809831131 0.00307751818933
0.3640753744 0.00308029900241
0.364340917669 0.00308301387922
0.364606460938 0.00308566348733
0.364872004207 0.00308824842102
0.365137547475 0.00309076920113
0.365403090744 0.00309322634326
0.365668634013 0.00309562053405
0.365934177282 0.00309795272904
0.36619972055 0.00310022354931
0.366465263819 0.00310243372364
0.366730807088 0.00310458389462
0.366996350357 0.00310667458544
0.367261893625 0.00310870627256
0.367527436894 0.00311067940145
0.367792980163 0.00311259438152
0.368058523432 0.00311445118094
0.3683240667 0.00311625035642
0.368589609969 0.00311799271284
0.368855153238 0.00311967903139
0.369120696507 0.00312130984152
0.369386239775 0.00312288552215
0.369651783044 0.0031244065477
0.369917326313 0.00312587324275
0.370182869582 0.00312728588728
0.37044841285 0.00312864424769
0.370713956119 0.00312994836479
0.370979499388 0.00313119852826
0.371245042657 0.00313239561461
0.371510585925 0.00313354018188
0.371776129194 0.00313463250002
0.372041672463 0.00313567242389
0.372307215732 0.00313666026581
0.372572759 0.00313759648642
0.372838302269 0.00313848139251
0.373103845538 0.00313931487654
0.373369388807 0.00314009650014
0.373634932075 0.00314082580389
0.373900475344 0.00314150275538
0.374166018613 0.00314212805259
0.374431561882 0.00314270153393
0.374697105151 0.00314322321217
0.374962648419 0.00314369357043
0.375228191688 0.00314411305685
0.375493734957 0.00314448196025
0.375759278226 0.00314479962284
0.376024821494 0.00314506635827
0.376290364763 0.00314528330493
0.376555908032 0.00314545144546
0.376821451301 0.00314557135066
0.377086994569 0.00314564304629
0.377352537838 0.00314566676927
0.377618081107 0.00314564306329
0.377883624376 0.00314557223848
0.378149167644 0.00314545489275
0.378414710913 0.00314529140608
0.378680254182 0.00314508232409
0.378945797451 0.00314482913732
0.379211340719 0.00314453260486
0.379476883988 0.00314419356902
0.379742427257 0.0031438121807
0.380007970526 0.00314338974257
0.380273513794 0.0031429274249
0.380539057063 0.00314242617404
0.380804600332 0.00314188664322
0.381070143601 0.00314131062582
0.381335686869 0.00314069932153
0.381601230138 0.00314005430028
0.381866773407 0.00313937596838
0.382132316676 0.00313866565414
0.382397859944 0.00313792522592
0.382663403213 0.00313715583336
0.382928946482 0.00313635868017
0.383194489751 0.00313553517107
0.383460033019 0.00313468671517
0.383725576288 0.00313381496562
0.383991119557 0.00313292139752
0.384256662826 0.00313200755771
0.384522206095 0.00313107519511
0.384787749363 0.00313012586836
0.385053292632 0.00312916117743
0.385318835901 0.00312818296773
0.38558437917 0.00312719265294
0.385849922438 0.00312619200293
0.386115465707 0.00312518289516
0.386381008976 0.00312416704696
0.386646552245 0.00312314668757
0.386912095513 0.00312212347602
0.387177638782 0.00312109907441
0.387443182051 0.00312007469162
0.38770872532 0.0031190510613
0.387974268588 0.00311802918863
0.388239811857 0.0031170096614
0.388505355126 0.00311599330871
0.388770898395 0.00311498115631
0.389036441663 0.00311397406814
0.389301984932 0.0031129729645
0.389567528201 0.0031119786707
0.38983307147 0.003110991963
0.390098614738 0.00311001396848
0.390364158007 0.0031090452411
0.390629701276 0.00310808636856
0.390895244545 0.00310713783507
0.391160787813 0.00310620015117
0.391426331082 0.0031052728888
0.391691874351 0.00310435607391
0.39195741762 0.00310344987653
0.392222960888 0.0031025545423
0.392488504157 0.00310167040639
0.392754047426 0.00310079753126
0.393019590695 0.00309993572432
0.393285133963 0.00309908487114
0.393550677232 0.00309824518598
0.393816220501 0.00309741684743
0.39408176377 0.00309660023467
0.394347307038 0.00309579562332
0.394612850307 0.00309500334888
0.394878393576 0.0030942238747
0.395143936845 0.0030934576149
0.395409480114 0.00309270631369
0.395675023382 0.00309197133293
0.395940566651 0.00309125357816
0.39620610992 0.00309055358249
0.396471653189 0.0030898715945
0.396737196457 0.00308920793987
0.397002739726 0.00308856304541
0.397268282995 0.003087937653
0.397533826264 0.0030873323878
0.397799369532 0.00308674785188
0.398064912801 0.003086184657
0.39833045607 0.00308564321608
0.398595999339 0.00308512400273
0.398861542607 0.00308462731091
0.399127085876 0.00308415352317
0.399392629145 0.00308370306416
0.399658172414 0.00308327645111
0.399923715682 0.0030828741859
0.400189258951 0.00308224299726
0.40045480222 0.00308161986391
0.400720345489 0.00308096338279
0.400985888757 0.00308028027045
0.401251432026 0.00307958076701
0.401516975295 0.00307887215991
0.401782518564 0.00307815904821
0.402048061832 0.00307744447901
0.402313605101 0.0030767305888
0.40257914837 0.00307601895861
0.402844691639 0.00307531068938
0.403110234907 0.00307460664675
0.403375778176 0.00307390719053
0.403641321445 0.00307321274573
0.403906864714 0.00307252380595
0.404172407982 0.0030718407875
0.404437951251 0.0030711639944
0.40470349452 0.00307049353308
0.404969037789 0.00306982961768
0.405234581058 0.00306917242496
0.405500124326 0.00306852205317
0.405765667595 0.00306787855534
0.406031210864 0.00306724195025
0.406296754133 0.00306661229445
0.406562297401 0.00306598965733
0.40682784067 0.00306537409426
0.407093383939 0.00306476553937
0.407358927208 0.00306416375982
0.407624470476 0.00306356894005
0.407890013745 0.00306298127238
0.408155557014 0.00306240075726
0.408421100283 0.00306182772601
0.408686643551 0.00306126269024
0.40895218682 0.00306070568154
0.409217730089 0.00306015727135
0.409483273358 0.00305961808716
0.409748816626 0.00305908882987
0.410014359895 0.00305857021467
0.410279903164 0.00305806284163
0.410545446433 0.00305756743908
0.410810989701 0.00305708468922
0.41107653297 0.00305661510311
0.411342076239 0.00305615961216
0.411607619508 0.00305571923273
0.411873162776 0.00305529498968
0.412138706045 0.00305488770907
0.412404249314 0.00305449841878
0.412669792583 0.00305412820801
0.412935335851 0.00305377821488
0.41320087912 0.00305344954637
0.413466422389 0.00305314331658
0.413731965658 0.00305285993038
0.413997508926 0.00305260021258
0.414263052195 0.00305236531665
0.414528595464 0.00305215641348
0.414794138733 0.00305197469168
0.415059682002 0.0030518213335
0.41532522527 0.00305169754294
0.415590768539 0.00305160440586
0.415856311808 0.00305154301513
0.416121855077 0.00305151431531
0.416387398345 0.00305151941659
0.416652941614 0.00305155944149
0.416918484883 0.00305163548595
0.417184028152 0.00305174898313
0.41744957142 0.00305190135607
0.417715114689 0.00305209398969
0.417980657958 0.00305232828936
0.418246201227 0.00305260565181
0.418511744495 0.00305292730924
0.418777287764 0.00305329447673
0.419042831033 0.00305370850882
0.419308374302 0.00305417069625
0.41957391757 0.00305468224522
0.419839460839 0.0030552442401
0.420105004108 0.0030558576061
0.420370547377 0.00305652364137
0.420636090645 0.00305724354971
0.420901633914 0.00305801859283
0.421167177183 0.00305885035994
0.421432720452 0.00305974064478
0.42169826372 0.00306069104531
0.421963806989 0.00306170313972
0.422229350258 0.00306277845345
0.422494893527 0.00306391851491
0.422760436795 0.00306512466243
0.423025980064 0.00306639815997
0.423291523333 0.0030677402671
0.423557066602 0.00306915227655
0.42382260987 0.00307063544219
0.424088153139 0.00307219096845
0.424353696408 0.00307382064289
0.424619239677 0.00307552611884
0.424884782946 0.00307730893292
0.425150326214 0.00307917078023
0.425415869483 0.00308111307727
0.425681412752 0.00308313730046
0.425946956021 0.00308524431667
0.426212499289 0.00308743571885
0.426478042558 0.0030897131793
0.426743585827 0.00309207837459
0.427009129096 0.00309453339353
0.427274672364 0.00309707936935
0.427540215633 0.00309971782084
0.427805758902 0.00310245016267
0.428071302171 0.00310527744467
0.428336845439 0.00310820134388
0.428602388708 0.00311122253409
0.428867931977 0.00311434158166
0.429133475246 0.00311756035123
0.429399018514 0.00312087813225
0.429664561783 0.00312429612698
0.429930105052 0.00312781455886
0.430195648321 0.00313143523845
0.430461191589 0.00313515967582
0.430726734858 0.00313898904488
0.430992278127 0.00314292477825
0.431257821396 0.00314696964363
0.431523364664 0.00315112552883
0.431788907933 0.0031553932558
0.432054451202 0.00315977303439
0.432319994471 0.00316426471399
0.432585537739 0.00316887024116
0.432851081008 0.0031735892481
0.433116624277 0.0031784228068
0.433382167546 0.00318337170533
0.433647710814 0.00318843664256
0.433913254083 0.00319361872549
0.434178797352 0.00319891498385
0.434444340621 0.00320432620142
0.43470988389 0.00320985304863
0.434975427158 0.00321549518279
0.435240970427 0.00322125270353
0.435506513696 0.00322712686921
0.435772056965 0.003233118065
0.436037600233 0.00323922612697
0.436303143502 0.00324545129393
0.436568686771 0.00325179293023
0.43683423004 0.00325825032906
0.437099773308 0.00326482231305
0.437365316577 0.00327150728056
0.437630859846 0.00327830509533
0.437896403115 0.00328521337539
0.438161946383 0.00329222931976
0.438427489652 0.0032993502659
0.438693032921 0.00330657322852
0.43895857619 0.00331389323768
0.439224119458 0.00332130693499
0.439489662727 0.00332880992705
0.439755205996 0.00333639777448
0.440020749265 0.00334406602582
0.440286292533 0.00335181208166
0.440551835802 0.0033596307561
0.440817379071 0.00336751661438
0.44108292234 0.00337546431376
0.441348465608 0.0033834679814
0.441614008877 0.00339152099514
0.441879552146 0.00339961668279
0.442145095415 0.00340774837764
0.442410638683 0.00341590933098
0.442676181952 0.00342409246798
0.442941725221 0.00343229171227
0.44320726849 0.00344049908271
0.443472811758 0.00344870721704
0.443738355027 0.00345690887907
0.444003898296 0.00346509685581
0.444269441565 0.00347326412664
0.444534984834 0.00348140380996
0.444800528102 0.00348950919868
0.445066071371 0.00349757381403
0.44533161464 0.00350559226681
0.445597157909 0.00351356071121
0.445862701177 0.00352147362288
0.446128244446 0.00352932529456
0.446393787715 0.00353711008404
0.446659330984 0.00354482273948
0.446924874252 0.00355245844555
0.447190417521 0.00356001281857
0.44745596079 0.00356748236083
0.447721504059 0.00357486409631
0.447987047327 0.0035821553023
0.448252590596 0.00358935367508
0.448518133865 0.00359645665488
0.448783677134 0.00360346188073
0.449049220402 0.00361036745944
0.449314763671 0.00361717227395
0.44958030694 0.00362387559927
0.449845850209 0.00363047700518
0.450111393477 0.00363679143383
0.450376936746 0.00364305043889
0.450642480015 0.00364919690869
0.450908023284 0.00365523278487
0.451173566552 0.00366116925821
0.451439109821 0.00366701843295
0.45170465309 0.00367279099017
0.451970196359 0.00367849583535
0.452235739627 0.00368413984655
0.452501282896 0.00368972867801
0.452766826165 0.00369526681272
0.453032369434 0.00370075748133
0.453297912702 0.00370620396667
0.453563455971 0.00371160789908
0.45382899924 0.00371696978308
0.454094542509 0.0037222893564
0.454360085778 0.00372756589368
0.454625629046 0.00373279806677
0.454891172315 0.00373798417771
0.455156715584 0.00374312219145
0.455422258853 0.0037482097512
0.455687802121 0.00375324439324
0.45595334539 0.00375822350827
0.456218888659 0.00376314447718
0.456484431928 0.00376800469209
0.456749975196 0.00377280180474
0.457015518465 0.00377753407683
0.457281061734 0.00378219924407
0.457546605003 0.00378679529578
0.457812148271 0.00379132046059
0.45807769154 0.00379577326152
0.458343234809 0.0038001524848
0.458608778078 0.00380445705184
0.458874321346 0.0038086860424
0.459139864615 0.0038128387713
0.459405407884 0.00381691472254
0.459670951153 0.00382091353818
0.459936494421 0.00382483509669
0.46020203769 0.00382867969709
0.460467580959 0.00383244763149
0.460733124228 0.00383613931163
0.460998667496 0.00383975513678
0.461264210765 0.00384329558752
0.461529754034 0.0038467611584
0.461795297303 0.00385015269145
0.462060840571 0.00385347091758
0.46232638384 0.00385671636251
0.462591927109 0.00385988969789
0.462857470378 0.00386299158051
0.463123013646 0.00386602289561
0.463388556915 0.00386898478795
0.463654100184 0.00387187841645
0.463919643453 0.00387470461459
0.464185186721 0.00387746413082
0.46445072999 0.00388015767392
0.464716273259 0.00388278590089
0.464981816528 0.00388534938048
0.465247359797 0.00388784863572
0.465512903065 0.00389028418221
0.465778446334 0.00389265698191
0.466043989603 0.00389496781953
0.466309532872 0.00389721730251
0.46657507614 0.00389940622739
0.466840619409 0.00390153516252
0.467106162678 0.0039036046171
0.467371705947 0.00390561507033
0.467637249215 0.00390756700807
0.467902792484 0.00390946059372
0.468168335753 0.00391129597905
0.468433879022 0.00391307401017
0.46869942229 0.00391479536329
0.468964965559 0.00391646084952
0.469230508828 0.00391807087192
0.469496052097 0.00391962584916
0.469761595365 0.00392112622502
0.470027138634 0.00392257229413
0.470292681903 0.00392396420791
0.470558225172 0.00392530172558
0.47082376844 0.00392658499931
0.471089311709 0.00392781457644
0.471354854978 0.00392899129843
0.471620398247 0.00393011562524
0.471885941515 0.00393118754812
0.472151484784 0.00393220715402
0.472417028053 0.00393317479463
0.472682571322 0.00393409092804
0.47294811459 0.00393495576679
0.473213657859 0.00393576904715
0.473479201128 0.00393653016375
0.473744744397 0.00393723874955
0.474010287665 0.00393789521735
0.474275830934 0.00393850008382
0.474541374203 0.00393905302547
0.474806917472 0.00393955432823
0.475072460741 0.0039400044871
0.475338004009 0.00394040393664
0.475603547278 0.00394075250632
0.475869090547 0.00394104988407
0.476134633816 0.00394129659015
0.476400177084 0.00394149405255
0.476665720353 0.00394164288724
0.476931263622 0.00394174364674
0.477196806891 0.00394179619189
0.477462350159 0.00394180092559
0.477727893428 0.00394175835047
0.477993436697 0.00394166889603
0.478258979966 0.00394153314942
0.478524523234 0.00394135140534
0.478790066503 0.00394112456881
0.479055609772 0.00394085400236
0.479321153041 0.00394054044149
0.479586696309 0.00394018438104
0.479852239578 0.00393978649786
0.480117782847 0.00393934803618
0.480383326116 0.00393887017255
0.480648869384 0.00393835352405
0.480914412653 0.00393779930094
0.481179955922 0.00393720906386
0.481445499191 0.00393658429843
0.481711042459 0.00393592590355
0.481976585728 0.00393523472375
0.482242128997 0.00393451225741
0.482507672266 0.00393376041674
0.482773215534 0.00393297989741
0.483038758803 0.00393217220353
0.483304302072 0.00393133871951
0.483569845341 0.00393048089724
0.483835388609 0.00392960045429
0.484100931878 0.00392869878624
0.484366475147 0.0039277775728
0.484632018416 0.00392683848066
0.484897561685 0.00392588306833
0.485163104953 0.00392491316021
0.485428648222 0.00392393017244
0.485694191491 0.00392293580661
0.48595973476 0.00392193187443
0.486225278028 0.00392092020239
0.486490821297 0.00391990269298
0.486756364566 0.00391888136593
0.487021907835 0.00391785784987
0.487287451103 0.00391683363829
0.487552994372 0.00391580993414
0.487818537641 0.00391478722743
0.48808408091 0.00391376666013
0.488349624178 0.00391274875386
0.488615167447 0.00391173441321
0.488880710716 0.00391072472895
0.489146253985 0.003909720437
0.489411797253 0.00390872246777
0.489677340522 0.00390773162955
0.489942883791 0.00390674885003
0.49020842706 0.00390577501706
0.490473970328 0.00390481069537
0.490739513597 0.00390385647022
0.491005056866 0.00390291274237
0.491270600135 0.00390197979023
0.491536143403 0.00390105723724
0.491801686672 0.00390014519842
0.492067229941 0.0038992438651
0.49233277321 0.003898353532
0.492598316478 0.00389747449568
0.492863859747 0.00389660660389
0.493129403016 0.00389574973178
0.493394946285 0.00389490389502
0.493660489553 0.00389406928362
0.493926032822 0.00389324611686
0.494191576091 0.00389243487518
0.49445711936 0.00389163569761
0.494722662629 0.00389084905331
0.494988205897 0.00389007538539
0.495253749166 0.00388931532954
0.495519292435 0.00388857100464
0.495784835704 0.00388784338404
0.496050378972 0.00388713332353
0.496315922241 0.00388644109269
0.49658146551 0.00388576700183
0.496847008779 0.00388511142228
0.497112552047 0.00388447488306
0.497378095316 0.00388385810226
0.497643638585 0.00388326169272
0.497909181854 0.00388268624698
0.498174725122 0.00388213233052
0.498440268391 0.00388160039038
0.49870581166 0.00388109078128
0.498971354929 0.00388060380026
0.499236898197 0.00388013989728
0.499502441466 0.0038796995227
0.499767984735 0.00387928317802
0.500033528004 0.00387863909675
0.500299071272 0.00387800291716
0.500564614541 0.00387733358335
0.50083015781 0.00387663774805
0.501095701079 0.00387592555477
0.501361244347 0.00387520431332
0.501626787616 0.00387447871335
0.501892330885 0.00387375171388
0.502157874154 0.00387302541454
0.502423417422 0.0038723013542
0.502688960691 0.00387158067952
0.50295450396 0.00387086423114
0.503220047229 0.00387015235609
0.503485590497 0.00386944546573
0.503751133766 0.00386874400209
0.504016677035 0.00386804838639
0.504282220304 0.00386735892336
0.504547763573 0.00386667577595
0.504813306841 0.00386599901672
0.50507885011 0.00386532887454
0.505344393379 0.00386466543156
0.505609936648 0.00386400874659
0.505875479916 0.00386335881931
0.506141023185 0.00386271567181
0.506406566454 0.00386207936968
0.506672109723 0.00386144996931
0.506937652991 0.00386082754873
0.50720319626 0.00386021172046
0.507468739529 0.00385960264221
0.507734282798 0.00385900050828
0.507999826066 0.00385840539653
0.508265369335 0.00385781750485
0.508530912604 0.00385723718292
0.508796455873 0.00385666470415
0.509061999141 0.00385610042089
0.50932754241 0.00385554497184
0.509593085679 0.00385499903458
0.509858628948 0.00385446335494
0.510124172216 0.00385393861889
0.510389715485 0.00385342541512
0.510655258754 0.00385292461873
0.510920802023 0.00385243664533
0.511186345291 0.00385196232981
0.51145188856 0.00385150265119
0.511717431829 0.00385105864392
0.511982975098 0.0038506312423
0.512248518366 0.00385022136971
0.512514061635 0.00384983009502
0.512779604904 0.00384945854374
0.513045148173 0.00384910786147
0.513310691441 0.00384877913058
0.51357623471 0.00384847323111
0.513841777979 0.00384819064876
0.514107321248 0.00384793239247
0.514372864517 0.00384769963149
0.514638407785 0.00384749355314
0.514903951054 0.00384731532363
0.515169494323 0.00384716616269
0.515435037592 0.00384704720828
0.51570058086 0.00384695955803
0.515966124129 0.0038469041995
0.516231667398 0.00384688217012
0.516497210667 0.00384689458148
0.516762753935 0.00384694245889
0.517028297204 0.0038470270947
0.517293840473 0.00384714993028
0.517559383742 0.0038473123636
0.51782492701 0.00384751578157
0.518090470279 0.00384776159471
0.518356013548 0.00384805113755
0.518621556817 0.00384838559111
0.518887100085 0.00384876624885
0.519152643354 0.00384919445867
0.519418186623 0.00384967145074
0.519683729892 0.00385019847802
0.51994927316 0.00385077636465
0.520214816429 0.00385140629519
0.520480359698 0.00385208949672
0.520745902967 0.00385282721792
0.521011446235 0.00385362070744
0.521276989504 0.00385447182502
0.521542532773 0.00385538220309
0.521808076042 0.00385635346245
0.52207361931 0.00385738712742
0.522339162579 0.00385848473918
0.522604705848 0.0038596478178
0.522870249117 0.00386087752425
0.523135792385 0.00386217521626
0.523401335654 0.0038635421495
0.523666878923 0.00386497957687
0.523932422192 0.00386648873408
0.524197965461 0.00386807090584
0.524463508729 0.00386972807721
0.524729051998 0.00387146175278
0.524994595267 0.00387327352029
0.525260138536 0.00387516509169
0.525525681804 0.00387713774444
0.525791225073 0.00387919273375
0.526056768342 0.00388133121791
0.526322311611 0.003883554831
0.526587854879 0.00388586532699
0.526853398148 0.00388826443903
0.527118941417 0.00389075402947
0.527384484686 0.00389333518492
0.527650027954 0.0038960094956
0.527915571223 0.00389877811444
0.528181114492 0.0039016424114
0.528446657761 0.00390460374919
0.528712201029 0.00390766260757
0.528977744298 0.00391082049496
0.529243287567 0.00391407749
0.529508830836 0.00391743424667
0.529774374104 0.00392089118895
0.530039917373 0.00392444929744
0.530305460642 0.00392811036876
0.530571003911 0.00393187579993
0.530836547179 0.00393574645302
0.531102090448 0.00393972485344
0.531367633717 0.00394381318573
0.531633176986 0.00394801340714
