0.000812182741117 0
0.0010764159222 0
0.00134064910328 0
0.00160488228437 0
0.00186911546545 0
0.00213334864653 0
0.00239758182761 0
0.0026618150087 0
0.00292604818978 0
0.00319028137086 0
0.00345451455195 0
0.00371874773303 0
0.00398298091411 0
0.0042472140952 0
0.00451144727628 0
0.00477568045736 0
0.00503991363845 0
0.00530414681953 0
0.00556838000061 0
0.00583261318169 0
0.00609684636278 0
0.00636107954386 0
0.00662531272494 0
0.00688954590603 0
0.00715377908711 0
0.00741801226819 0
0.00768224544928 0
0.00794647863036 0
0.00821071181144 0
0.00847494499252 0
0.00873917817361 0
0.00900341135469 0
0.00926764453577 0
0.00953187771686 0
0.00979611089794 0
0.010060344079 0
0.0103245772601 0
0.0105888104412 0
0.0108530436223 0
0.0111172768034 0
0.0113815099844 0
0.0116457431655 0
0.0119099763466 0
0.0121742095277 0
0.0124384427088 0
0.0127026758899 0
0.0129669090709 0
0.013231142252 0
0.0134953754331 0
0.0137596086142 0
0.0140238417953 0
0.0142880749764 -3.72322839475e-06
0.0145523081574 -7.25274228441e-06
0.0148165413385 -1.05919202053e-05
0.0150807745196 -1.37447129873e-05
0.0153450077007 -1.67165652394e-05
0.0156092408818 -1.95111140297e-05
0.0158734740628 -2.2133578208e-05
0.0161377072439 -2.4587168961e-05
0.016401940425 -2.68728465061e-05
0.0166661736061 -2.89920385567e-05
0.0169304067872 -3.09464830146e-05
0.0171946399683 -3.27389536356e-05
0.0174588731493 -3.43732997292e-05
0.0177231063304 -3.58510119527e-05
0.0179873395115 -3.71729743441e-05
0.0182515726926 -3.83399397418e-05
0.0185158058737 -3.93525032485e-05
0.0187800390548 -4.02105071925e-05
0.0190442722358 -4.09146683473e-05
0.0193085054169 -4.14667233239e-05
0.019572738598 -4.18650064877e-05
0.0198369717791 -4.21083414478e-05
0.0201012049602 -4.21958296664e-05
0.0203654381413 -4.21250389153e-05
0.0206296713223 -4.1893167396e-05
0.0208939045034 -4.14973738668e-05
0.0211581376845 -4.09354252273e-05
0.0214223708656 -4.02051313926e-05
0.0216866040467 -3.93032718471e-05
0.0219508372278 -3.82266199547e-05
0.0222150704088 -3.69742950392e-05
0.0224793035899 -3.55429788763e-05
0.022743536771 -3.39286418652e-05
0.0230077699521 -3.21283027741e-05
0.0232720031332 -3.01382791616e-05
0.0235362363143 -2.79543032832e-05
0.0238004694953 -2.55731844966e-05
0.0240647026764 -2.29923113825e-05
0.0243289358575 -2.02092784752e-05
0.0245931690386 -1.72223703363e-05
0.0248574022197 -1.40309934706e-05
0.0251216354008 -1.06315507758e-05
0.0253858685818 -7.02115635089e-06
0.0256501017629 -3.19700468849e-06
0.025914334944 8.44180392035e-07
0.0261785681251 5.10440184129e-06
0.0264428013062 9.58512211364e-06
0.0267070344873 1.42879800099e-05
0.0269712676683 1.92145033719e-05
0.0272355008494 2.43683605581e-05
0.0274997340305 2.97518716553e-05
0.0277639672116 3.53664811335e-05
0.0280282003927 4.1214751896e-05
0.0282924335738 4.72973792861e-05
0.0285566667548 5.36175504284e-05
0.0288208999359 6.01758700854e-05
0.029085133117 6.69751138143e-05
0.0293493662981 7.40150300719e-05
0.0296135994792 8.12974377365e-05
0.0298778326602 8.88243352712e-05
0.0301420658413 9.65957082651e-05
0.0304062990224 0.000104612945253
0.0306705322035 0.000112880124324
0.0309347653846 0.000121397153134
0.0311989985657 0.000130157777878
0.0314632317467 0.000139163976888
0.0317274649278 0.000148409585422
0.0319916981089 0.000157882991593
0.03225593129 0.000167571252471
0.0325201644711 0.000177466331181
0.0327843976522 0.000187559895381
0.0330486308332 0.000197848077428
0.0333128640143 0.000208328497964
0.0335770971954 0.000218996120369
0.0338413303765 0.000229846669162
0.0341055635576 0.000240872515561
0.0343697967387 0.000252082156278
0.0346340299197 0.000263484601966
0.0348982631008 0.000275086393768
0.0351624962819 0.000286876342034
0.035426729463 0.000298852535514
0.0356909626441 0.000311012904829
0.0359551958252 0.000323349918143
0.0362194290062 0.00033585500241
0.0364836621873 0.000348522608271
0.0367478953684 0.000361345463235
0.0370121285495 0.00037431936404
0.0372763617306 0.000387435008218
0.0375405949117 0.000400680219965
0.0378048280927 0.000414046929541
0.0380690612738 0.000427529234999
0.0383332944549 0.000441124224831
0.038597527636 0.000454816070396
0.0388617608171 0.000468590772358
0.0391259939982 0.000482441736435
0.0393902271792 0.000496353397623
0.0396544603603 0.000510308116459
0.0399186935414 0.000524289549217
0.0401829267225 0.000538272666206
0.0404471599036 0.000552236050498
0.0407113930847 0.000566161422896
0.0409756262657 0.000580038295055
0.0412398594468 0.000593859132667
0.0415040926279 0.000607608816129
0.041768325809 0.00062127187269
0.0420325589901 0.00063483175982
0.0422967921712 0.000648277731671
0.0425610253522 0.000661596649173
0.0428252585333 0.000674777973249
0.0430894917144 0.000687811953842
0.0433537248955 0.000700701279191
0.0436179580766 0.000713437751973
0.0438821912576 0.000726012965604
0.0441464244387 0.000738419491628
0.0444106576198 0.000750653506343
0.0446748908009 0.000762713105296
0.044939123982 0.000774597832169
0.0452033571631 0.000786306102581
0.0454675903441 0.000797838799693
0.0457318235252 0.000809203640418
0.0459960567063 0.000820413112728
0.0462602898874 0.000831472261407
0.0465245230685 0.00084238431147
0.0467887562496 0.000853151467402
0.0470529894306 0.00086377451314
0.0473172226117 0.000874252451816
0.0475814557928 0.000884583781452
0.0478456889739 0.000894769870731
0.048109922155 0.000904808398173
0.0483741553361 0.000914696079666
0.0486383885171 0.000924430727117
0.0489026216982 0.00093400945304
0.0491668548793 0.000943425924776
0.0494310880604 0.000952673789035
0.0496953212415 0.000961746871102
0.0499595544226 0.000970640608126
0.0502237876036 0.000978853026715
0.0504880207847 0.000987244914518
0.0507522539658 0.000995541017434
0.0510164871469 0.00100372929282
0.051280720328 0.00101180240123
0.0515449535091 0.00101974782973
0.0518091866901 0.00102753943318
0.0520734198712 0.00103514127203
0.0523376530523 0.00104252096082
0.0526018862334 0.00104964900734
0.0528661194145 0.00105650020409
0.0531303525956 0.00106305448596
0.0533945857766 0.00106930138362
0.0536588189577 0.00107523423324
0.0539230521388 0.00108084961708
0.0541872853199 0.00108614906837
0.054451518501 0.00109113783787
0.0547157516821 0.00109582228162
0.0549799848631 0.00110020975345
0.0552442180442 0.00110430877737
0.0555084512253 0.00110812810313
0.0557726844064 0.00111167659689
0.0560369175875 0.00111496315516
0.0563011507686 0.00111799636041
0.0565653839496 0.00112078423223
0.0568296171307 0.00112333398443
0.0570938503118 0.00112565288442
0.0573580834929 0.00112774678984
0.057622316674 0.00112962137419
0.057886549855 0.00113128376853
0.0581507830361 0.00113274458656
0.0584150162172 0.00113401235733
0.0586792493983 0.00113509412591
0.0589434825794 0.00113599612452
0.0592077157605 0.00113672422357
0.0594719489415 0.00113728297268
0.0597361821226 0.00113767720007
0.0600004153037 0.00113791211991
0.0602646484848 0.00113799274211
0.0605288816659 0.00113792402351
0.060793114847 0.00113771094455
0.061057348028 0.00113735802492
0.0613215812091 0.00113686952979
0.0615858143902 0.00113624938569
0.0618500475713 0.001135501019
0.0621142807524 0.00113462750526
0.0623785139335 0.00113363167644
0.0626427471145 0.00113251923879
0.0629069802956 0.0011312965225
0.0631712134767 0.00112996762055
0.0634354466578 0.00112853596591
0.0636996798389 0.00112700463756
0.06396391302 0.00112537610499
0.064228146201 0.00112365225266
0.0644923793821 0.00112183490939
0.0647566125632 0.00111992574826
0.0650208457443 0.00111792595427
0.0652850789254 0.00111583619436
0.0655493121065 0.00111365689494
0.0658135452875 0.00111138813939
0.0660777784686 0.00110902973428
0.0663420116497 0.00110658130174
0.0666062448308 0.00110404237751
0.0668704780119 0.00110141389616
0.067134711193 0.00109869535308
0.067398944374 0.00109588965857
0.0676631775551 0.00109299812552
0.0679274107362 0.00109002129074
0.0681916439173 0.00108695832666
0.0684558770984 0.0010838093587
0.0687201102795 0.00108057380333
0.0689843434605 0.00107725092947
0.0692485766416 0.00107383995867
0.0695128098227 0.00107034002342
0.0697770430038 0.00106675020681
0.0700412761849 0.00106306959727
0.070305509366 0.00105929706671
0.070569742547 0.00105543129859
0.0708339757281 0.0010514708579
0.0710982089092 0.00104741378796
0.0713624420903 0.00104325715013
0.0716266752714 0.00103900064657
0.0718909084524 0.0010346441114
0.0721551416335 0.00103018688852
0.0724193748146 0.00102562838828
0.0726836079957 0.00102096732671
0.0729478411768 0.00101620148589
0.0732120743579 0.00101132867662
0.0734763075389 0.0010063457029
0.07374054072 0.00100125029905
0.0740047739011 0.000996039146779
0.0742690070822 0.00099071000779
0.0745332402633 0.000985260620875
0.0747974734444 0.000979686303819
0.0750617066254 0.000973984369706
0.0753259398065 0.000968153855279
0.0755901729876 0.000962193528503
0.0758544061687 0.00095610272002
0.0761186393498 0.000949877069191
0.0763828725309 0.000943514770107
0.0766471057119 0.000937014616501
0.076911338893 0.000930374962747
0.0771755720741 0.000923592429703
0.0774398052552 0.000916664584953
0.0777040384363 0.000909590721627
0.0779682716174 0.000902369998349
0.0782325047984 0.000895002804716
0.0784967379795 0.00088748767506
0.0787609711606 0.00087982480252
0.0790252043417 0.000872014028289
0.0792894375228 0.000864056192741
0.0795536707039 0.000855950079502
0.0798179038849 0.000847695310076
0.080082137066 0.000839292931892
0.0803463702471 0.000830743633426
0.0806106034282 0.000822048364481
0.0808748366093 0.000813211373599
0.0811390697904 0.000804234637955
0.0814033029714 0.000795126614101
0.0816675361525 0.000785891441844
0.0819317693336 0.000776534275287
0.0821960025147 0.00076705843186
0.0824602356958 0.000757466068323
0.0827244688769 0.00074775755023
0.0829887020579 0.00073793843894
0.083252935239 0.000728006405333
0.0835171684201 0.000717955963042
0.0837814016012 0.000707786490614
0.0840456347823 0.000697500332099
0.0843098679634 0.000687105380319
0.0845741011444 0.000676610370569
0.0848383343255 0.000666021214258
0.0851025675066 0.000655341404114
0.0853668006877 0.000644574268329
0.0856310338688 0.000633727744914
0.0858952670498 0.00062280777777
0.0861595002309 0.000611819777814
0.086423733412 0.000600768078138
0.0866879665931 0.000589662358954
0.0869521997742 0.0005785073503
0.0872164329553 0.000567304551526
0.0874806661363 0.000556052951964
0.0877448993174 0.000544754962844
0.0880091324985 0.000533416580457
0.0882733656796 0.000522045018616
0.0885375988607 0.000510642569688
0.0888018320418 0.00049921242921
0.0890660652228 0.000487754674501
0.0893302984039 0.000476274870952
0.089594531585 0.000464777867917
0.0898587647661 0.000453266016291
0.0901229979472 0.000441738391454
0.0903872311283 0.00043019491969
0.0906514643093 0.000418635113807
0.0909156974904 0.000407056183963
0.0911799306715 0.000395460217864
0.0914441638526 0.000383849585
0.0917083970337 0.000372224669044
0.0919726302148 0.000360588107809
0.0922368633958 0.000348944492052
0.0925010965769 0.000337297111627
0.092765329758 0.000325648994998
0.0930295629391 0.000314004009545
0.0932937961202 0.000302367339206
0.0935580293013 0.000290742474099
0.0938222624823 0.000279128095985
0.0940864956634 0.000267524842626
0.0943507288445 0.000255934806765
0.0946149620256 0.000244362292326
0.0948791952067 0.000232813739537
0.0951434283878 0.000221300962947
0.0954076615688 0.000209828647174
0.0956718947499 0.00019840089329
0.095936127931 0.00018702073616
0.0962003611121 0.000175689312862
0.0964645942932 0.000164409678068
0.0967288274743 0.000153184698337
0.0969930606553 0.000142018836296
0.0972572938364 0.000130913663386
0.0975215270175 0.000119871790498
0.0977857601986 0.000108897018048
0.0980499933797 9.79912775307e-05
0.0983142265608 8.71565407242e-05
0.0985784597418 7.63922455148e-05
0.0988426929229 6.56985252338e-05
0.099106926104 5.50771393926e-05
0.0993711592851 4.4529935628e-05
0.0996353924662 3.40567968578e-05
0.0998996256473 2.36601754232e-05
0.100163858828 1.27302124937e-05
0.100428092009 1.81173230168e-06
0.10069232519 -9.16080045123e-06
0.100956558372 -2.01642450841e-05
0.101220791553 -3.11855155066e-05
0.101485024734 -4.22240779926e-05
0.101749257915 -5.32708011065e-05
0.102013491096 -6.43124514759e-05
0.102277724277 -7.53360820219e-05
0.102541957458 -8.63315155682e-05
0.102806190639 -9.72919302215e-05
0.10307042382 -0.000108209584228
0.103334657001 -0.000119079962607
0.103598890182 -0.000129899172393
0.103863123363 -0.000140667476542
0.104127356545 -0.000151386484802
0.104391589726 -0.000162053174484
0.104655822907 -0.00017266455503
0.104920056088 -0.00018321757793
0.105184289269 -0.000193709026679
0.10544852245 -0.000204135206205
0.105712755631 -0.000214492106549
0.105976988812 -0.000224775796823
0.106241221993 -0.000234982558245
0.106505455174 -0.000245108101241
0.106769688355 -0.000255147907607
0.107033921536 -0.000265097897692
0.107298154718 -0.000274953443682
0.107562387899 -0.000284709639243
0.10782662108 -0.00029436149402
0.108090854261 -0.000303903999416
0.108355087442 -0.000313331913728
0.108619320623 -0.000322639989005
0.108883553804 -0.000331828110011
0.109147786985 -0.000340897353635
0.109412020166 -0.00034984412074
0.109676253347 -0.000358664791707
0.109940486528 -0.000367355270924
0.110204719709 -0.000375911000143
0.110468952891 -0.000384327389703
0.110733186072 -0.000392600890064
0.110997419253 -0.000400727594212
0.111261652434 -0.000408703442636
0.111525885615 -0.000416524340485
0.111790118796 -0.000424185946283
0.112054351977 -0.00043168474449
0.112318585158 -0.000439016141963
0.112582818339 -0.000446175236211
0.11284705152 -0.000453156911134
0.113111284701 -0.000459956441229
0.113375517882 -0.00046656921679
0.113639751064 -0.000472993424738
0.113903984245 -0.000479231433261
0.114168217426 -0.00048528214312
0.114432450607 -0.000491142549405
0.114696683788 -0.000496810002371
0.114960916969 -0.000502281843651
0.11522515015 -0.000507555470349
0.115489383331 -0.000512629125148
0.115753616512 -0.000517500190127
0.116017849693 -0.000522165548594
0.116282082874 -0.000526622894828
0.116546316055 -0.000530868692749
0.116810549237 -0.000534899835469
0.117074782418 -0.000538713329824
0.117339015599 -0.000542306200146
0.11760324878 -0.000545675996694
0.117867481961 -0.000548823680738
0.118131715142 -0.000551753545203
0.118395948323 -0.000554464221338
0.118660181504 -0.000556953079747
0.118924414685 -0.000559216288055
0.119188647866 -0.000561250473939
0.119452881047 -0.000563055049511
0.119717114228 -0.000564629560221
0.11998134741 -0.000565971100791
0.120245580591 -0.000567077255009
0.120509813772 -0.000567944657058
0.120774046953 -0.000568570550178
0.121038280134 -0.000568951544427
0.121302513315 -0.000569088127847
0.121566746496 -0.000568976491099
0.121830979677 -0.000568613444034
0.122095212858 -0.000567996475106
0.122359446039 -0.000567121714902
0.12262367922 -0.000565983160241
0.122887912401 -0.000564575570927
0.123152145583 -0.000562894785744
0.123416378764 -0.000560936843589
0.123680611945 -0.000558696335797
0.123944845126 -0.000556170596802
0.124209078307 -0.000553358085991
0.124473311488 -0.000550255658002
0.124737544669 -0.000546861152231
0.12500177785 -0.00054316988055
0.125266011031 -0.000539177315641
0.125530244212 -0.000534880142494
0.125794477393 -0.000530275564115
0.126058710574 -0.000525361290957
0.126322943756 -0.000520138721824
0.126587176937 -0.000514606963989
0.126851410118 -0.000508760861416
0.127115643299 -0.000502596932846
0.12737987648 -0.000496115559747
0.127644109661 -0.000489317385294
0.127908342842 -0.000482200886569
0.128172576023 -0.000474763963924
0.128436809204 -0.000467007457339
0.128701042385 -0.000458935688481
0.128965275566 -0.000450546241574
0.129229508747 -0.000441839573941
0.129493741929 -0.000432816965312
0.12975797511 -0.000423485049737
0.130022208291 -0.000413852358969
0.130286441472 -0.000403929859719
0.130550674653 -0.000393721497964
0.130814907834 -0.000383232637381
0.131079141015 -0.000372459945558
0.131343374196 -0.000361406065346
0.131607607377 -0.000350081689408
0.131871840558 -0.000338483302249
0.132136073739 -0.000326603103675
0.13240030692 -0.000314452230722
0.132664540102 -0.0003020330647
0.132928773283 -0.000289355988396
0.133193006464 -0.000276431453734
0.133457239645 -0.000263274261119
0.133721472826 -0.000249888994442
0.133985706007 -0.000236283665013
0.134249939188 -0.000222470555583
0.134514172369 -0.000208461084711
0.13477840555 -0.000194258012798
0.135042638731 -0.000179871471863
0.135306871912 -0.000165309740331
0.135571105093 -0.000150589548786
0.135835338275 -0.000135726333203
0.136099571456 -0.00012072978983
0.136363804637 -0.000105614195662
0.136628037818 -9.03965814318e-05
0.136892270999 -7.51099489754e-05
0.13715650418 -5.97795054076e-05
0.137420737361 -4.44256695122e-05
0.137684970542 -2.90664111677e-05
0.137949203723 -1.37100399658e-05
0.138213436904 1.62607144392e-06
0.138477670085 1.69223816724e-05
0.138741903266 3.21581814145e-05
0.139006136448 4.73066709216e-05
0.139270369629 6.23454786986e-05
0.13953460281 7.72563394767e-05
0.139798835991 9.20284014808e-05
0.140063069172 0.000106652819573
0.140327302353 0.000121119873957
0.140591535534 0.000135420564089
0.140855768715 0.000149545219801
0.141120001896 0.000163487822388
0.141384235077 0.000177243398475
0.141648468258 0.000190807530607
0.141912701439 0.000204180561659
0.142176934621 0.000217374615983
0.142441167802 0.000230394494189
0.142705400983 0.000243244232207
0.142969634164 0.000255927635816
0.143233867345 0.00026844870797
0.143498100526 0.00028081109619
0.143762333707 0.000293018834686
0.144026566888 0.000305075759663
0.144290800069 0.000316985301525
0.14455503325 0.000328754024744
0.144819266431 0.000340384724048
0.145083499612 0.0003518785787
0.145347732794 0.000363235965838
0.145611965975 0.000374458092455
0.145876199156 0.000385547603619
0.146140432337 0.000396504740087
0.146404665518 0.000407328286182
0.146668898699 0.000418017928212
0.14693313188 0.000428571634472
0.147197365061 0.000438985558269
0.147461598242 0.000449257243147
0.147725831423 0.00045938515229
0.147990064604 0.000469366036464
0.148254297785 0.000479197447869
0.148518530967 0.000488876979534
0.148782764148 0.000498402279101
0.149046997329 0.000507770838982
0.14931123051 0.000516980218849
0.149575463691 0.000526028475259
0.149839696872 0.000534914070377
0.150103930053 0.000543113427945
0.150368163234 0.000551535923757
0.150632396415 0.000559877193456
0.150896629596 0.000568124790283
0.151160862777 0.000576288083055
0.151425095958 0.00058435501002
0.15168932914 0.00059229874241
0.151953562321 0.00060008824219
0.152217795502 0.000607693516528
0.152482028683 0.000615088477403
0.152746261864 0.000622252068682
0.153010495045 0.00062916601633
0.153274728226 0.00063581670178
0.153538961407 0.000642195640096
0.153803194588 0.000648298861989
0.154067427769 0.000654126507781
0.15433166095 0.000659683850245
0.154595894131 0.000664975711462
0.154860127313 0.000670008376645
0.155124360494 0.000674789327723
0.155388593675 0.000679330190403
0.155652826856 0.000683642554272
0.155917060037 0.000687735387535
0.156181293218 0.000691617024874
0.156445526399 0.000695295204682
0.15670975958 0.000698776810485
0.156973992761 0.000702066904896
0.157238225942 0.000705170496683
0.157502459123 0.000708092440927
0.157766692304 0.000710837351566
0.158030925486 0.000713409615799
0.158295158667 0.0007158132907
0.158559391848 0.000718052421678
0.158823625029 0.000720130729354
0.15908785821 0.000722051670678
0.159352091391 0.000723818437592
0.159616324572 0.000725440109004
0.159880557753 0.00072692204933
0.160144790934 0.000728269092143
0.160409024115 0.000729486672569
0.160673257296 0.000730579077094
0.160937490477 0.00073155019637
0.161201723659 0.000732402446051
0.16146595684 0.000733138817065
0.161730190021 0.000733762184911
0.161994423202 0.000734275334834
0.162258656383 0.000734680861873
0.162522889564 0.000734981047094
0.162787122745 0.000735177898667
0.163051355926 0.000735273672791
0.163315589107 0.000735270732018
0.163579822288 0.000735169607159
0.163844055469 0.00073497617763
0.16410828865 0.000734693973065
0.164372521832 0.000734325231139
0.164636755013 0.000733871864237
0.164900988194 0.000733336299426
0.165165221375 0.000732718693465
0.165429454556 0.000732018428729
0.165693687737 0.000731235418031
0.165957920918 0.000730369549102
0.166222154099 0.000729420542255
0.16648638728 0.000728387885787
0.166750620461 0.000727270781521
0.167014853642 0.000726068380238
0.167279086823 0.000724778750056
0.167543320005 0.000723399443882
0.167807553186 0.000721931135583
0.168071786367 0.000720374781238
0.168336019548 0.000718729448559
0.168600252729 0.000716994725382
0.16886448591 0.000715169419308
0.169128719091 0.000713252484995
0.169392952272 0.000711242015537
0.169657185453 0.000709136182382
0.169921418634 0.000706932281317
0.170185651815 0.000704627988789
0.170449884996 0.000702220511391
0.170714118177 0.000699707693314
0.170978351359 0.000697087468498
0.17124258454 0.000694357359311
0.171506817721 0.000691519192188
0.171771050902 0.000688573075538
0.172035284083 0.000685517775537
0.172299517264 0.000682349258871
0.172563750445 0.000679064581426
0.172827983626 0.000675662476243
0.173092216807 0.000672141818777
0.173356449988 0.000668500031353
0.173620683169 0.000664733623251
0.17388491635 0.000660840729884
0.174149149532 0.000656817840952
0.174413382713 0.000652665126926
0.174677615894 0.000648380689752
0.174941849075 0.000643961692216
0.175206082256 0.000639407048663
0.175470315437 0.000634715102293
0.175734548618 0.000629881397588
0.175998781799 0.000624906504665
0.17626301498 0.000619790045534
0.176527248161 0.000614529371124
0.176791481342 0.000609121247916
0.177055714523 0.000603567300745
0.177319947705 0.000597867834146
0.177584180886 0.000592022365289
0.177848414067 0.000586030810462
0.178112647248 0.000579893050737
0.178376880429 0.000573609627128
0.17864111361 0.000567179609693
0.178905346791 0.000560603023052
0.179169579972 0.00055388279632
0.179433813153 0.000547021160289
0.179698046334 0.000540020492167
0.179962279515 0.000532882873729
0.180226512696 0.000525611776909
0.180490745878 0.00051821148954
0.180754979059 0.000510685651724
0.18101921224 0.000503036585979
0.181283445421 0.000495266078081
0.181547678602 0.00048737782674
0.181811911783 0.000479372496565
0.182076144964 0.00047125137284
0.182340378145 0.000463020134831
0.182604611326 0.000454684775091
0.182868844507 0.000446249901116
0.183133077688 0.000437720969054
0.183397310869 0.000429100449989
0.183661544051 0.00042039434712
0.183925777232 0.000411606658338
0.184190010413 0.0004027403361
0.184454243594 0.000393799973582
0.184718476775 0.000384791654519
0.184982709956 0.000375718924884
0.185246943137 0.000366581002833
0.185511176318 0.000357379987893
0.185775409499 0.000348119683098
0.18603964268 0.000338802211904
0.186303875861 0.000329427376911
0.186568109042 0.000319995840583
0.186832342224 0.000310510083442
0.187096575405 0.00030097016675
0.187360808586 0.000291373164694
0.187625041767 0.00028171536882
0.187889274948 0.000271992885021
0.188153508129 0.000262196916706
0.18841774131 0.000252317615415
0.188681974491 0.000242352387776
0.188946207672 0.000232300852125
0.189210440853 0.000222160490731
0.189474674034 0.00021193345824
0.189738907215 0.000201620236657
0.190003140397 0.000191217154576
0.190267373578 0.000180727483213
0.190531606759 0.000170153857131
0.19079583994 0.00015949488694
0.191060073121 0.000148753497669
0.191324306302 0.00013793389091
0.191588539483 0.000127039206666
0.191852772664 0.00011607447808
0.192117005845 0.000105044637404
0.192381239026 9.39608672888e-05
0.192645472207 8.28323058185e-05
0.192909705388 7.16631472665e-05
0.19317393857 6.0458794988e-05
0.193438171751 4.92230987414e-05
0.193702404932 3.79599322833e-05
0.193966638113 2.66729929692e-05
0.194230871294 1.53611320444e-05
0.194495104475 4.02574518918e-06
0.194759337656 -7.3297241451e-06
0.195023570837 -1.87017300377e-05
0.195287804018 -3.00873246383e-05
0.195552037199 -4.14824808284e-05
0.19581627038 -5.2883552278e-05
0.196080503561 -6.42874627493e-05
0.196344736743 -7.5689749123e-05
0.196608969924 -8.70861237586e-05
0.196873203105 -9.84726809903e-05
0.197137436286 -0.000109847299609
0.197401669467 -0.000121207399367
0.197665902648 -0.000132551124583
0.197930135829 -0.00014387535977
0.19819436901 -0.00015517630216
0.198458602191 -0.000166450337234
0.198722835372 -0.000177699074208
0.198987068553 -0.000188920187346
0.199251301734 -0.000200110090031
0.199515534916 -0.000211265885357
0.199779768097 -0.000222386023085
0.200044001278 -0.000234092334083
0.200308234459 -0.000245817971762
0.20057246764 -0.000257627784436
0.200836700821 -0.000269494242118
0.201100934002 -0.000281406988568
0.201365167183 -0.000293360053223
0.201629400364 -0.000305341551371
0.201893633545 -0.000317335565176
0.202157866726 -0.000329326983881
0.202422099907 -0.00034130597275
0.202686333089 -0.000353264051426
0.20295056627 -0.000365194408156
0.203214799451 -0.000377094543584
0.203479032632 -0.000388965527464
0.203743265813 -0.000400809366131
0.204007498994 -0.000412625178649
0.204271732175 -0.00042441097468
0.204535965356 -0.000436164571276
0.204800198537 -0.000447883145093
0.205064431718 -0.000459563268491
0.205328664899 -0.000471201277635
0.20559289808 -0.000482793341207
0.205857131262 -0.000494334536488
0.206121364443 -0.000505819562164
0.206385597624 -0.00051724312878
0.206649830805 -0.000528599309177
0.206914063986 -0.000539882129522
0.207178297167 -0.000551085310055
0.207442530348 -0.000562202225684
0.207706763529 -0.000573230686477
0.20797099671 -0.000584167694823
0.208235229891 -0.000595011656957
0.208499463072 -0.000605757155035
0.208763696253 -0.000616398771541
0.209027929435 -0.000626930815938
0.209292162616 -0.000637347610568
0.209556395797 -0.000647644055085
0.209820628978 -0.000657815429084
0.210084862159 -0.000667856503357
0.21034909534 -0.000677761800655
0.210613328521 -0.000687525874436
0.210877561702 -0.00069714344835
0.211141794883 -0.000706610617333
0.211406028064 -0.000715921294659
0.211670261245 -0.000725068482976
0.211934494426 -0.000734046068657
0.212198727608 -0.000742851827504
0.212462960789 -0.000751482568458
0.21272719397 -0.00075993699283
0.212991427151 -0.000768211656779
0.213255660332 -0.000776301336504
0.213519893513 -0.000784201511693
0.213784126694 -0.000791908511714
0.214048359875 -0.000799418505501
0.214312593056 -0.000806727445583
0.214576826237 -0.000813831842588
0.214841059418 -0.000820728112299
0.215105292599 -0.000827412150633
0.215369525781 -0.000833879860387
0.215633758962 -0.00084012715776
0.215897992143 -0.000846150006947
0.216162225324 -0.000851944718832
0.216426458505 -0.000857510656245
0.216690691686 -0.000862848710312
0.216954924867 -0.000867957679374
0.217219158048 -0.000872834313572
0.217483391229 -0.000877475368078
0.21774762441 -0.000881878527693
0.218011857591 -0.000886038550909
0.218276090772 -0.000889951107479
0.218540323954 -0.000893612602677
0.218804557135 -0.00089701947801
0.219068790316 -0.000900167784915
0.219333023497 -0.000903053447585
0.219597256678 -0.000905673426793
0.219861489859 -0.000908029445254
0.22012572304 -0.000910122833681
0.220389956221 -0.000911950607791
0.220654189402 -0.000913509473033
0.220918422583 -0.000914797569541
0.221182655764 -0.000915810683002
0.221446888945 -0.000916544238731
0.221711122127 -0.000916992804675
0.221975355308 -0.000917150456175
0.222239588489 -0.00091701145792
0.22250382167 -0.000916569603674
0.222768054851 -0.000915823250172
0.223032288032 -0.000914768471067
0.223296521213 -0.000913401048171
0.223560754394 -0.0009117175314
0.223824987575 -0.0009097156935
0.224089220756 -0.000907392128043
0.224353453937 -0.000904738810939
0.224617687118 -0.000901751596171
0.2248819203 -0.000898426582152
0.225146153481 -0.000894763128151
0.225410386662 -0.000890759126432
0.225674619843 -0.000886413675503
0.225938853024 -0.00088172378904
0.226203086205 -0.000876685081062
0.226467319386 -0.000871294836687
0.226731552567 -0.000865555093811
0.226995785748 -0.000859464970949
0.227260018929 -0.000853023153185
0.22752425211 -0.000846229146488
0.227788485291 -0.000839084239161
0.228052718473 -0.000831588363386
0.228316951654 -0.000823740055884
0.228581184835 -0.000815543672341
0.228845418016 -0.000807002499212
0.229109651197 -0.000798122918782
0.229373884378 -0.000788912943767
0.229638117559 -0.000779378025181
0.22990235074 -0.00076952604844
0.230166583921 -0.00075935977275
0.230430817102 -0.000748880669595
0.230695050283 -0.000738093022424
0.230959283464 -0.000727000656074
0.231223516646 -0.000715599935546
0.231487749827 -0.000703896375367
0.231751983008 -0.000691901024668
0.232016216189 -0.000679627072006
0.23228044937 -0.000667078460488
0.232544682551 -0.000654276062288
0.232808915732 -0.000641230032258
0.233073148913 -0.000627949451691
0.233337382094 -0.000614440645844
0.233601615275 -0.000600708046004
0.233865848456 -0.000586758433076
0.234130081637 -0.000572596322905
0.234394314819 -0.000558235207036
0.234658548 -0.000543696063699
0.234922781181 -0.000528987123125
0.235187014362 -0.00051412360387
0.235451247543 -0.00049912213259
0.235715480724 -0.000484007613204
0.235979713905 -0.000468810288689
0.236243947086 -0.000453552343977
0.236508180267 -0.000438250286228
0.236772413448 -0.00042291368923
0.237036646629 -0.00040756322255
0.23730087981 -0.000392224089183
0.237565112992 -0.000376921789356
0.237829346173 -0.000361678536762
0.238093579354 -0.000346517121807
0.238357812535 -0.000331454598272
0.238622045716 -0.00031649810126
0.238886278897 -0.000301663278205
0.239150512078 -0.000286968720756
0.239414745259 -0.000272426381687
0.23967897844 -0.000258046873398
0.239943211621 -0.000243839792943
0.240207444802 -0.000229813816634
0.240471677983 -0.00021596929493
0.240735911164 -0.000202297497101
0.241000144346 -0.000188794638431
0.241264377527 -0.000175456941569
0.241528610708 -0.000162282397459
0.241792843889 -0.000149268052203
0.24205707707 -0.000136408987526
0.242321310251 -0.00012370184387
0.242585543432 -0.000111142423594
0.242849776613 -9.8722999456e-05
0.243114009794 -8.64395651381e-05
0.243378242975 -7.42895419256e-05
0.243642476156 -6.22702519649e-05
0.243906709337 -5.03792793219e-05
0.244170942519 -3.8615529693e-05
0.2444351757 -2.69787798684e-05
0.244699408881 -1.54680084078e-05
0.244963642062 -4.08363979386e-06
0.245227875243 7.17282443673e-06
0.245492108424 1.82991240111e-05
0.245756341605 2.92925956677e-05
0.246020574786 4.01506145324e-05
0.246284807967 5.08723181235e-05
0.246549041148 6.14572124882e-05
0.246813274329 7.19034121835e-05
0.24707750751 8.22083613911e-05
0.247341740692 9.23692472627e-05
0.247605973873 0.000102384091035
0.247870207054 0.000112250714694
0.248134440235 0.000121967567324
0.248398673416 0.000131534941159
0.248662906597 0.000140951996687
0.248927139778 0.000150216978955
0.249191372959 0.000159328040358
0.24945560614 0.000168283375764
0.249719839321 0.000177081030881
0.249984072502 0.000185718955237
0.250248305683 0.000193662109633
0.250512538865 0.000201833530581
0.250776772046 0.000209944168074
0.251041005227 0.000217982850074
0.251305238408 0.00022594905928
0.251569471589 0.000233827614077
0.25183370477 0.000241585994167
0.252097937951 0.000249185270433
0.252362171132 0.000256593915773
0.252626404313 0.00026378340106
0.252890637494 0.000270730892874
0.253154870675 0.00027741992333
0.253419103856 0.000283837966541
0.253683337038 0.000289978119221
0.253947570219 0.000295838160586
0.2542118034 0.000301419859066
0.254476036581 0.000306727447031
0.254740269762 0.000311766878666
0.255004502943 0.000316547762953
0.255268736124 0.000321079040013
0.255532969305 0.00032536916456
0.255797202486 0.000329427964568
0.256061435667 0.000333268962976
0.256325668848 0.000336901877774
0.256589902029 0.000340334954491
0.256854135211 0.000343575846396
0.257118368392 0.000346631796033
0.257382601573 0.000349508204188
0.257646834754 0.000352210233487
0.257911067935 0.000354743013814
0.258175301116 0.000357111326128
0.258439534297 0.000359319555567
0.258703767478 0.000361371635635
0.258968000659 0.000363271485327
0.25923223384 0.00036502268134
0.259496467021 0.000366628501062
0.259760700202 0.000368092303489
0.260024933384 0.00036941984393
0.260289166565 0.00037061923993
0.260553399746 0.000371695610889
0.260817632927 0.000372653788209
0.261081866108 0.000373499079637
0.261346099289 0.000374235474934
0.26161033247 0.000374865464693
0.261874565651 0.00037539169787
0.262138798832 0.000375816717762
0.262403032013 0.000376142837643
0.262667265194 0.000376372137102
0.262931498375 0.000376506771621
0.263195731557 0.00037654828579
0.263459964738 0.000376497809692
0.263724197919 0.000376356569981
0.2639884311 0.000376125638076
0.264252664281 0.000375807430238
0.264516897462 0.000375406867571
0.264781130643 0.000374925773981
0.265045363824 0.000374365653536
0.265309597005 0.000373727039909
0.265573830186 0.000373010530532
0.265838063367 0.000372215700827
0.266102296548 0.00037134208503
0.26636652973 0.000370389114117
0.266630762911 0.000369356008957
0.266894996092 0.000368241181438
0.267159229273 0.000367042629402
0.267423462454 0.000365758219253
0.267687695635 0.000364385429425
0.267951928816 0.000362921809399
0.268216161997 0.000361366090761
0.268480395178 0.000359720329495
0.268744628359 0.000357983675457
0.26900886154 0.000356155345778
0.269273094721 0.000354234475817
0.269537327903 0.000352221022321
0.269801561084 0.000350113108131
0.270065794265 0.000347908105662
0.270330027446 0.000345603154183
0.270594260627 0.000343195545445
0.270858493808 0.000340683549584
0.271122726989 0.000338065172294
0.27138696017 0.000335338310083
0.271651193351 0.000332499678526
0.271915426532 0.000329550910145
0.272179659713 0.000326492021442
0.272443892894 0.000323319805913
0.272708126076 0.000320030953886
0.272972359257 0.000316623603167
0.273236592438 0.000313096472168
0.273500825619 0.000309447708903
0.2737650588 0.000305673287102
0.274029291981 0.000301771827924
0.274293525162 0.000297739898573
0.274557758343 0.000293575081905
0.274821991524 0.000289275727721
0.275086224705 0.000284840008355
0.275350457886 0.000280266889342
0.275614691067 0.000275555104344
0.275878924249 0.000270699704552
0.27614315743 0.000265700792234
0.276407390611 0.000260558780284
0.276671623792 0.000255271479026
0.276935856973 0.00024983601429
0.277200090154 0.000244251130319
0.277464323335 0.000238518504766
0.277728556516 0.00023263736302
0.277992789697 0.000226608472249
0.278257022878 0.000220431238241
0.278521256059 0.000214106490962
0.27878548924 0.000207634159307
0.279049722422 0.000201013576348
0.279313955603 0.000194246368893
0.279578188784 0.00018733555302
0.279842421965 0.000180283562787
0.280106655146 0.000173094213125
0.280370888327 0.000165769726852
0.280635121508 0.000158314091313
0.280899354689 0.000150731056392
0.28116358787 0.000143023976839
0.281427821051 0.000135193670785
0.281692054232 0.000127245126617
0.281956287413 0.000119178146195
0.282220520595 0.000110994113781
0.282484753776 0.000102698394902
0.282748986957 9.42970837978e-05
0.283013220138 8.57953165762e-05
0.283277453319 7.71949672421e-05
0.2835416865 6.84999335284e-05
0.283805919681 5.97166306924e-05
0.284070152862 5.08490503081e-05
0.284334386043 4.19008815161e-05
0.284598619224 3.28768787291e-05
0.284862852405 2.37833470802e-05
0.285127085586 1.46231880361e-05
0.285391318768 5.39754809219e-06
0.285655551949 -3.8908408143e-06
0.28591978513 -1.32384025875e-05
0.286184018311 -2.26437220968e-05
0.286448251492 -3.21065637478e-05
0.286712484673 -4.16263559205e-05
0.286976717854 -5.11991473924e-05
0.287240951035 -6.08229539822e-05
0.287505184216 -7.05021382504e-05
0.287769417397 -8.02392403708e-05
0.288033650578 -9.00393120722e-05
0.288297883759 -9.99091942956e-05
0.288562116941 -0.000109858288776
0.288826350122 -0.000119889481718
0.289090583303 -0.000130005143106
0.289354816484 -0.000140206613781
0.289619049665 -0.00015049038752
0.289883282846 -0.000160859910372
0.290147516027 -0.000171315548403
0.290411749208 -0.000181854382536
0.290675982389 -0.000192473246591
0.29094021557 -0.000203170359666
0.291204448751 -0.000213944559294
0.291468681932 -0.000224792190449
0.291732915114 -0.000235710030981
0.291997148295 -0.000246693250326
0.292261381476 -0.000257737148362
0.292525614657 -0.000268833220533
0.292789847838 -0.000279969997733
0.293054081019 -0.000291141546944
0.2933183142 -0.000302344218875
0.293582547381 -0.000313573093389
0.293846780562 -0.000324823607762
0.294111013743 -0.000336092969118
0.294375246924 -0.000347382785822
0.294639480105 -0.000358690622692
0.294903713287 -0.000370013738313
0.295167946468 -0.000381347976517
0.295432179649 -0.000392690263322
0.29569641283 -0.000404037056277
0.295960646011 -0.000415384492355
0.296224879192 -0.000426729470086
0.296489112373 -0.000438068541608
0.296753345554 -0.000449397342463
0.297017578735 -0.00046071185784
0.297281811916 -0.000472009073478
0.297546045097 -0.000483287132845
0.297810278278 -0.000494543931077
0.29807451146 -0.000505777511961
0.298338744641 -0.000516984067529
0.298602977822 -0.000528160426245
0.298867211003 -0.000539309061971
0.299131444184 -0.000550426898681
0.299395677365 -0.000561510620983
0.299659910546 -0.000572557975419
0.299924143727 -0.000583567150724
0.300188376908 -0.000595157644922
0.300452610089 -0.000606763778511
0.30071684327 -0.000618451345056
0.300981076451 -0.000630193605343
0.301245309633 -0.000641980364762
0.301509542814 -0.000653805680921
0.301773775995 -0.00066565731751
0.302038009176 -0.000677519376753
0.302302242357 -0.000689376666317
0.302566475538 -0.00070121960691
0.302830708719 -0.000713039536647
0.3030949419 -0.000724829792952
0.303359175081 -0.000736587676972
0.303623408262 -0.000748314776396
0.303887641443 -0.000760013386461
0.304151874624 -0.000771681942361
0.304416107806 -0.000783318514695
0.304680340987 -0.000794920793621
0.304944574168 -0.000806486003531
0.305208807349 -0.000818010713
0.30547304053 -0.000829491422085
0.305737273711 -0.000840924355949
0.306001506892 -0.000852304675395
0.306265740073 -0.000863627209766
0.306529973254 -0.000874886829573
0.306794206435 -0.000886077702264
0.307058439616 -0.000897194055917
0.307322672797 -0.000908229607356
0.307586905979 -0.000919177875773
0.30785113916 -0.000930037003806
0.308115372341 -0.000940804749165
0.308379605522 -0.000951478950585
0.308643838703 -0.000962054223355
0.308908071884 -0.000972525098021
0.309172305065 -0.00098288600569
0.309436538246 -0.000993131246859
0.309700771427 -0.00100325615449
0.309965004608 -0.00101325582757
0.310229237789 -0.00102312493763
0.31049347097 -0.00103285815266
0.310757704152 -0.00104245009467
0.311021937333 -0.00105189580806
0.311286170514 -0.00106119104516
0.311550403695 -0.00107032943556
0.311814636876 -0.00107930434755
0.312078870057 -0.0010881097554
0.312343103238 -0.00109674414852
0.312607336419 -0.0011052037946
0.3128715696 -0.0011134881644
0.313135802781 -0.00112159278226
0.313400035962 -0.0011295130936
0.313664269143 -0.00113724480096
0.313928502324 -0.00114478419311
0.314192735506 -0.00115212751082
0.314456968687 -0.0011592712533
0.314721201868 -0.00116621181539
0.314985435049 -0.00117294548104
0.31524966823 -0.001179467873
0.315513901411 -0.00118577514525
0.315778134592 -0.00119186304008
0.316042367773 -0.00119772761257
0.316306600954 -0.00120336545235
0.316570834135 -0.00120877631332
0.316835067316 -0.00121396116411
0.317099300497 -0.00121891820173
0.317363533679 -0.00122364405204
0.31762776686 -0.00122813570201
0.317892000041 -0.00123239012789
0.318156233222 -0.00123640220822
0.318420466403 -0.00124016800256
0.318684699584 -0.00124368380281
0.318948932765 -0.00124694588999
0.319213165946 -0.00124995016405
0.319477399127 -0.0012526931292
0.319741632308 -0.00125517333556
0.320005865489 -0.00125739300018
0.32027009867 -0.00125935109924
0.320534331852 -0.00126104398437
0.320798565033 -0.00126246950882
0.321062798214 -0.00126362425804
0.321327031395 -0.00126450347022
0.321591264576 -0.00126510293524
0.321855497757 -0.00126541581206
0.322119730938 -0.00126543668089
0.322383964119 -0.00126515942244
0.3226481973 -0.00126457935113
0.322912430481 -0.00126369413986
0.323176663662 -0.00126249973465
0.323440896843 -0.00126099174938
0.323705130025 -0.00125916784963
0.323969363206 -0.0012570251341
0.324233596387 -0.00125455750348
0.324497829568 -0.00125175883985
0.324762062749 -0.00124862520262
0.32502629593 -0.00124515401936
0.325290529111 -0.00124134392784
0.325554762292 -0.00123719381844
0.325818995473 -0.00123270100178
0.326083228654 -0.0012278620468
0.326347461835 -0.0012226732092
0.326611695016 -0.00121713422999
0.326875928198 -0.0012112453256
0.327140161379 -0.00120500608456
0.32740439456 -0.00119841451942
0.327668627741 -0.00119147112021
0.327932860922 -0.00118417764545
0.328197094103 -0.0011765324522
0.328461327284 -0.00116853660242
0.328725560465 -0.00116019276005
0.328989793646 -0.00115150723361
0.329254026827 -0.0011424867001
0.329518260008 -0.00113314058252
0.329782493189 -0.00112347249338
0.330046726371 -0.00111348945896
0.330310959552 -0.0011031920505
0.330575192733 -0.00109258142389
0.330839425914 -0.00108166675322
0.331103659095 -0.00107044406011
0.331367892276 -0.0010589117269
0.331632125457 -0.00104708371958
0.331896358638 -0.00103497105057
0.332160591819 -0.00102258244572
0.332424825 -0.00100992773584
0.332689058181 -0.000997024735073
0.332953291362 -0.000983882376803
0.333217524544 -0.000970508541111
0.333481757725 -0.000956908972731
0.333745990906 -0.000943087721149
0.334010224087 -0.000929050546945
0.334274457268 -0.000914806603926
0.334538690449 -0.000900375600242
0.33480292363 -0.000885769878089
0.335067156811 -0.00087100230394
0.335331389992 -0.000856088554858
0.335595623173 -0.000841049073457
0.335859856354 -0.00082591538974
0.336124089535 -0.000810711360792
0.336388322717 -0.000795458174705
0.336652555898 -0.000780162818266
0.336916789079 -0.000764844213349
0.33718102226 -0.000749525490248
0.337445255441 -0.000734233975043
0.337709488622 -0.000718991976617
0.337973721803 -0.000703823196333
0.338237954984 -0.000688746952396
0.338502188165 -0.000673772433655
0.338766421346 -0.000658912735462
0.339030654527 -0.000644186628482
0.339294887708 -0.000629607810237
0.33955912089 -0.000615187459154
0.339823354071 -0.000600935436625
0.340087587252 -0.000586861173768
0.340351820433 -0.000572969765019
0.340616053614 -0.000559252041837
0.340880286795 -0.000545704211562
0.341144519976 -0.000532322633173
0.341408753157 -0.000519104425157
0.341672986338 -0.000506047045317
0.341937219519 -0.00049314658482
0.3422014527 -0.000480399011948
0.342465685881 -0.000467800282522
0.342729919063 -0.000455343536601
0.342994152244 -0.000443023665118
0.343258385425 -0.000430837986836
0.343522618606 -0.000418783801351
0.343786851787 -0.000406858288756
0.344051084968 -0.000395060076282
0.344315318149 -0.000383388720725
0.34457955133 -0.000371843169515
0.344843784511 -0.000360423644886
0.345108017692 -0.00034913147652
0.345372250873 -0.000337968790345
0.345636484054 -0.000326938017561
0.345900717236 -0.000316041883121
0.346164950417 -0.000305282566407
0.346429183598 -0.000294659459822
0.346693416779 -0.0002841740834
0.34695764996 -0.000273828758952
0.347221883141 -0.000263626239437
0.347486116322 -0.000253568443468
0.347750349503 -0.000243657543665
0.348014582684 -0.00023389500764
0.348278815865 -0.000224283069767
0.348543049046 -0.000214820580404
0.348807282227 -0.000205509218738
0.349071515409 -0.000196350880724
0.34933574859 -0.000187347332653
0.349599981771 -0.000178500332862
0.349864214952 -0.000169812098037
0.350128448133 -0.000161818165511
0.350392681314 -0.000153595165606
0.350656914495 -0.000145431125878
0.350921147676 -0.000137337683447
0.351185380857 -0.000129316308525
0.351449614038 -0.000121381070845
0.351713847219 -0.000113564289153
0.3519780804 -0.000105906000976
0.352242313582 -9.84371249505e-05
0.352506546763 -9.11861857053e-05
0.352770779944 -8.41765458171e-05
0.353035013125 -7.74248459392e-05
0.353299246306 -7.09434509107e-05
0.353563479487 -6.47397281674e-05
0.353827712668 -5.88160567506e-05
0.354091945849 -5.3170735447e-05
0.35435617903 -4.77999930206e-05
0.354620412211 -4.269747656e-05
0.354884645392 -3.78552128132e-05
0.355148878573 -3.32626901099e-05
0.355413111755 -2.89112478666e-05
0.355677344936 -2.47923697417e-05
0.355941578117 -2.08938496152e-05
0.356205811298 -1.72045616793e-05
0.356470044479 -1.37156992832e-05
0.35673427766 -1.04195281193e-05
0.356998510841 -7.30878078126e-06
0.357262744022 -4.37723157266e-06
0.357526977203 -1.62004178453e-06
0.357791210384 9.6792797417e-07
0.358055443565 3.39154873327e-06
0.358319676746 5.65518567568e-06
0.358583909928 7.76270350778e-06
0.358848143109 9.71823360523e-06
0.35911237629 1.15255274339e-05
0.359376609471 1.318796487e-05
0.359640842652 1.47089151791e-05
0.359905075833 1.60914794652e-05
0.360169309014 1.73443060471e-05
0.360433542195 1.8473565987e-05
0.360697775376 1.94841113114e-05
0.360962008557 2.03805870896e-05
0.361226241738 2.1167917448e-05
0.361490474919 2.18493638104e-05
0.361754708101 2.24273892411e-05
0.362018941282 2.29045098338e-05
0.362283174463 2.32831119955e-05
0.362547407644 2.356527735e-05
0.362811640825 2.37529618032e-05
0.363075874006 2.38477930339e-05
0.363340107187 2.38511844072e-05
0.363604340368 2.37640621548e-05
0.363868573549 2.35875849238e-05
0.36413280673 2.3322539252e-05
0.364397039911 2.29735223438e-05
0.364661273092 2.25436989577e-05
0.364925506274 2.20345551239e-05
0.365189739455 2.14468127392e-05
0.365453972636 2.07811943921e-05
0.365718205817 2.00377299581e-05
0.365982438998 1.92159861641e-05
0.366246672179 1.83154277469e-05
0.36651090536 1.73353918115e-05
0.366775138541 1.62744873187e-05
0.367039371722 1.51307294199e-05
0.367303604903 1.39019919296e-05
0.367567838084 1.25859865272e-05
0.367832071265 1.11802308194e-05
0.368096304447 9.68236320102e-06
0.368360537628 8.09285895234e-06
0.368624770809 6.41261594695e-06
0.36888900399 4.64074885741e-06
0.369153237171 2.77644869913e-06
0.369417470352 8.18897127733e-07
0.369681703533 -1.23242748061e-06
0.369945936714 -3.37941110097e-06
0.370210169895 -5.62536591407e-06
0.370474403076 -7.97286879658e-06
0.370738636257 -1.04240747941e-05
0.371002869438 -1.29808557038e-05
0.37126710262 -1.56452343024e-05
0.371531335801 -1.84197494173e-05
0.371795568982 -2.13064791352e-05
0.372059802163 -2.43037719645e-05
0.372324035344 -2.7412998016e-05
0.372588268525 -3.06374179846e-05
0.372852501706 -3.39797728692e-05
0.373116734887 -3.74418587211e-05
0.373380968068 -4.10247629897e-05
0.373645201249 -4.47317853432e-05
0.37390943443 -4.85654791142e-05
0.374173667611 -5.25278263013e-05
0.374437900793 -5.66223904644e-05
0.374702133974 -6.08519743379e-05
0.374966367155 -6.52171686897e-05
0.375230600336 -6.97197122445e-05
0.375494833517 -7.43605751974e-05
0.375759066698 -7.91425733186e-05
0.376023299879 -8.40691564483e-05
0.37628753306 -8.91394245738e-05
0.376551766241 -9.43537558858e-05
0.376815999422 -9.97147566445e-05
0.377080232603 -0.000105225849793
0.377344465784 -0.000110886075785
0.377608698966 -0.000116694919483
0.377872932147 -0.000122651998448
0.378137165328 -0.000128757821318
0.378401398509 -0.000135011981817
0.37866563169 -0.000141413917199
0.378929864871 -0.000147964010178
0.379194098052 -0.000154662870057
0.379458331233 -0.000161507097263
0.379722564414 -0.000168494429728
0.379986797595 -0.000175621560562
0.380251030776 -0.000182884962028
0.380515263957 -0.000190282106509
0.380779497139 -0.000197809068478
0.38104373032 -0.000205462084827
0.381307963501 -0.000213239194351
0.381572196682 -0.000221137792389
0.381836429863 -0.000229154808126
0.382100663044 -0.000237289485449
0.382364896225 -0.000245539754567
0.382629129406 -0.000253899505827
0.382893362587 -0.000262362340866
0.383157595768 -0.000270926212814
0.383421828949 -0.000279587159445
0.38368606213 -0.000288340566519
0.383950295312 -0.00029718103861
0.384214528493 -0.000306104466083
0.384478761674 -0.000315107775456
0.384742994855 -0.000324183484497
0.385007228036 -0.000333328353406
0.385271461217 -0.000342539198822
0.385535694398 -0.000351814894597
0.385799927579 -0.000361151117607
0.38606416076 -0.000370545868493
0.386328393941 -0.000379998495897
0.386592627122 -0.000389508996837
0.386856860303 -0.000399074555469
0.387121093485 -0.000408691837271
0.387385326666 -0.000418361968145
0.387649559847 -0.000428088507096
0.387913793028 -0.000437874663659
0.388178026209 -0.00044772647088
0.38844225939 -0.000457651621224
0.388706492571 -0.000467657490993
0.388970725752 -0.000477745741689
0.389234958933 -0.000487920415119
0.389499192114 -0.00049817855523
0.389763425295 -0.000508520385641
0.390027658476 -0.000518948406127
0.390291891657 -0.000529460496607
0.390556124839 -0.000540053935455
0.39082035802 -0.000550725082175
0.391084591201 -0.00056147328025
0.391348824382 -0.000572296195011
0.391613057563 -0.000583190328563
0.391877290744 -0.000594151832259
0.392141523925 -0.000605176284861
0.392405757106 -0.000616258422288
0.392669990287 -0.00062738685241
0.392934223468 -0.000638552301936
0.393198456649 -0.000649750489316
0.39346268983 -0.000660976649249
0.393726923012 -0.000672226146453
0.393991156193 -0.000683494877299
0.394255389374 -0.000694783959142
0.394519622555 -0.000706091713406
0.394783855736 -0.000717415977252
0.395048088917 -0.00072875259982
0.395312322098 -0.000740098153284
0.395576555279 -0.000751449149682
0.39584078846 -0.000762802080252
0.396105021641 -0.000774153197315
0.396369254822 -0.000785499512815
0.396633488003 -0.000796837197595
0.396897721185 -0.000808161940446
0.397161954366 -0.000819469821085
0.397426187547 -0.000830758447476
0.397690420728 -0.000842025585522
0.397954653909 -0.000853269533578
0.39821888709 -0.000864487758394
0.398483120271 -0.000875676324019
0.398747353452 -0.000886837154104
0.399011586633 -0.000897968356472
0.399275819814 -0.000909066722264
0.399540052995 -0.000920129235176
0.399804286176 -0.00093115468122
0.400068519358 -0.000942763807627
0.400332752539 -0.000954391800842
0.40059698572 -0.000966103204896
0.400861218901 -0.000977870487427
0.401125452082 -0.00098968308251
0.401389685263 -0.00100153543826
0.401653918444 -0.00101341509054
0.401918151625 -0.00102530646193
0.402182384806 -0.00103719449473
0.402446617987 -0.00104906947936
0.402710851168 -0.00106092301994
0.402975084349 -0.00107274833843
0.403239317531 -0.00108454271795
0.403503550712 -0.00109630691953
0.403767783893 -0.00110804296364
0.404032017074 -0.00111975031934
0.404296250255 -0.00113142712818
0.404560483436 -0.00114307122655
0.404824716617 -0.00115467984406
0.405088949798 -0.0011662496569
0.405353182979 -0.00117777697805
0.40561741616 -0.001189258149
0.405881649341 -0.0012006884747
0.406145882522 -0.00121206269288
0.406410115704 -0.00122337555815
0.406674348885 -0.00123462142281
0.406938582066 -0.00124579425934
0.407202815247 -0.00125688810024
0.407467048428 -0.00126789652031
0.407731281609 -0.00127881630398
0.40799551479 -0.001289644916
0.408259747971 -0.00130038141371
0.408523981152 -0.00131102054197
0.408788214333 -0.00132155694709
0.409052447514 -0.0013319850305
0.409316680695 -0.00134229923345
0.409580913877 -0.00135249431658
0.409845147058 -0.00136256575514
0.410109380239 -0.00137250843223
0.41037361342 -0.00138231695386
0.410637846601 -0.0013919859858
0.410902079782 -0.00140151027548
0.411166312963 -0.00141088579352
0.411430546144 -0.00142010665187
0.411694779325 -0.00142916579636
0.411959012506 -0.00143805724221
0.412223245687 -0.00144677786815
0.412487478868 -0.0014553253275
0.41275171205 -0.00146369806042
0.413015945231 -0.0014718927413
0.413280178412 -0.00147990452178
0.413544411593 -0.00148772880515
0.413808644774 -0.00149536181809
0.414072877955 -0.00150279996005
0.414337111136 -0.00151003916767
0.414601344317 -0.00151707604915
0.414865577498 -0.00152390699493
0.415129810679 -0.00153052775817
0.41539404386 -0.00153693435045
0.415658277041 -0.00154312269948
0.415922510223 -0.00154908874103
0.416186743404 -0.00155482863553
0.416450976585 -0.00156034122082
0.416715209766 -0.0015656282179
0.416979442947 -0.00157068814506
0.417243676128 -0.00157551777008
0.417507909309 -0.0015801138184
0.41777214249 -0.00158447361362
0.418036375671 -0.00158859193979
0.418300608852 -0.0015924646882
0.418564842033 -0.00159608813519
0.418829075214 -0.00159945868498
0.419093308396 -0.0016025721989
0.419357541577 -0.00160542459751
0.419621774758 -0.00160801341441
0.419886007939 -0.00161034023931
0.42015024112 -0.00161240596918
0.420414474301 -0.00161420729896
0.420678707482 -0.00161574134493
0.420942940663 -0.0016170055834
0.421207173844 -0.00161799559362
0.421471407025 -0.00161870691374
0.421735640206 -0.00161913349121
0.421999873387 -0.00161926963668
0.422264106569 -0.00161910929386
0.42252833975 -0.00161864673029
0.422792572931 -0.00161788015192
0.423056806112 -0.00161680544559
0.423321039293 -0.00161541826578
0.423585272474 -0.00161371566231
0.423849505655 -0.00161169494976
0.424113738836 -0.0016093518117
0.424377972017 -0.00160667862649
0.424642205198 -0.00160367143245
0.424906438379 -0.0016003266116
0.42517067156 -0.00159664348844
0.425434904742 -0.0015926201064
0.425699137923 -0.00158825494415
0.425963371104 -0.0015835447808
0.426227604285 -0.00157848544965
0.426491837466 -0.00157307473651
0.426756070647 -0.00156731446878
0.427020303828 -0.00156120395541
0.427284537009 -0.00155474137827
0.42754877019 -0.0015479263633
0.427813003371 -0.00154076065151
0.428077236552 -0.00153324365125
0.428341469733 -0.00152537425979
0.428605702915 -0.00151715692057
0.428869936096 -0.00150859532277
0.429134169277 -0.00149969640574
0.429398402458 -0.00149046810404
0.429662635639 -0.0014809145591
0.42992686882 -0.00147104550542
0.430191102001 -0.00146086187811
0.430455335182 -0.00145036512518
0.430719568363 -0.00143956151108
0.430983801544 -0.00142845198559
0.431248034725 -0.0014170330392
0.431512267906 -0.00140531376534
0.431776501088 -0.00139330512996
0.432040734269 -0.00138101895893
0.43230496745 -0.00136845935318
0.432569200631 -0.00135564924766
0.432833433812 -0.00134259728226
0.433097666993 -0.0013293125767
0.433361900174 -0.00131580247171
0.433626133355 -0.00130206873547
0.433890366536 -0.00128811900045
0.434154599717 -0.00127395846001
0.434418832898 -0.00125960310615
0.434683066079 -0.00124507104743
0.434947299261 -0.00123037238247
0.435211532442 -0.001215522218
0.435475765623 -0.00120053802048
0.435739998804 -0.00118544948091
0.436004231985 -0.00117028333517
0.436268465166 -0.00115506153531
0.436532698347 -0.00113979587999
0.436796931528 -0.00112449978818
0.437061164709 -0.00110919491723
0.43732539789 -0.00109390835041
0.437589631071 -0.00107866396473
0.437853864252 -0.00106348489043
0.438118097434 -0.00104839244276
0.438382330615 -0.00103339933506
0.438646563796 -0.00101851602379
0.438910796977 -0.00100375952942
0.439175030158 -0.000989145884847
0.439439263339 -0.000974686972673
0.43970349652 -0.000960392477911
0.439967729701 -0.000946272616722
0.440231962882 -0.000932335248095
0.440496196063 -0.000918573749713
0.440760429244 -0.000904983403936
0.441024662425 -0.000891560521397
0.441288895607 -0.000878301353996
0.441553128788 -0.000865203344998
0.441817361969 -0.00085226341261
0.44208159515 -0.000839477317676
0.442345828331 -0.000826840871507
0.442610061512 -0.000814348680356
0.442874294693 -0.00080199394881
0.443138527874 -0.000789773830676
0.443402761055 -0.000777686041473
0.443666994236 -0.000765727139486
0.443931227417 -0.000753895513124
0.444195460598 -0.000742190409863
0.44445969378 -0.000730611218468
0.444723926961 -0.000719157558246
0.444988160142 -0.000707830489888
0.445252393323 -0.00069663204926
0.445516626504 -0.000685564467426
0.445780859685 -0.000674630605305
0.446045092866 -0.000663832803836
0.446309326047 -0.000653172101643
0.446573559228 -0.000642648673908
0.446837792409 -0.000632264527325
0.44710202559 -0.000622022157099
0.447366258771 -0.00061192380776
0.447630491953 -0.000601971661561
0.447894725134 -0.000592167094884
0.448158958315 -0.000582512410268
0.448423191496 -0.000573008659541
0.448687424677 -0.000563655484108
0.448951657858 -0.000554454808826
0.449215891039 -0.000545408447806
0.44948012422 -0.000536518100298
0.449744357401 -0.00052778576618
0.450008590582 -0.000519746651
0.450272823763 -0.000511478960105
0.450537056944 -0.000503268929307
0.450801290126 -0.00049512864652
0.451065523307 -0.000487060559471
0.451329756488 -0.00047907776166
0.451593989669 -0.0004712124635
0.45185822285 -0.000463504804643
0.452122456031 -0.000455986810336
0.452386689212 -0.000448686428316
0.452650922393 -0.000441627286565
0.452915155574 -0.000434826412214
0.453179388755 -0.000428295694469
0.453443621936 -0.000422042859915
0.453707855117 -0.000416070445745
0.453972088299 -0.00041037693549
0.45423632148 -0.000404958965549
0.454500554661 -0.000399809933919
0.454764787842 -0.0003949218568
0.455029021023 -0.000390286080234
0.455293254204 -0.000385892056465
0.455557487385 -0.000381731278574
0.455821720566 -0.000377794983331
0.456085953747 -0.000374070274036
0.456350186928 -0.000370547599731
0.456614420109 -0.000367219057011
0.45687865329 -0.000364077432807
0.457142886472 -0.000361115957515
0.457407119653 -0.000358329487284
0.457671352834 -0.000355713072931
0.457935586015 -0.000353261844355
0.458199819196 -0.000350971259338
0.458464052377 -0.000348837368042
0.458728285558 -0.000346856163851
0.458992518739 -0.000345023604042
0.45925675192 -0.000343336250773
0.459520985101 -0.000341790604834
0.459785218282 -0.000340383435377
0.460049451463 -0.000339110465213
0.460313684645 -0.00033796269018
0.460577917826 -0.000336934755562
0.460842151007 -0.00033602221866
0.461106384188 -0.000335220294774
0.461370617369 -0.00033452449557
0.46163485055 -0.000333932269069
0.461899083731 -0.000333441102722
0.462163316912 -0.000333048551492
0.462427550093 -0.000332752453713
0.462691783274 -0.000332550815952
0.462956016455 -0.00033244199341
0.463220249636 -0.000332424481153
0.463484482817 -0.000332497102291
0.463748715999 -0.000332659117113
0.46401294918 -0.00033290939688
0.464277182361 -0.000333247409055
0.464541415542 -0.000333666957216
0.464805648723 -0.00033416620774
0.465069881904 -0.000334744090448
0.465334115085 -0.00033540040369
0.465598348266 -0.000336134257874
0.465862581447 -0.000336945891042
0.466126814628 -0.000337835794082
0.466391047809 -0.000338804584371
0.46665528099 -0.000339853369818
0.466919514172 -0.00034098399534
0.467183747353 -0.000342198635107
0.467447980534 -0.00034349937721
0.467712213715 -0.000344888548562
0.467976446896 -0.000346368542744
0.468240680077 -0.000347941736364
0.468504913258 -0.000349606350852
0.468769146439 -0.000351362347818
0.46903337962 -0.000353210652904
0.469297612801 -0.000355152123832
0.469561845982 -0.000357187406756
0.469826079163 -0.000359317410324
0.470090312345 -0.000361544476341
0.470354545526 -0.000363871640029
0.470618778707 -0.00036630162966
0.470883011888 -0.000368836217272
0.471147245069 -0.00037147731487
0.47141147825 -0.000374226988015
0.471675711431 -0.000377088181983
0.471939944612 -0.000380061595286
0.472204177793 -0.000383146221633
0.472468410974 -0.000386344488568
0.472732644155 -0.000389659520694
0.472996877336 -0.000393093531906
0.473261110518 -0.000396648266512
0.473525343699 -0.000400325112264
0.47378957688 -0.000404127895947
0.474053810061 -0.000408058102448
0.474318043242 -0.000412118791519
0.474582276423 -0.000416312725246
0.474846509604 -0.00042064268018
0.475110742785 -0.000425109778134
0.475374975966 -0.000429715056994
0.475639209147 -0.000434459495397
0.475903442328 -0.000439347543507
0.476167675509 -0.000444380390056
0.476431908691 -0.000449557256671
0.476696141872 -0.000454879630452
0.476960375053 -0.000460350068867
0.477224608234 -0.000465971140281
0.477488841415 -0.000471741210304
0.477753074596 -0.000477660667335
0.478017307777 -0.000483728403185
0.478281540958 -0.000489945394978
0.478545774139 -0.00049631077274
0.47881000732 -0.000502823984569
0.479074240501 -0.00050948591042
0.479338473682 -0.000516296077618
0.479602706864 -0.00052325094549
0.479866940045 -0.000530348118027
0.480131173226 -0.000537583317151
0.480395406407 -0.000544954273729
0.480659639588 -0.000552457526774
0.480923872769 -0.000560089429949
0.48118810595 -0.000567846035009
0.481452339131 -0.000575726579494
0.481716572312 -0.000583726279521
0.481980805493 -0.000591844514506
0.482245038674 -0.000600080173024
0.482509271855 -0.00060842899153
0.482773505037 -0.000616884756015
0.483037738218 -0.000625443026061
0.483301971399 -0.000634101714198
0.48356620458 -0.000642856912294
0.483830437761 -0.000651702571382
0.484094670942 -0.000660634208973
0.484358904123 -0.000669647615758
0.484623137304 -0.000678738975831
0.484887370485 -0.00068790104993
0.485151603666 -0.000697131393077
0.485415836847 -0.000706426983537
0.485680070028 -0.000715785459135
0.48594430321 -0.000725203395302
0.486208536391 -0.000734679606833
0.486472769572 -0.000744213595708
0.486737002753 -0.000753805285653
0.487001235934 -0.000763450325841
0.487265469115 -0.000773145696655
0.487529702296 -0.000782894914725
0.487793935477 -0.000792700822252
0.488058168658 -0.00080256866186
0.488322401839 -0.000812503636493
0.48858663502 -0.000822514140608
0.488850868201 -0.000832604611317
0.489115101383 -0.000842779342801
0.489379334564 -0.000853038161025
0.489643567745 -0.000863379070251
0.489907800926 -0.000873804089811
0.490172034107 -0.000884313892583
0.490436267288 -0.00089490571315
0.490700500469 -0.000905576252578
0.49096473365 -0.000916321217369
0.491228966831 -0.000927141330109
0.491493200012 -0.000938033336333
0.491757433193 -0.000948993879343
0.492021666374 -0.000960018747625
0.492285899556 -0.000971103420932
0.492550132737 -0.00098224253818
0.492814365918 -0.000993422549974
0.493078599099 -0.00100463591897
0.49334283228 -0.0010158792151
0.493607065461 -0.00102714722106
0.493871298642 -0.0010384352931
0.494135531823 -0.00104974259387
0.494399765004 -0.00106106872344
0.494663998185 -0.00107241137379
0.494928231366 -0.00108376756716
0.495192464547 -0.00109513322754
0.495456697729 -0.00110650469907
0.49572093091 -0.00111787867376
0.495985164091 -0.00112925147667
0.496249397272 -0.00114061952137
0.496513630453 -0.00115197988439
0.496777863634 -0.0011633285058
0.497042096815 -0.00117466111262
0.497306329996 -0.00118597387066
0.497570563177 -0.00119726476287
0.497834796358 -0.00120853137074
0.498099029539 -0.00121977208431
0.49836326272 -0.00123098406914
0.498627495902 -0.00124216724262
0.498891729083 -0.00125332130077
0.499155962264 -0.0012644433108
0.499420195445 -0.00127552998633
0.499684428626 -0.00128658017856
0.499948661807 -0.00129759145232
0.500212894988 -0.00130918588882
0.500477128169 -0.00132079563391
0.50074136135 -0.0013324869614
0.501005594531 -0.0013442338649
0.501269827712 -0.00135602521651
0.501534060893 -0.00136785556344
0.501798294075 -0.00137971233425
0.502062527256 -0.00139157980756
0.502326760437 -0.00140344279837
0.502590993618 -0.00141529195967
0.502855226799 -0.00142711808211
0.50311945998 -0.0014389154142
0.503383693161 -0.00145068219922
0.503647926342 -0.00146242012088
0.503912159523 -0.00147412943292
0.504176392704 -0.00148580821219
0.504440625885 -0.00149745436267
0.504704859066 -0.00150906541532
0.504969092248 -0.00152063843788
0.505233325429 -0.00153216994753
0.50549755861 -0.00154365671638
0.505761791791 -0.00155509455814
0.506026024972 -0.00156647868206
0.506290258153 -0.00157780391079
0.506554491334 -0.0015890648534
0.506818724515 -0.00160025582247
0.507082957696 -0.00161137077667
0.507347190877 -0.00162240367917
0.507611424058 -0.00163334950063
0.507875657239 -0.00164420696228
0.508139890421 -0.00165497533181
0.508404123602 -0.00166564925162
0.508668356783 -0.00167622337456
0.508932589964 -0.00168669232595
0.509196823145 -0.00169705035761
0.509461056326 -0.00170729192118
0.509725289507 -0.00171741234113
0.509989522688 -0.00172740674668
0.510253755869 -0.00173726986987
0.51051798905 -0.00174699627649
0.510782222231 -0.00175658066265
0.511046455412 -0.00176601885843
0.511310688594 -0.00177530525083
0.511574921775 -0.00178443281712
0.511839154956 -0.00179339511394
0.512103388137 -0.00180218736177
0.512367621318 -0.0018108084745
0.512631854499 -0.00181925622394
0.51289608768 -0.00182752819559
0.513160320861 -0.00183561967131
0.513424554042 -0.00184352586663
0.513688787223 -0.00185124200474
0.513953020404 -0.00185876489593
0.514217253585 -0.00186609037117
0.514481486767 -0.00187321450544
0.514745719948 -0.00188013383137
0.515009953129 -0.00188684455077
0.51527418631 -0.00189334245664
0.515538419491 -0.00189962360059
0.515802652672 -0.00190568393828
0.516066885853 -0.00191151948924
0.516331119034 -0.00191712838343
0.516595352215 -0.00192251160751
0.516859585396 -0.00192766867456
0.517123818577 -0.00193259658504
0.517388051758 -0.00193729198401
0.51765228494 -0.00194175214551
0.517916518121 -0.00194597232361
0.518180751302 -0.00194994784293
0.518444984483 -0.00195367509146
0.518709217664 -0.0019571504138
0.518973450845 -0.00196036991148
0.519237684026 -0.00196332956239
0.519501917207 -0.00196602543469
0.519766150388 -0.00196845727394
0.520030383569 -0.00197062817892
0.52029461675 -0.00197253572557
0.520558849931 -0.00197417656053
0.520823083113 -0.00197554870108
0.521087316294 -0.00197664802579
0.521351549475 -0.00197747006523
0.521615782656 -0.0019780096343
0.521880015837 -0.00197826050867
0.522144249018 -0.00197821722647
0.522408482199 -0.00197787335476
0.52267271538 -0.00197722633121
0.522936948561 -0.00197627241932
0.523201181742 -0.00197500768203
0.523465414923 -0.00197342834294
0.523729648104 -0.00197153204823
0.523993881286 -0.0019693155426
0.524258114467 -0.0019667710788
0.524522347648 -0.00196389384086
0.524786580829 -0.00196067995316
0.52505081401 -0.00195712817217
0.525315047191 -0.00195323655369
0.525579280372 -0.0019490041129
0.525843513553 -0.00194442818059
0.526107746734 -0.00193950427041
0.526371979915 -0.00193422924616
0.526636213096 -0.00192860459747
0.526900446277 -0.00192262977476
0.527164679459 -0.00191630400607
0.52742891264 -0.00190962597937
0.527693145821 -0.00190259693625
0.527957379002 -0.00189521736352
0.528221612183 -0.00188748599331
0.528485845364 -0.00187940544932
0.528750078545 -0.00187097926544
0.529014311726 -0.00186221301595
