0.000812182741117 0
0.00107753805969 0
0.00134289337825 0
0.00160824869682 0
0.00187360401539 0
0.00213895933396 0
0.00240431465253 0
0.0026696699711 0
0.00293502528967 0
0.00320038060824 0
0.00346573592681 0
0.00373109124537 0
0.00399644656394 0
0.00426180188251 0
0.00452715720108 0
0.00479251251965 0
0.00505786783822 0
0.00532322315679 0
0.00558857847536 0
0.00585393379393 0
0.00611928911249 0
0.00638464443106 0
0.00664999974963 0
0.0069153550682 0
0.00718071038677 0
0.00744606570534 0
0.00771142102391 0
0.00797677634248 0
0.00824213166105 0
0.00850748697962 0
0.00877284229818 0
0.00903819761675 0
0.00930355293532 0
0.00956890825389 0
0.00983426357246 0
0.010099618891 0
0.0103649742096 0
0.0106303295282 0
0.0108956848467 0
0.0111610401653 0
0.0114263954839 0
0.0116917508024 0
0.011957106121 0
0.0122224614396 0
0.0124878167581 0
0.0127531720767 0
0.0130185273953 0
0.0132838827139 0
0.0135492380324 0
0.013814593351 0
0.0140799486696 0
0.0143453039881 -1.42227051763e-06
0.0146106593067 -2.7624255472e-06
0.0148760146253 -4.02152501728e-06
0.0151413699438 -5.20084308776e-06
0.0154067252624 -6.30271535366e-06
0.015672080581 -7.32806514065e-06
0.0159374358995 -8.2776543566e-06
0.0162027912181 -9.15209410464e-06
0.0164681465367 -9.9523340649e-06
0.0167335018553 -1.06795209408e-05
0.0169988571738 -1.13344252541e-05
0.0172642124924 -1.19181500662e-05
0.017529567811 -1.24319483443e-05
0.0177949231295 -1.28763515746e-05
0.0180602784481 -1.32515886866e-05
0.0183256337667 -1.35579683896e-05
0.0185909890852 -1.37959296946e-05
0.0188563444038 -1.39654415182e-05
0.0191216997224 -1.40663115872e-05
0.0193870550409 -1.40983046174e-05
0.0196524103595 -1.40610121445e-05
0.0199177656781 -1.39548939629e-05
0.0201831209966 -1.37797355489e-05
0.0204484763152 -1.35349391692e-05
0.0207138316338 -1.32196364598e-05
0.0209791869524 -1.28335716619e-05
0.0212445422709 -1.23760186944e-05
0.0215098975895 -1.18462229643e-05
0.0217752529081 -1.12436793552e-05
0.0220406082266 -1.05677317516e-05
0.0223059635452 -9.81791482761e-06
0.0225713188638 -8.99424841187e-06
0.0228366741823 -8.09611647272e-06
0.0231020295009 -7.12264368704e-06
0.0233673848195 -6.07312237266e-06
0.023632740138 -4.94683524247e-06
0.0238980954566 -3.74234890532e-06
0.0241634507752 -2.45822269052e-06
0.0244288060937 -1.09322495294e-06
0.0246941614123 3.5389091159e-07
0.0249595167309 1.88411664488e-06
0.0252248720495 3.49841571616e-06
0.025490227368 5.19780195576e-06
0.0257555826866 6.98355323382e-06
0.0260209380052 8.85685661101e-06
0.0262862933237 1.08187091712e-05
0.0265516486423 1.28714269059e-05
0.0268170039609 1.5016296639e-05
0.0270823592794 1.7254953781e-05
0.027347714598 1.95885229588e-05
0.0276130699166 2.20188255426e-05
0.0278784252351 2.454762817e-05
0.0281437805537 2.71751293903e-05
0.0284091358723 2.9902515755e-05
0.0286744911909 3.27325909981e-05
0.0289398465094 3.56674690996e-05
0.029205201828 3.87081577812e-05
0.0294705571466 4.18554590286e-05
0.0297359124651 4.51115907141e-05
0.0300012677837 4.84784130659e-05
0.0302666231023 5.19568056142e-05
0.0305319784208 5.55469638888e-05
0.0307973337394 5.92478533158e-05
0.031062689058 6.30594022432e-05
0.0313280443765 6.69793285965e-05
0.0315933996951 7.10091646786e-05
0.0318587550137 7.5151855884e-05
0.0321241103322 7.94072822706e-05
0.0323894656508 8.37766366343e-05
0.0326548209694 8.82604781357e-05
0.032920176288 9.28586778274e-05
0.0331855316065 9.75728183073e-05
0.0334508869251 0.000102404650371
0.0337162422437 0.000107356698784
0.0339815975622 0.00011243074807
0.0342469528808 0.000117629833791
0.0345123081994 0.000122956258682
0.0347776635179 0.000128412262304
0.0350430188365 0.000133993572974
0.0353083741551 0.000139699819375
0.0355737294736 0.000145531427131
0.0358390847922 0.000151488642091
0.0361044401108 0.000157573657748
0.0363697954294 0.000163786819371
0.0366351507479 0.000170127741342
0.0369005060665 0.000176595678339
0.0371658613851 0.000183191283921
0.0374312167036 0.000189914507123
0.0376965720222 0.000196764259256
0.0379619273408 0.000203740167723
0.0382272826593 0.000210842645638
0.0384926379779 0.000218071245544
0.0387579932965 0.000225424007651
0.039023348615 0.000232898573843
0.0392887039336 0.000240492412291
0.0395540592522 0.000248205322541
0.0398194145707 0.000256033951489
0.0400847698893 0.000263974205011
0.0403501252079 0.000272021305745
0.0406154805265 0.000280170731599
0.040880835845 0.000288416352832
0.0411461911636 0.000296750713752
0.0414115464822 0.000305167092858
0.0416769018007 0.000313658842022
0.0419422571193 0.000322220052773
0.0422076124379 0.000330847251059
0.0424729677564 0.000339532899961
0.042738323075 0.000348268074121
0.0430036783936 0.000357043844588
0.0432690337121 0.000365850885432
0.0435343890307 0.000374679837262
0.0437997443493 0.000383521396886
0.0440650996678 0.000392365973541
0.0443304549864 0.000401203688572
0.044595810305 0.000410025050505
0.0448611656236 0.00041882280025
0.0451265209421 0.000427588511123
0.0453918762607 0.000436312597626
0.0456572315793 0.000444985548741
0.0459225868978 0.000453596954117
0.0461879422164 0.000462137765817
0.046453297535 0.000470599755629
0.0467186528535 0.000478975538439
0.0469840081721 0.000487257747757
0.0472493634907 0.000495439983105
0.0475147188092 0.000503516550875
0.0477800741278 0.000511486621558
0.0480454294464 0.000519346670856
0.048310784765 0.00052709338809
0.0485761400835 0.000534723706653
0.0488414954021 0.000542235156917
0.0491068507207 0.000549626078485
0.0493722060392 0.000556895085783
0.0496375613578 0.000564040879791
0.0499029166764 0.000571062644519
0.0501682719949 0.000577715550493
0.0504336273135 0.000584324535118
0.0506989826321 0.000590803608975
0.0509643379506 0.000597150799584
0.0512296932692 0.000603379918179
0.0514950485878 0.000609507169859
0.0517604039063 0.000615546351571
0.0520257592249 0.000621506722274
0.0522911145435 0.000627395359034
0.0525564698621 0.000633217651977
0.0528218251806 0.000638976888197
0.0530871804992 0.000644674333969
0.0533525358178 0.000650309455162
0.0536178911363 0.000655880846425
0.0538832464549 0.000661385726576
0.0541486017735 0.000666820913792
0.054413957092 0.000672183080302
0.0546793124106 0.000677467566323
0.0549446677292 0.000682669542253
0.0552100230477 0.00068778418712
0.0554753783663 0.000692806614375
0.0557407336849 0.000697732303012
0.0560060890034 0.000702557104519
0.056271444322 0.000707277297406
0.0565367996406 0.000711889538411
0.0568021549592 0.000716391875205
0.0570675102777 0.000720782406205
0.0573328655963 0.000725059630464
0.0575982209149 0.000729222373292
0.0578635762334 0.000733269864764
0.058128931552 0.000737201902867
0.0583942868706 0.00074101854698
0.0586596421891 0.000744720145215
0.0589249975077 0.000748307231076
0.0591903528263 0.000751780724278
0.0594557081448 0.000755141702386
0.0597210634634 0.000758391491822
0.059986418782 0.000761532300124
0.0602517741006 0.000764566186802
0.0605171294191 0.000767495344814
0.0607824847377 0.000770321996753
0.0610478400563 0.000773047969802
0.0613131953748 0.000775675118364
0.0615785506934 0.000778205459314
0.061843906012 0.000780640798863
0.0621092613305 0.000782982822315
0.0623746166491 0.00078523320686
0.0626399719677 0.00078739357786
0.0629053272862 0.00078946549662
0.0631706826048 0.00079145078601
0.0634360379234 0.000793351416463
0.0637013932419 0.000795168818348
0.0639667485605 0.000796904400975
0.0642321038791 0.000798559433742
0.0644974591977 0.000800135097129
0.0647628145162 0.000801632435955
0.0650281698348 0.000803052516734
0.0652935251534 0.000804396491342
0.0655588804719 0.000805665366626
0.0658242357905 0.000806859878482
0.0660895911091 0.000807980689597
0.0663549464276 0.000809028298897
0.0666203017462 0.000810003213315
0.0668856570648 0.000810907000731
0.0671510123833 0.000811740967563
0.0674163677019 0.000812506097822
0.0676817230205 0.000813202876846
0.0679470783391 0.000813831806474
0.0682124336576 0.000814393303209
0.0684777889762 0.00081488766465
0.0687431442948 0.000815315461487
0.0690084996133 0.000815676914792
0.0692738549319 0.000815971943664
0.0695392102505 0.000816200768276
0.069804565569 0.00081636358351
0.0700699208876 0.000816460477134
0.0703352762062 0.000816492461688
0.0706006315247 0.000816460109447
0.0708659868433 0.000816363867685
0.0711313421619 0.000816204251853
0.0713966974804 0.000815981122435
0.071662052799 0.000815694380126
0.0719274081176 0.000815344734826
0.0721927634362 0.00081493253386
0.0724581187547 0.000814457525843
0.0727234740733 0.000813919621427
0.0729888293919 0.000813318064269
0.0732541847104 0.000812652297242
0.073519540029 0.000811922736825
0.0737848953476 0.000811129587071
0.0740502506661 0.000810272799144
0.0743156059847 0.000809351914237
0.0745809613033 0.000808366851321
0.0748463166218 0.000807317884609
0.0751116719404 0.000806205378045
0.075377027259 0.000805029439255
0.0756423825775 0.000803789341393
0.0759077378961 0.000802485512948
0.0761730932147 0.000801119094423
0.0764384485333 0.000799690843584
0.0767038038518 0.00079820109023
0.0769691591704 0.000796649115694
0.077234514489 0.000795035309381
0.0774998698075 0.000793360099704
0.0777652251261 0.000791624065551
0.0780305804447 0.000789827991965
0.0782959357632 0.000787971772378
0.0785612910818 0.000786056599207
0.0788266464004 0.000784083408658
0.0790920017189 0.000782052862696
0.0793573570375 0.000779965284208
0.0796227123561 0.000777820569131
0.0798880676747 0.000775620119324
0.0801534229932 0.000773365016787
0.0804187783118 0.000771057642345
0.0806841336304 0.000768698813141
0.0809494889489 0.000766289093416
0.0812148442675 0.000763829779103
0.0814801995861 0.00076132257329
0.0817455549046 0.000758768704593
0.0820109102232 0.000756169434902
0.0822762655418 0.000753526169816
0.0825416208603 0.000750839595633
0.0828069761789 0.000748110933171
0.0830723314975 0.00074534204368
0.083337686816 0.000742534785016
0.0836030421346 0.000739689903994
0.0838683974532 0.000736809553373
0.0841337527718 0.000733895742076
0.0843991080903 0.000730951049597
0.0846644634089 0.000727977641665
0.0849298187275 0.000724977636303
0.085195174046 0.000721953226811
0.0854605293646 0.000718907176295
0.0857258846832 0.000715842298263
0.0859912400017 0.00071276073185
0.0862565953203 0.00070966484264
0.0865219506389 0.000706556475899
0.0867873059574 0.000703437999949
0.087052661276 0.000700311373041
0.0873180165946 0.000697178914758
0.0875833719131 0.000694043228932
0.0878487272317 0.000690907135896
0.0881140825503 0.000687773844175
0.0883794378689 0.000684645645679
0.0886447931874 0.000681524518329
0.088910148506 0.000678412691799
0.0891755038246 0.000675312599121
0.0894408591431 0.000672226825608
0.0897062144617 0.000669157385728
0.0899715697803 0.000666105380558
0.0902369250988 0.00066307222704
0.0905022804174 0.00066005927184
0.090767635736 0.000657067197635
0.0910329910545 0.000654096404053
0.0912983463731 0.000651148040013
0.0915637016917 0.000648223074692
0.0918290570103 0.000645322562025
0.0920944123288 0.000642447621181
0.0923597676474 0.000639599362841
0.092625122966 0.000636778791578
0.0928904782845 0.000633986830286
0.0931558336031 0.000631223549375
0.0934211889217 0.000628488924155
0.0936865442402 0.000625783446048
0.0939518995588 0.000623107364813
0.0942172548774 0.000620461167451
0.0944826101959 0.000617845360213
0.0947479655145 0.000615260603802
0.0950133208331 0.000612707488645
0.0952786761516 0.000610186547551
0.0955440314702 0.000607698109484
0.0958093867888 0.000605242874138
0.0960747421074 0.000602822219765
0.0963400974259 0.00060043817092
0.0966054527445 0.000598092230966
0.0968708080631 0.000595785480086
0.0971361633816 0.000593519037979
0.0974015187002 0.00059129380108
0.0976668740188 0.000589110225719
0.0979322293373 0.000586968580569
0.0981975846559 0.000584869566046
0.0984629399745 0.000582813831075
0.098728295293 0.000580802060394
0.0989936506116 0.000578835035251
0.0992590059302 0.000576913353818
0.0995243612487 0.000575037433483
0.0997897165673 0.000573207636285
0.100055071886 0.000571077384113
0.100320427204 0.0005689671024
0.100585782523 0.000566828234157
0.100851137842 0.000564670915816
0.10111649316 0.00056251136868
0.101381848479 0.000560359770837
0.101647203797 0.000558221960668
0.101912559116 0.000556102180028
0.102177914434 0.000554003203972
0.102443269753 0.000551927041231
0.102708625072 0.00054987548035
0.10297398039 0.000547849480305
0.103239335709 0.000545849733604
0.103504691027 0.000543876831107
0.103770046346 0.000541930703234
0.104035401664 0.000540011454954
0.104300756983 0.000538119212711
0.104566112302 0.000536253920862
0.10483146762 0.000534415209638
0.105096822939 0.00053260252394
0.105362178257 0.00053081557367
0.105627533576 0.000529053576688
0.105892888894 0.000527315496022
0.106158244213 0.00052560061917
0.106423599532 0.000523908472797
0.10668895485 0.000522238638844
0.106954310169 0.000520590844026
0.107219665487 0.000518964834442
0.107485020806 0.000517360103581
0.107750376124 0.000515775914548
0.108015731443 0.00051421234175
0.108281086762 0.000512669455348
0.10854644208 0.000511147618775
0.108811797399 0.000509646775853
0.109077152717 0.000508167307452
0.109342508036 0.000506709593106
0.109607863354 0.000505274270358
0.109873218673 0.000503862039504
0.110138573992 0.000502473776958
0.11040392931 0.000501109580834
0.110669284629 0.000499770125612
0.110934639947 0.00049845653566
0.111199995266 0.00049716981914
0.111465350584 0.000495911135701
0.111730705903 0.000494681718117
0.111996061221 0.000493482631537
0.11226141654 0.000492315319155
0.112526771859 0.000491181183738
0.112792127177 0.000490081830326
0.113057482496 0.000489018816914
0.113322837814 0.000487993730601
0.113588193133 0.000487008096195
0.113853548451 0.00048606297034
0.11411890377 0.000485159052074
0.114384259089 0.000484297952258
0.114649614407 0.000483481238433
0.114914969726 0.000482710456061
0.115180325044 0.000481986882833
0.115445680363 0.000481311788434
0.115711035681 0.000480686685575
0.115976391 0.000480113104738
0.116241746319 0.000479592240289
0.116507101637 0.000479125378724
0.116772456956 0.000478714080607
0.117037812274 0.00047835993501
0.117303167593 0.000478064648878
0.117568522911 0.000477828637197
0.11783387823 0.000477653320147
0.118099233549 0.000477540591109
0.118364588867 0.000477492558087
0.118629944186 0.00047751103674
0.118895299504 0.000477597418484
0.119160654823 0.000477753426001
0.119426010141 0.00047798082757
0.11969136546 0.000478281382847
0.119956720779 0.000478656815568
0.120222076097 0.000479108946781
0.120487431416 0.00047963945401
0.120752786734 0.00048024943564
0.121018142053 0.000480939959553
0.121283497371 0.000481712591892
0.12154885269 0.000482569098106
0.121814208009 0.000483511135782
0.122079563327 0.000484540675744
0.122344918646 0.000485660239126
0.122610273964 0.000486871899746
0.122875629283 0.000488177729042
0.123140984601 0.000489579868826
0.12340633992 0.000491080272637
0.123671695239 0.000492680079898
0.123937050557 0.000494380898529
0.124202405876 0.000496184682589
0.124467761194 0.000498093231441
0.124733116513 0.000500108187304
0.124998471831 0.000502231828595
0.12526382715 0.00050446656661
0.125529182469 0.000506814524902
0.125794537787 0.000509277814881
0.126059893106 0.000511858256952
0.126325248424 0.000514556212894
0.126590603743 0.000517373338342
0.126855959061 0.000520311456397
0.12712131438 0.000523372661537
0.127386669698 0.000526559833798
0.127652025017 0.000529874083653
0.127917380336 0.000533317215499
0.128182735654 0.000536891130318
0.128448090973 0.000540596319691
0.128713446291 0.000544434630821
0.12897880161 0.000548405847112
0.129244156928 0.000552511691117
0.129509512247 0.000556754469123
0.129774867566 0.000561131191001
0.130040222884 0.000565641750818
0.130305578203 0.00057028644577
0.130570933521 0.000575066555172
0.13083628884 0.000579984761377
0.131101644158 0.000585040886694
0.131366999477 0.000590236390611
0.131632354796 0.000595574261396
0.131897710114 0.000601055941823
0.132163065433 0.000606681347164
0.132428420751 0.000612453205491
0.13269377607 0.000618371286476
0.132959131388 0.000624432218432
0.133224486707 0.00063063741748
0.133489842026 0.000636987124897
0.133755197344 0.000643482338237
0.134020552663 0.000650121056162
0.134285907981 0.000656899217652
0.1345512633 0.000663817244032
0.134816618618 0.000670875110377
0.135081973937 0.00067807189705
0.135347329256 0.000685406061329
0.135612684574 0.000692876128216
0.135878039893 0.000700482801817
0.136143395211 0.000708226681691
0.13640875053 0.000716104391066
0.136674105848 0.000724112832297
0.136939461167 0.000732248830427
0.137204816486 0.000740509298226
0.137470171804 0.000748892524787
0.137735527123 0.00075739486411
0.138000882441 0.000766011442219
0.13826623776 0.000774736979741
0.138531593078 0.000783564400559
0.138796948397 0.000792485598673
0.139062303716 0.000801494347733
0.139327659034 0.000810583493216
0.139593014353 0.000819744790837
0.139858369671 0.000828972663245
0.14012372499 0.000838259889612
0.140389080308 0.000847598498611
0.140654435627 0.00085697984329
0.140919790945 0.000866394584862
0.141185146264 0.000875833484381
0.141450501583 0.000885287283781
0.141715856901 0.000894746389063
0.14198121222 0.000904201250832
0.142246567538 0.000913642572669
0.142511922857 0.000923062895534
0.142777278175 0.000932450668309
0.143042633494 0.000941795649561
0.143307988813 0.00095108851592
0.143573344131 0.000960320646548
0.14383869945 0.000969483815049
0.144104054768 0.000978570416497
0.144369410087 0.000987573613656
0.144634765405 0.000996486858395
0.144900120724 0.00100530724614
0.145165476043 0.00101402983455
0.145430831361 0.00102264960084
0.14569618668 0.0010311619922
0.145961541998 0.00103956299657
0.146226897317 0.00104784897707
0.146492252635 0.00105601737574
0.146757607954 0.00106406627742
0.147022963273 0.00107199394467
0.147288318591 0.00107979924525
0.14755367391 0.00108748274908
0.147819029228 0.00109504418461
0.148084384547 0.00110248370332
0.148349739865 0.00110980201189
0.148615095184 0.00111700004625
0.148880450503 0.00112407936459
0.149145805821 0.00113104200415
0.14941116114 0.00113788985797
0.149676516458 0.00114462495151
0.149941871777 0.00115124932408
0.150207227095 0.00115751828157
0.150472582414 0.00116376634642
0.150737937733 0.00116990545874
0.151003293051 0.00117593405147
0.15126864837 0.00118186662955
0.151534003688 0.00118772074024
0.151799359007 0.00119350941081
0.152064714325 0.00119924248355
0.152330069644 0.00120492737184
0.152595424963 0.0012105692322
0.152860780281 0.00121617094152
0.1531261356 0.00122173346691
0.153391490918 0.00122725659614
0.153656846237 0.0012327385014
0.153922201555 0.00123817780667
0.154187556874 0.00124357084746
0.154452912193 0.00124891301375
0.154718267511 0.00125419928241
0.15498362283 0.00125942444158
0.155248978148 0.00126458318063
0.155514333467 0.00126967039756
0.155779688785 0.00127468125067
0.156045044104 0.00127961156145
0.156310399422 0.00128445762017
0.156575754741 0.00128921602722
0.15684111006 0.00129388367274
0.157106465378 0.0012984579431
0.157371820697 0.00130293686254
0.157637176015 0.00130731874076
0.157902531334 0.00131160231372
0.158167886652 0.00131578673827
0.158433241971 0.00131987150443
0.15869859729 0.00132385646308
0.158963952608 0.00132774254333
0.159229307927 0.00133153113834
0.159494663245 0.00133522305832
0.159760018564 0.00133881923569
0.160025373882 0.00134232061729
0.160290729201 0.00134572854528
0.16055608452 0.00134904423647
0.160821439838 0.00135226874223
0.161086795157 0.00135540320223
0.161352150475 0.00135844861649
0.161617505794 0.00136140602878
0.161882861112 0.00136427670885
0.162148216431 0.00136706260331
0.16241357175 0.00136976498242
0.162678927068 0.00137238496693
0.162944282387 0.00137492341275
0.163209637705 0.00137738102238
0.163474993024 0.00137975865694
0.163740348342 0.00138205716351
0.164005703661 0.00138427736343
0.16427105898 0.00138641998197
0.164536414298 0.00138848566404
0.164801769617 0.00139047496189
0.165067124935 0.00139238837214
0.165332480254 0.00139422683158
0.165597835572 0.0013959915696
0.165863190891 0.00139768384466
0.16612854621 0.00139930419156
0.166393901528 0.00140085304656
0.166659256847 0.00140233081023
0.166924612165 0.00140373791407
0.167189967484 0.00140507472364
0.167455322802 0.00140634184522
0.167720678121 0.00140753957295
0.16798603344 0.00140866820394
0.168251388758 0.00140972813544
0.168516744077 0.00141071957614
0.168782099395 0.00141164283691
0.169047454714 0.00141249863235
0.169312810032 0.0014132873884
0.169578165351 0.00141400951446
0.16984352067 0.00141466540247
0.170108875988 0.00141525558288
0.170374231307 0.00141578035621
0.170639586625 0.00141624045683
0.170904941944 0.00141663621707
0.171170297262 0.00141696719657
0.171435652581 0.00141723339222
0.171701007899 0.00141743476543
0.171966363218 0.0014175721111
0.172231718537 0.00141764606875
0.172497073855 0.00141765637889
0.172762429174 0.001417603094
0.173027784492 0.0014174855467
0.173293139811 0.00141730366725
0.173558495129 0.00141705703021
0.173823850448 0.00141674515226
0.174089205767 0.00141636796048
0.174354561085 0.00141592585791
0.174619916404 0.00141541937016
0.174885271722 0.00141484885907
0.175150627041 0.00141421445548
0.175415982359 0.00141351683542
0.175681337678 0.00141275656116
0.175946692997 0.00141193395753
0.176212048315 0.00141104806282
0.176477403634 0.00141009901693
0.176742758952 0.00140908730766
0.177008114271 0.00140801354037
0.177273469589 0.0014068795789
0.177538824908 0.00140568552692
0.177804180227 0.00140443191187
0.178069535545 0.00140311944791
0.178334890864 0.00140174836654
0.178600246182 0.00140031939216
0.178865601501 0.00139883230912
0.179130956819 0.0013972884068
0.179396312138 0.001395689334
0.179661667457 0.00139403688263
0.179927022775 0.00139233150849
0.180192378094 0.0013905740372
0.180457733412 0.00138876571548
0.180723088731 0.00138690839472
0.180988444049 0.00138500331649
0.181253799368 0.00138305114061
0.181519154687 0.00138105360372
0.181784510005 0.00137901158636
0.182049865324 0.00137692611336
0.182315220642 0.00137479925279
0.182580575961 0.00137263290725
0.182845931279 0.0013704279756
0.183111286598 0.00136818621947
0.183376641917 0.00136590928463
0.183641997235 0.00136359922823
0.183907352554 0.00136125808329
0.184172707872 0.00135888771628
0.184438063191 0.00135649044852
0.184703418509 0.00135406851107
0.184968773828 0.00135162500952
0.185234129147 0.00134916212925
0.185499484465 0.0013466822728
0.185764839784 0.00134418720749
0.186030195102 0.00134167939507
0.186295550421 0.00133916074292
0.186560905739 0.00133663328549
0.186826261058 0.00133409911532
0.187091616376 0.00133156046758
0.187356971695 0.00132901980671
0.187622327014 0.00132647925906
0.187887682332 0.00132394089149
0.188153037651 0.00132140640675
0.188418392969 0.00131887669071
0.188683748288 0.00131635310209
0.188949103606 0.00131383668927
0.189214458925 0.0013113289927
0.189479814244 0.00130883112737
0.189745169562 0.00130634377913
0.190010524881 0.001303867161
0.190275880199 0.00130140191264
0.190541235518 0.00129894881291
0.190806590836 0.00129650872784
0.191071946155 0.00129408238399
0.191337301474 0.00129167036467
0.191602656792 0.00128927302669
0.191868012111 0.00128688953414
0.192133367429 0.00128452050078
0.192398722748 0.00128216633652
0.192664078066 0.00127982732545
0.192929433385 0.0012775035375
0.193194788704 0.00127519529801
0.193460144022 0.00127290306459
0.193725499341 0.00127062744799
0.193990854659 0.00126836911781
0.194256209978 0.00126612882958
0.194521565296 0.00126390680943
0.194786920615 0.00126170471619
0.195052275934 0.00125952548298
0.195317631252 0.00125737059615
0.195582986571 0.0012552415302
0.195848341889 0.00125313921087
0.196113697208 0.00125106407287
0.196379052526 0.00124901605974
0.196644407845 0.00124699584524
0.196909763164 0.00124500408164
0.197175118482 0.00124304174599
0.197440473801 0.00124111003364
0.197705829119 0.00123920960771
0.197971184438 0.00123734087946
0.198236539756 0.00123550410717
0.198501895075 0.00123369995644
0.198767250394 0.00123192919349
0.199032605712 0.00123019253409
0.199297961031 0.00122849069128
0.199563316349 0.00122682428562
0.199828671668 0.00122519387306
0.200094026986 0.00122325585017
0.200359382305 0.00122132854518
0.200624737624 0.0012193635934
0.200890092942 0.00121737101151
0.201155448261 0.00121536752907
0.201420803579 0.00121336351247
0.201686158898 0.0012113655005
0.201951514216 0.00120937802946
0.202216869535 0.00120740435164
0.202482224853 0.00120544694449
0.202747580172 0.00120350792497
0.203012935491 0.00120158896845
0.203278290809 0.00119969089951
0.203543646128 0.00119781452515
0.203809001446 0.00119596021091
0.204074356765 0.00119412815159
0.204339712083 0.00119231847946
0.204605067402 0.00119053122164
0.204870422721 0.00118876621362
0.205135778039 0.00118702308382
0.205401133358 0.00118530163192
0.205666488676 0.0011836014509
0.205931843995 0.00118192156169
0.206197199313 0.00118026088965
0.206462554632 0.00117861900027
0.206727909951 0.00117699547288
0.206993265269 0.00117538999728
0.207258620588 0.00117380235386
0.207523975906 0.00117223249292
0.207789331225 0.00117067987731
0.208054686543 0.00116914424908
0.208320041862 0.00116762575813
0.208585397181 0.00116612482595
0.208850752499 0.00116464200749
0.209116107818 0.00116317742894
0.209381463136 0.00116173175339
0.209646818455 0.00116030561472
0.209912173773 0.00115889974736
0.210177529092 0.00115751511212
0.210442884411 0.00115615271019
0.210708239729 0.00115481267017
0.210973595048 0.00115349607018
0.211238950366 0.00115220407091
0.211504305685 0.00115093784279
0.211769661003 0.00114969872285
0.212035016322 0.00114848772637
0.212300371641 0.00114730606921
0.212565726959 0.0011461554085
0.212831082278 0.00114503746559
0.213096437596 0.00114395391983
0.213361792915 0.00114290636387
0.213627148233 0.00114189643105
0.213892503552 0.00114092575709
0.214157858871 0.00113999511257
0.214423214189 0.00113910557511
0.214688569508 0.00113825876966
0.214953924826 0.00113745631565
0.215219280145 0.00113669985482
0.215484635463 0.00113599063027
0.215749990782 0.00113533004763
0.216015346101 0.0011347196819
0.216280701419 0.00113416105322
0.216546056738 0.00113365533374
0.216811412056 0.00113320403045
0.217076767375 0.00113280873568
0.217342122693 0.00113247119626
0.217607478012 0.00113219268374
0.21787283333 0.00113197388651
0.218138188649 0.00113181631509
0.218403543968 0.00113172204638
0.218668899286 0.00113169322503
0.218934254605 0.00113173145143
0.219199609923 0.00113183822145
0.219464965242 0.00113201534917
0.21973032056 0.0011322646314
0.219995675879 0.00113258786808
0.220261031198 0.0011329868586
0.220526386516 0.0011334634195
0.220791741835 0.0011340192068
0.221057097153 0.00113465491661
0.221322452472 0.00113537211775
0.22158780779 0.00113617247982
0.221853163109 0.00113705770985
0.222118518428 0.00113802942014
0.222383873746 0.00113909029586
0.222649229065 0.00114024250075
0.222914584383 0.00114148816135
0.223179939702 0.00114282948499
0.22344529502 0.00114426843675
0.223710650339 0.00114580660138
0.223976005658 0.0011474451842
0.224241360976 0.00114918612958
0.224506716295 0.00115103141905
0.224772071613 0.0011529826038
0.225037426932 0.00115504167744
0.22530278225 0.00115721125553
0.225568137569 0.00115949356178
0.225833492888 0.00116189075677
0.226098848206 0.00116440484921
0.226364203525 0.00116703628647
0.226629558843 0.00116978655948
0.226894914162 0.00117265755035
0.22716026948 0.0011756512397
0.227425624799 0.00117877033331
0.227690980118 0.00118201641374
0.227956335436 0.00118539118473
0.228221690755 0.00118889668212
0.228487046073 0.00119253340688
0.228752401392 0.00119630326298
0.22901775671 0.00120020625352
0.229283112029 0.00120424357867
0.229548467348 0.00120841739842
0.229813822666 0.00121272521443
0.230079177985 0.00121716713073
0.230344533303 0.00122174343375
0.230609888622 0.00122645548968
0.23087524394 0.00123130581516
0.231140599259 0.00123629446741
0.231405954577 0.00124142288297
0.231671309896 0.00124669426731
0.231936665215 0.00125211028213
0.232202020533 0.00125767088793
0.232467375852 0.00126337878486
0.23273273117 0.00126923342187
0.232998086489 0.00127523152455
0.233263441807 0.00128137494767
0.233528797126 0.00128766401363
0.233794152445 0.00129409969402
0.234059507763 0.00130067969544
0.234324863082 0.00130740055702
0.2345902184 0.00131426264109
0.234855573719 0.00132126611486
0.235120929037 0.00132841012546
0.235386284356 0.00133569304038
0.235651639675 0.00134311395629
0.235916994993 0.00135067342345
0.236182350312 0.00135837189861
0.23644770563 0.00136620601667
0.236713060949 0.00137417294318
0.236978416267 0.00138226951813
0.237243771586 0.00139049273847
0.237509126905 0.00139884096395
0.237774482223 0.00140731054107
0.238039837542 0.0014158966955
0.23830519286 0.00142459399351
0.238570548179 0.00143339479722
0.238835903497 0.00144229180531
0.239101258816 0.00145127872793
0.239366614135 0.00146034837921
0.239631969453 0.00146949209167
0.239897324772 0.00147870480147
0.24016268009 0.0014879791251
0.240428035409 0.00149730705664
0.240693390727 0.0015066798629
0.240958746046 0.00151608827524
0.241224101365 0.00152552302846
0.241489456683 0.00153497470453
0.241754812002 0.00154443366684
0.24202016732 0.00155389017148
0.242285522639 0.00156333521473
0.242550877957 0.00157276087185
0.242816233276 0.00158215516907
0.243081588595 0.00159150816032
0.243346943913 0.00160081053435
0.243612299232 0.00161005353805
0.24387765455 0.00161922882596
0.244143009869 0.00162832873352
0.244408365187 0.00163734630233
0.244673720506 0.00164627491854
0.244939075825 0.00165511222346
0.245204431143 0.00166385246494
0.245469786462 0.00167249049647
0.24573514178 0.00168102158601
0.246000497099 0.00168944151067
0.246265852417 0.0016977465971
0.246531207736 0.00170593419937
0.246796563054 0.00171400220725
0.247061918373 0.00172194880473
0.247327273692 0.00172977313082
0.24759262901 0.00173747547149
0.247857984329 0.00174505531211
0.248123339647 0.00175251274112
0.248388694966 0.00175984841936
0.248654050284 0.00176706315334
0.248919405603 0.00177415882017
0.249184760922 0.00178113730088
0.24945011624 0.00178800045439
0.249715471559 0.00179475031295
0.249980826877 0.00180138876626
0.250246182196 0.00180767125313
0.250511537514 0.00181393260441
0.250776892833 0.00182008449004
0.251042248152 0.00182612522913
0.25130760347 0.00183206936474
0.251572958789 0.00183793436243
0.251838314107 0.00184373330019
0.252103669426 0.00184947614068
0.252369024744 0.00185517039337
0.252634380063 0.00186082134664
0.252899735382 0.00186643191755
0.2531650907 0.00187200320797
0.253430446019 0.00187753514632
0.253695801337 0.00188302593786
0.253961156656 0.00188847440719
0.254226511974 0.00189387670237
0.254491867293 0.0018992282554
0.254757222612 0.00190452409024
0.25502257793 0.00190975892535
0.255287933249 0.00191492750433
0.255553288567 0.00192002472599
0.255818643886 0.00192504580725
0.256083999204 0.00192998671334
0.256349354523 0.00193484363972
0.256614709842 0.00193961311241
0.25688006516 0.00194429200182
0.257145420479 0.00194887774696
0.257410775797 0.00195336833177
0.257676131116 0.00195776204664
0.257941486434 0.00196205763935
0.258206841753 0.00196625423643
0.258472197072 0.0019703513182
0.25873755239 0.00197434876067
0.259002907709 0.00197824807009
0.259268263027 0.00198205011935
0.259533618346 0.00198575570962
0.259798973664 0.00198936570381
0.260064328983 0.00199288110413
0.260329684302 0.0019963032723
0.26059503962 0.00199963331439
0.260860394939 0.00200287226949
0.261125750257 0.00200602127539
0.261391105576 0.00200908130704
0.261656460894 0.00201205340278
0.261921816213 0.00201493923923
0.262187171531 0.00201774044396
0.26245252685 0.00202045827229
0.262717882169 0.0020230937823
0.262983237487 0.00202564775266
0.263248592806 0.00202812096364
0.263513948124 0.00203051423238
0.263779303443 0.0020328284919
0.264044658761 0.00203506444773
0.26431001408 0.00203722286168
0.264575369399 0.00203930432653
0.264840724717 0.002041309384
0.265106080036 0.0020432385145
0.265371435354 0.00204509315213
0.265636790673 0.00204687438875
0.265902145991 0.00204858326608
0.26616750131 0.00205022022335
0.266432856629 0.00205178565995
0.266698211947 0.00205327999842
0.266963567266 0.00205470365094
0.267228922584 0.00205605708202
0.267494277903 0.00205734079679
0.267759633221 0.00205855506924
0.26802498854 0.00205970023687
0.268290343859 0.00206077664128
0.268555699177 0.00206178445044
0.268821054496 0.00206272445558
0.269086409814 0.0020635970538
0.269351765133 0.00206440267096
0.269617120451 0.00206514168882
0.26988247577 0.00206581452883
0.270147831089 0.00206642168128
0.270413186407 0.00206696344666
0.270678541726 0.00206744076298
0.270943897044 0.0020678535757
0.271209252363 0.00206820152882
0.271474607681 0.0020684845868
0.271739963 0.00206870289246
0.272005318319 0.00206885754593
0.272270673637 0.00206894890775
0.272536028956 0.0020689765849
0.272801384274 0.00206894060991
0.273066739593 0.00206884032891
0.273332094911 0.00206867566614
0.27359745023 0.00206844606648
0.273862805549 0.00206815123402
0.274128160867 0.00206779105364
0.274393516186 0.00206736605774
0.274658871504 0.00206687715183
0.274924226823 0.00206632411308
0.275189582141 0.00206570738778
0.27545493746 0.00206502761832
0.275720292779 0.00206428530224
0.275985648097 0.00206348056627
0.276251003416 0.00206261236925
0.276516358734 0.00206168113844
0.276781714053 0.00206068737053
0.277047069371 0.00205963218406
0.27731242469 0.00205851706732
0.277577780008 0.00205734183964
0.277843135327 0.00205610728659
0.278108490646 0.00205481395709
0.278373845964 0.0020534621664
0.278639201283 0.0020520525281
0.278904556601 0.00205058488025
0.27916991192 0.00204906100822
0.279435267238 0.0020474824073
0.279700622557 0.00204585076606
0.279965977876 0.00204416627769
0.280231333194 0.00204243003476
0.280496688513 0.00204064343394
0.280762043831 0.00203880842307
0.28102739915 0.00203692566933
0.281292754468 0.00203499626683
0.281558109787 0.00203302182236
0.281823465106 0.00203100319568
0.282088820424 0.00202894151219
0.282354175743 0.00202683915751
0.282619531061 0.00202469765659
0.28288488638 0.00202251795401
0.283150241698 0.00202030190567
0.283415597017 0.00201805113759
0.283680952336 0.00201576790403
0.283946307654 0.0020134540372
0.284211662973 0.00201111154274
0.284477018291 0.00200874274288
0.28474237361 0.00200635003469
0.285007728928 0.00200393646
0.285273084247 0.00200150397426
0.285538439566 0.00199905507658
0.285803794884 0.0019965913468
0.286069150203 0.00199411553394
0.286334505521 0.00199162938837
0.28659986084 0.00198913496715
0.286865216158 0.00198663433221
0.287130571477 0.00198412974214
0.287395926796 0.00198162363054
0.287661282114 0.00197911812794
0.287926637433 0.00197661515424
0.288191992751 0.0019741157675
0.28845734807 0.00197162135167
0.288722703388 0.00196913269528
0.288988058707 0.00196665119073
0.289253414026 0.00196417824864
0.289518769344 0.00196171483824
0.289784124663 0.00195926145998
0.290049479981 0.00195681847118
0.2903148353 0.00195438643772
0.290580190618 0.00195196630762
0.290845545937 0.00194955880131
0.291110901256 0.00194716460515
0.291376256574 0.00194478414583
0.291641611893 0.00194241716999
0.291906967211 0.00194006333537
0.29217232253 0.00193772345217
0.292437677848 0.00193539775864
0.292703033167 0.00193308641587
0.292968388485 0.00193078959084
0.293233743804 0.001928507607
0.293499099123 0.00192624105665
0.293764454441 0.00192399049779
0.29402980976 0.00192175663761
0.294295165078 0.00191954021482
0.294560520397 0.00191734131931
0.294825875715 0.00191516282378
0.295091231034 0.0019130070261
0.295356586353 0.00191087542504
0.295621941671 0.00190876924998
0.29588729699 0.00190668919819
0.296152652308 0.0019046356906
0.296418007627 0.00190260874737
0.296683362945 0.00190060903195
0.296948718264 0.00189863722091
0.297214073583 0.00189669455861
0.297479428901 0.00189478216462
0.29774478422 0.00189290049815
0.298010139538 0.00189104991004
0.298275494857 0.00188923079451
0.298540850175 0.00188744374494
0.298806205494 0.00188568964445
0.299071560813 0.0018839692427
0.299336916131 0.00188228324636
0.29960227145 0.0018806322362
0.299867626768 0.00187901641512
0.300132982087 0.00187709164203
0.300398337405 0.0018751769553
0.300663692724 0.00187322384574
0.300929048043 0.00187124237867
0.301194403361 0.00186924924109
0.30145975868 0.00186725477007
0.301725113998 0.00186526563484
0.301990469317 0.0018632864487
0.302255824635 0.00186132058749
0.302521179954 0.001859370509
0.302786535273 0.00185743839843
0.303051890591 0.0018555258963
0.30331724591 0.00185363384719
0.303582601228 0.00185176311433
0.303847956547 0.0018499140829
0.304113311865 0.00184808695029
0.304378667184 0.00184628189294
0.304644022503 0.00184449894067
0.304909377821 0.00184273798411
0.30517473314 0.0018409985994
0.305440088458 0.00183928062185
0.305705443777 0.00183758349839
0.305970799095 0.00183590630801
0.306236154414 0.00183424802724
0.306501509733 0.00183260827867
0.306766865051 0.00183098667059
0.30703222037 0.00182938288806
0.307297575688 0.00182779677264
0.307562931007 0.00182622828912
0.307828286325 0.00182467668513
0.308093641644 0.0018231419146
0.308358996962 0.00182162417134
0.308624352281 0.00182012391912
0.3088897076 0.00181864169545
0.309155062918 0.0018171775248
0.309420418237 0.00181573221711
0.309685773555 0.00181430632689
0.309951128874 0.00181290070745
0.310216484192 0.00181151630832
0.310481839511 0.00181015398891
0.31074719483 0.00180881395725
0.311012550148 0.00180749741743
0.311277905467 0.00180620550732
0.311543260785 0.00180493946868
0.311808616104 0.00180370062239
0.312073971422 0.00180248989999
0.312339326741 0.0018013087365
0.31260468206 0.00180015877406
0.312870037378 0.00179904176966
0.313135392697 0.00179795935485
0.313400748015 0.00179691314323
0.313666103334 0.00179590478521
0.313931458652 0.00179493586206
0.314196813971 0.00179400681995
0.31446216929 0.0017931191387
0.314727524608 0.00179227444282
0.314992879927 0.001791474376
0.315258235245 0.00179072055083
0.315523590564 0.00179001406671
0.315788945882 0.0017893565013
0.316054301201 0.00178874941969
0.31631965652 0.00178819425455
0.316585011838 0.00178769224081
0.316850367157 0.00178724495158
0.317115722475 0.00178685402357
0.317381077794 0.00178652118092
0.317646433112 0.00178624731037
0.317911788431 0.0017860334877
0.31817714375 0.00178588121167
0.318442499068 0.00178579283596
0.318707854387 0.00178577039746
0.318973209705 0.0017858152618
0.319238565024 0.00178592912545
0.319503920342 0.0017861138013
0.319769275661 0.00178637109405
0.32003463098 0.00178670279384
0.320299986298 0.00178711074417
0.320565341617 0.00178759671641
0.320830696935 0.001788162048
0.321096052254 0.00178880769361
0.321361407572 0.00178953527982
0.321626762891 0.00179034650201
0.321892118209 0.00179124306816
0.322157473528 0.00179222676876
0.322422828847 0.00179330029821
0.322688184165 0.00179446576843
0.322953539484 0.00179572530469
0.323218894802 0.00179708112072
0.323484250121 0.0017985351315
0.323749605439 0.00180008862758
0.324014960758 0.00180174311712
0.324280316077 0.00180350061881
0.324545671395 0.00180536296373
0.324811026714 0.00180733181912
0.325076382032 0.00180940933994
0.325341737351 0.00181159809434
0.325607092669 0.00181390026423
0.325872447988 0.0018163179995
0.326137803307 0.00181885305727
0.326403158625 0.00182150582383
0.326668513944 0.00182427805636
0.326933869262 0.00182717166526
0.327199224581 0.00183018866515
0.327464579899 0.00183333202599
0.327729935218 0.00183660277783
0.327995290537 0.00184000293628
0.328260645855 0.00184353418187
0.328526001174 0.00184719729065
0.328791356492 0.00185099390898
0.329056711811 0.00185492408967
0.329322067129 0.00185898934032
0.329587422448 0.00186319083559
0.329852777767 0.00186752699096
0.330118133085 0.00187199723027
0.330383488404 0.0018766024211
0.330648843722 0.00188134395772
0.330914199041 0.00188622483765
0.331179554359 0.00189124396213
0.331444909678 0.00189640388845
0.331710264997 0.00190170773539
0.331975620315 0.00190715606498
0.332240975634 0.00191274994659
0.332506330952 0.0019184917425
0.332771686271 0.00192437933581
0.333037041589 0.00193041105494
0.333302396908 0.00193658842614
0.333567752227 0.00194291175119
0.333833107545 0.00194938209595
0.334098462864 0.00195599554135
0.334363818182 0.00196274989138
0.334629173501 0.00196964593535
0.334894528819 0.00197668337833
0.335159884138 0.0019838612084
0.335425239457 0.00199117771663
0.335690594775 0.00199863256056
0.335955950094 0.00200622639514
0.336221305412 0.00201395864138
0.336486660731 0.00202182604028
0.336752016049 0.00202982565531
0.337017371368 0.00203795435717
0.337282726686 0.00204620899607
0.337548082005 0.00205458842258
0.337813437324 0.00206308815765
0.338078792642 0.00207170332379
0.338344147961 0.00208042800702
0.338609503279 0.00208925408596
0.338874858598 0.00209817507132
0.339140213916 0.00210718434623
0.339405569235 0.00211627445809
0.339670924554 0.00212543673194
0.339936279872 0.00213466679495
0.340201635191 0.00214395639912
0.340466990509 0.00215329763721
0.340732345828 0.00216268138408
0.340997701146 0.00217209840043
0.341263056465 0.00218153938949
0.341528411784 0.00219099481999
0.341793767102 0.00220045506318
0.342059122421 0.00220991021695
0.342324477739 0.00221935241327
0.342589833058 0.0022287719645
0.342855188376 0.00223815748845
0.343120543695 0.00224749918271
0.343385899014 0.0022567879326
0.343651254332 0.00226601505161
0.343916609651 0.00227517237602
0.344181964969 0.00228425231999
0.344447320288 0.00229324820205
0.344712675606 0.00230215451528
0.344978030925 0.00231096809029
0.345243386244 0.00231968317206
0.345508741562 0.00232829472639
0.345774096881 0.0023367981497
0.346039452199 0.00234518930792
0.346304807518 0.00235346478153
0.346570162836 0.002361622159
0.346835518155 0.00236965936408
0.347100873474 0.00237757472959
0.347366228792 0.00238536801434
0.347631584111 0.00239303912882
0.347896939429 0.00240058767391
0.348162294748 0.002408013948
0.348427650066 0.00241531863935
0.348693005385 0.00242250276494
0.348958360704 0.00242956844546
0.349223716022 0.00243651749851
0.349489071341 0.00244335181937
0.349754426659 0.00245007345554
0.350019781978 0.00245643890304
0.350285137296 0.00246278143675
0.350550492615 0.00246901264901
0.350815847934 0.00247513091333
0.351081203252 0.0024811509182
0.351346558571 0.00248709023185
0.351611913889 0.00249296227285
0.351877269208 0.00249877706838
0.352142624526 0.00250454225751
0.352407979845 0.0025102631629
0.352673335163 0.00251594294655
0.352938690482 0.00252158267903
0.353204045801 0.00252718230918
0.353469401119 0.00253274031422
0.353734756438 0.00253825513102
0.354000111756 0.00254372348912
0.354265467075 0.0025491409108
0.354530822393 0.00255450246367
0.354796177712 0.00255980299791
0.355061533031 0.00256503721174
0.355326888349 0.00257020005889
0.355592243668 0.00257528666517
0.355857598986 0.00258029260298
0.356122954305 0.00258521425465
0.356388309623 0.00259004830016
0.356653664942 0.00259479164825
0.356919020261 0.00259944166692
0.357184375579 0.00260399629513
0.357449730898 0.00260845390487
0.357715086216 0.0026128132256
0.357980441535 0.00261707341437
0.358245796853 0.00262123393851
0.358511152172 0.00262529461811
0.358776507491 0.0026292557711
0.359041862809 0.00263311909303
0.359307218128 0.00263688558537
0.359572573446 0.00264055622177
0.359837928765 0.00264413197212
0.360103284083 0.0026476140301
0.360368639402 0.002651003746
0.360633994721 0.00265430228228
0.360899350039 0.00265751072818
0.361164705358 0.00266063017426
0.361430060676 0.0026636616171
0.361695415995 0.00266660610091
0.361960771313 0.00266946546914
0.362226126632 0.00267224120221
0.362491481951 0.00267493449024
0.362756837269 0.00267754634354
0.363022192588 0.00268007741542
0.363287547906 0.00268252852408
0.363552903225 0.00268490043083
0.363818258543 0.00268719403758
0.364083613862 0.0026894099954
0.364348969181 0.00269154900981
0.364614324499 0.0026936116748
0.364879679818 0.00269559848371
0.365145035136 0.00269750990415
0.365410390455 0.00269934748678
0.365675745773 0.00270111217405
0.365941101092 0.00270280499887
0.366206456411 0.00270442630738
0.366471811729 0.00270597650443
0.366737167048 0.00270745601974
0.367002522366 0.00270886523834
0.367267877685 0.00271020464282
0.367533233003 0.00271147468204
0.367798588322 0.00271267561953
0.36806394364 0.00271380777746
0.368329298959 0.00271487147713
0.368594654278 0.00271586693119
0.368860009596 0.00271679487085
0.369125364915 0.00271765571054
0.369390720233 0.00271844986788
0.369656075552 0.00271917772021
0.36992143087 0.00271983968816
0.370186786189 0.0027204362356
0.370452141508 0.00272096769788
0.370717496826 0.00272143497537
0.370982852145 0.00272183787955
0.371248207463 0.00272217613278
0.371513562782 0.00272244968978
0.3717789181 0.0027226588553
0.372044273419 0.00272280457735
0.372309628738 0.00272288713992
0.372574984056 0.00272290625512
0.372840339375 0.00272286181333
0.373105694693 0.00272275321107
0.373371050012 0.00272258037042
0.37363640533 0.00272234266157
0.373901760649 0.00272203988225
0.374167115968 0.00272167192618
0.374432471286 0.00272123932914
0.374697826605 0.00272074311164
0.374963181923 0.0027201828185
0.375228537242 0.00271955905758
0.37549389256 0.00271887245156
0.375759247879 0.00271812346761
0.376024603198 0.00271731207986
0.376289958516 0.00271643734136
0.376555313835 0.00271549972458
0.376820669153 0.00271449973151
0.377086024472 0.00271343860991
0.37735137979 0.00271231767364
0.377616735109 0.00271113676181
0.377882090428 0.00270989669638
0.378147445746 0.00270859793823
0.378412801065 0.00270724087872
0.378678156383 0.00270582600263
0.378943511702 0.0027043532661
0.37920886702 0.00270282458082
0.379474222339 0.00270124144219
0.379739577658 0.00269960543259
0.380004932976 0.00269791664596
0.380270288295 0.00269617629722
0.380535643613 0.00269438582963
0.380800998932 0.00269254723748
0.38106635425 0.00269066092737
0.381331709569 0.00268872820752
0.381597064888 0.00268675056976
0.381862420206 0.00268472890901
0.382127775525 0.0026826644364
0.382393130843 0.00268055960842
0.382658486162 0.00267841567969
0.38292384148 0.00267623381816
0.383189196799 0.00267401582501
0.383454552117 0.00267176332691
0.383719907436 0.00266947866134
0.383985262755 0.00266716355507
0.384250618073 0.00266482013887
0.384515973392 0.00266245071851
0.38478132871 0.00266005777948
0.385046684029 0.00265764423696
0.385312039347 0.0026552120901
0.385577394666 0.00265276373474
0.385842749985 0.00265030084727
0.386108105303 0.00264782611269
0.386373460622 0.002645341307
0.38663881594 0.00264284848828
0.386904171259 0.00264034971289
0.387169526577 0.00263784727004
0.387434881896 0.00263534359639
0.387700237215 0.00263284079831
0.387965592533 0.00263034074692
0.388230947852 0.00262784430498
0.38849630317 0.002625352946
0.388761658489 0.0026228674393
0.389027013807 0.002620389204
0.389292369126 0.00261791962751
0.389557724445 0.0026154596038
0.389823079763 0.00261300955705
0.390088435082 0.00261056990121
0.3903537904 0.00260814121443
0.390619145719 0.0026057244549
0.390884501037 0.00260332031993
0.391149856356 0.00260092947945
0.391415211675 0.00259855232601
0.391680566993 0.00259618840168
0.391945922312 0.0025938375747
0.39221127763 0.00259150067887
0.392476632949 0.00258917789914
0.392741988267 0.00258686937449
0.393007343586 0.00258457530499
0.393272698905 0.00258229605033
0.393538054223 0.00258003220592
0.393803409542 0.00257778434253
0.39406876486 0.00257555316732
0.394334120179 0.00257333935775
0.394599475497 0.00257114310659
0.394864830816 0.00256896764106
0.395130186135 0.0025668150275
0.395395541453 0.00256468675928
0.395660896772 0.0025625839797
0.39592625209 0.00256050731137
0.396191607409 0.00255845709763
0.396456962727 0.00255643349215
0.396722318046 0.00255443715476
0.396987673365 0.00255246882109
0.397253028683 0.00255052977323
0.397518384002 0.00254862102158
0.39778373932 0.00254674303162
0.398049094639 0.00254489609166
0.398314449957 0.00254308070254
0.398579805276 0.00254129747455
0.398845160594 0.00253954727696
0.399110515913 0.00253783086754
0.399375871232 0.00253614893161
0.39964122655 0.00253450205735
0.399906581869 0.00253289032518
0.400171937187 0.00253096914869
0.400437292506 0.00252905807151
0.400702647824 0.00252710848886
0.400968003143 0.00252513051608
0.401233358462 0.00252314070281
0.40149871378 0.0025211494091
0.401764069099 0.00251916334357
0.402029424417 0.00251718715311
0.402294779736 0.0025152242324
0.402560135054 0.00251327708496
0.402825490373 0.00251134789591
0.403090845692 0.00250943827403
0.40335620101 0.0025075490942
0.403621556329 0.00250568126662
0.403886911647 0.00250383514264
0.404152266966 0.00250201094656
0.404417622284 0.00250020886556
0.404682977603 0.00249842893622
0.404948332922 0.00249667106298
0.40521368824 0.00249493480526
0.405479043559 0.00249322001752
0.405744398877 0.00249152605579
0.406009754196 0.00248985198443
0.406275109514 0.00248819689259
0.406540464833 0.00248656037723
0.406805820152 0.00248494206759
0.40707117547 0.00248334165235
0.407336530789 0.00248175898766
0.407601886107 0.00248019404102
0.407867241426 0.00247864593353
0.408132596744 0.00247711474556
0.408397952063 0.00247560068752
0.408663307382 0.0024741042394
0.4089286627 0.00247262581373
0.409194018019 0.00247116559102
0.409459373337 0.00246972433943
0.409724728656 0.00246830259099
0.409990083974 0.00246690125241
0.410255439293 0.00246552126166
0.410520794612 0.00246416330251
0.41078614993 0.00246282778254
0.411051505249 0.00246151590016
0.411316860567 0.00246022878693
0.411582215886 0.00245896770632
0.411847571204 0.00245773397754
0.412112926523 0.00245652851095
0.412378281842 0.00245535282624
0.41264363716 0.00245420855835
0.412908992479 0.00245309747214
0.413174347797 0.00245202117672
0.413439703116 0.00245098129413
0.413705058434 0.00244997947873
0.413970413753 0.00244901722137
0.414235769071 0.00244809489731
0.41450112439 0.00244721414226
0.414766479709 0.00244637658561
0.415031835027 0.00244558387483
0.415297190346 0.00244483754518
0.415562545664 0.00244413874103
0.415827900983 0.00244348906434
0.416093256301 0.00244289008357
0.41635861162 0.00244234316668
0.416623966939 0.00244184958256
0.416889322257 0.00244141094647
0.417154677576 0.00244102891755
0.417420032894 0.00244070519627
0.417685388213 0.00244044045307
0.417950743531 0.00244023597413
0.41821609885 0.00244009340273
0.418481454169 0.00244001505626
0.418746809487 0.00244000287657
0.419012164806 0.00244005823583
0.419277520124 0.00244018287851
0.419542875443 0.00244037861281
0.419808230761 0.00244064724796
0.42007358608 0.00244099057521
0.420338941399 0.00244141044107
0.420604296717 0.00244190860327
0.420869652036 0.00244248621831
0.421135007354 0.00244314436969
0.421400362673 0.00244388473385
0.421665717991 0.00244470901011
0.42193107331 0.00244561889705
0.422196428629 0.00244661637996
0.422461783947 0.00244770405461
0.422727139266 0.00244888402546
0.422992494584 0.00245015843365
0.423257849903 0.00245152945687
0.423523205221 0.00245299899842
0.42378856054 0.00245456816971
0.424053915859 0.00245623864517
0.424319271177 0.00245801249677
0.424584626496 0.00245989145083
0.424849981814 0.00246187724386
0.425115337133 0.00246397216292
0.425380692451 0.00246617871518
0.42564604777 0.00246849905634
0.425911403089 0.00247093533369
0.426176758407 0.00247348905323
0.426442113726 0.00247616072761
0.426707469044 0.00247895220808
0.426972824363 0.00248186542925
0.427238179681 0.00248490259184
0.427503535 0.00248806643263
0.427768890318 0.00249135791784
0.428034245637 0.00249477918836
0.428299600956 0.00249833164772
0.428564956274 0.00250201632811
0.428830311593 0.0025058345272
0.429095666911 0.00250978650206
0.42936102223 0.00251387407346
0.429626377548 0.00251809750048
0.429891732867 0.00252245588838
0.430157088186 0.0025269481856
0.430422443504 0.00253157570206
0.430687798823 0.00253633996118
0.430953154141 0.00254124356688
0.43121850946 0.0025462856858
0.431483864778 0.00255146930172
0.431749220097 0.00255679722814
0.432014575416 0.00256226941532
0.432279930734 0.00256788775885
0.432545286053 0.00257365396926
0.432810641371 0.00257956542599
0.43307599669 0.00258562141273
0.433341352008 0.00259182313286
0.433606707327 0.00259817102264
0.433872062646 0.00260466600059
0.434137417964 0.00261130310788
0.434402773283 0.00261808105134
0.434668128601 0.00262500086961
0.43493348392 0.00263206198696
0.435198839238 0.00263926322418
0.435464194557 0.00264660296046
0.435729549876 0.00265408115798
0.435994905194 0.0026616984944
0.436260260513 0.00266945370488
0.436525615831 0.00267734360104
0.43679097115 0.00268536519648
0.437056326468 0.00269351538827
0.437321681787 0.00270179139704
0.437587037106 0.0027101914803
0.437852392424 0.00271871105426
0.438117747743 0.00272734517616
0.438383103061 0.00273608767063
0.43864845838 0.00274493017924
0.438913813698 0.002753866541
0.439179169017 0.00276289003668
0.439444524336 0.00277199290668
0.439709879654 0.00278116723647
0.439975234973 0.00279040797736
0.440240590291 0.00279970693295
0.44050594561 0.00280905603187
0.440771300928 0.00281844604749
0.441036656247 0.00282786775541
0.441302011566 0.00283731184945
0.441567366884 0.00284676873069
0.441832722203 0.00285622877835
0.442098077521 0.00286568186841
0.44236343284 0.00287512105103
0.442628788158 0.00288453547902
0.442894143477 0.00289391414961
0.443159498795 0.00290324735719
0.443424854114 0.00291252611473
0.443690209433 0.00292174178555
0.443955564751 0.00293088632727
0.44422092007 0.00293995229609
0.444486275388 0.00294893306418
0.444751630707 0.00295782388772
0.445016986025 0.00296662094595
0.445282341344 0.00297531860917
0.445547696663 0.00298391192068
0.445813051981 0.00299239637307
0.4460784073 0.00300076787652
0.446343762618 0.00300902318581
0.446609117937 0.00301716004197
0.446874473255 0.00302517639439
0.447139828574 0.00303307071461
0.447405183893 0.00304084303074
0.447670539211 0.00304849307289
0.44793589453 0.00305602052461
0.448201249848 0.00306342581984
0.448466605167 0.00307070966082
0.448731960485 0.00307787328976
0.448997315804 0.00308491878038
0.449262671123 0.00309184796608
0.449528026441 0.00309866276984
0.44979338176 0.00310536523803
0.450058737078 0.00311171152609
0.450324092397 0.00311803529739
0.450589447715 0.00312424821384
0.450854803034 0.0031303486907
0.451120158353 0.00313635138617
0.451385513671 0.00314227390469
0.45165086899 0.00314812956859
0.451916224308 0.00315392838935
0.452181579627 0.00315967796433
0.452446934945 0.00316538361497
0.452712290264 0.00317104844775
0.452977645583 0.00317667350459
0.453243000901 0.00318225874162
0.45350835622 0.00318780255164
0.453773711538 0.00319330340978
0.454039066857 0.00319875795713
0.454304422175 0.00320416167555
0.454569777494 0.00320950961958
0.454835132813 0.00321479661727
0.455100488131 0.00322001735087
0.45536584345 0.00322516676914
0.455631198768 0.00323024001768
0.455896554087 0.00323523270852
0.456161909405 0.00324014118881
0.456427264724 0.00324496213085
0.456692620043 0.00324969243313
0.456957975361 0.00325432948164
0.45722333068 0.00325887121091
0.457488685998 0.00326331598766
0.457754041317 0.00326766253823
0.458019396635 0.00327191003726
0.458284751954 0.00327605793825
0.458550107272 0.00328010607223
0.458815462591 0.00328405486869
0.45908081791 0.00328790602928
0.459346173228 0.00329166047162
0.459611528547 0.00329531914359
0.459876883865 0.00329888302307
0.460142239184 0.00330235333478
0.460407594502 0.00330573138805
0.460672949821 0.00330901832276
0.46093830514 0.00331221524684
0.461203660458 0.00331532321779
0.461469015777 0.00331834323771
0.461734371095 0.00332127637052
0.461999726414 0.00332412455144
0.462265081732 0.00332688918985
0.462530437051 0.00332957144435
0.46279579237 0.00333217232164
0.463061147688 0.00333469243135
0.463326503007 0.00333713262127
0.463591858325 0.00333949364293
0.463857213644 0.00334177643131
0.464122568962 0.00334398160008
0.464387924281 0.00334610987893
0.4646532796 0.00334816183385
0.464918634918 0.00335013795303
0.465183990237 0.00335203884712
0.465449345555 0.00335386596836
0.465714700874 0.00335562032659
0.465980056192 0.00335730286255
0.466245411511 0.00335891389854
0.46651076683 0.00336045385357
0.466776122148 0.00336192315479
0.467041477467 0.00336332218459
0.467306832785 0.00336465145995
0.467572188104 0.00336591138474
0.467837543422 0.00336710222741
0.468102898741 0.00336822432976
0.46836825406 0.00336927798202
0.468633609378 0.00337026346899
0.468898964697 0.00337118147496
0.469164320015 0.00337203242545
0.469429675334 0.00337281672571
0.469695030652 0.0033735347607
0.469960385971 0.00337418696751
0.47022574129 0.00337477377697
0.470491096608 0.00337529562424
0.470756451927 0.00337575330013
0.471021807245 0.0033761465074
0.471287162564 0.00337647505094
0.471552517882 0.00337673888189
0.471817873201 0.00337693847475
0.47208322852 0.00337707465774
0.472348583838 0.00337714760878
0.472613939157 0.00337715714771
0.472879294475 0.00337710303401
0.473144649794 0.00337698471206
0.473410005112 0.00337680210704
0.473675360431 0.00337655451431
0.473940715749 0.00337624181257
0.474206071068 0.00337586401208
0.474471426387 0.00337542158168
0.474736781705 0.00337491556938
0.475002137024 0.00337434551574
0.475267492342 0.00337371207795
0.475532847661 0.00337301587142
0.475798202979 0.00337225733494
0.476063558298 0.00337143619248
0.476328913617 0.00337055176478
0.476594268935 0.00336960452572
0.476859624254 0.00336859496539
0.477124979572 0.00336752455181
0.477390334891 0.00336639428463
0.477655690209 0.00336520416517
0.477921045528 0.00336395500485
0.478186400847 0.00336264716037
0.478451756165 0.00336128112748
0.478717111484 0.00335985723403
0.478982466802 0.00335837573624
0.479247822121 0.003356838479
0.479513177439 0.00335524707369
0.479778532758 0.00335360284925
0.480043888077 0.00335190593852
0.480309243395 0.0033501576461
0.480574598714 0.00334835947481
0.480839954032 0.00334651336981
0.481105309351 0.00334461967545
0.481370664669 0.00334267982371
0.481636019988 0.00334069519802
0.481901375307 0.0033386666967
0.482166730625 0.00333659569518
0.482432085944 0.00333448455945
0.482697441262 0.00333233443667
0.482962796581 0.00333014667961
0.483228151899 0.00332792303218
0.483493507218 0.00332566520699
0.483758862537 0.00332337549623
0.484024217855 0.00332105560712
0.484289573174 0.00331870775161
0.484554928492 0.00331633422471
0.484820283811 0.00331393763582
0.485085639129 0.00331152074309
0.485350994448 0.00330908562833
0.485616349767 0.00330663453175
0.485881705085 0.00330416926247
0.486147060404 0.00330169246336
0.486412415722 0.00329920590473
0.486677771041 0.00329671164447
0.486943126359 0.00329421174948
0.487208481678 0.0032917085249
0.487473836997 0.00328920445385
0.487739192315 0.00328670154514
0.488004547634 0.00328420166648
0.488269902952 0.00328170550546
0.488535258271 0.0032792145711
0.488800613589 0.0032767297312
0.489065968908 0.00327425236864
0.489331324226 0.00327178387503
0.489596679545 0.00326932505744
0.489862034864 0.00326687625575
0.490127390182 0.00326443795294
0.490392745501 0.00326201076298
0.490658100819 0.00325959561584
0.490923456138 0.00325719320965
0.491188811456 0.00325480416581
0.491454166775 0.0032524289054
0.491719522094 0.00325006674925
0.491984877412 0.00324771782794
0.492250232731 0.0032453828855
0.492515588049 0.00324306210333
0.492780943368 0.00324075560252
0.493046298686 0.0032384636127
0.493311654005 0.00323618652856
0.493577009324 0.00323392494603
0.493842364642 0.0032316794567
0.494107719961 0.00322945077576
0.494373075279 0.00322723947421
0.494638430598 0.0032250459341
0.494903785916 0.00322287367378
0.495169141235 0.00322072448738
0.495434496554 0.00321859987734
0.495699851872 0.00321650090524
0.495965207191 0.00321442811097
0.496230562509 0.0032123817729
0.496495917828 0.00321036215133
0.496761273146 0.00320836990278
0.497026628465 0.00320640582177
0.497291983784 0.00320447122055
0.497557339102 0.00320256699019
0.497822694421 0.00320069359833
0.498088049739 0.0031988512789
0.498353405058 0.00319704061356
0.498618760376 0.00319526224542
0.498884115695 0.00319351701413
0.499149471014 0.00319180567756
0.499414826332 0.00319012890177
0.499680181651 0.00318848726909
0.499945536969 0.00318688073321
0.500210892288 0.0031849643977
0.500476247606 0.0031830581786
0.500741602925 0.00318111343765
0.501006958244 0.00317914031802
0.501272313562 0.00317715521249
0.501537668881 0.00317516852175
0.501803024199 0.00317318697766
0.502068379518 0.00317121525089
0.502333734836 0.00316925675299
0.502599090155 0.00316731403127
0.502864445474 0.00316538926554
0.503129800792 0.00316348403796
0.503395156111 0.00316159924189
0.503660511429 0.00315973583546
0.503925866748 0.00315789413319
0.504191222066 0.00315607439023
0.504456577385 0.00315427680453
0.504721932703 0.00315250141759
0.504987288022 0.00315074814035
0.505252643341 0.00314901651757
0.505517998659 0.00314730641817
0.505783353978 0.00314561711493
0.506048709296 0.00314394766447
0.506314064615 0.0031422972508
0.506579419933 0.00314066545118
0.506844775252 0.00313905190742
0.507110130571 0.00313745631641
0.507375485889 0.00313587854723
0.507640841208 0.00313431848216
0.507906196526 0.00313277529555
0.508171551845 0.00313124910344
0.508436907163 0.00312974013886
0.508702262482 0.00312824889106
0.508967617801 0.0031267756611
0.509232973119 0.00312532076337
0.509498328438 0.00312388489452
0.509763683756 0.0031224686412
0.510029039075 0.0031210729216
0.510294394393 0.00311969865663
0.510559749712 0.00311834639634
0.510825105031 0.00311701670834
0.511090460349 0.00311571078318
0.511355815668 0.00311442975459
0.511621170986 0.00311317490007
0.511886526305 0.0031119475343
0.512151881623 0.00311074855063
0.512417236942 0.00310957953671
0.512682592261 0.00310844214332
0.512947947579 0.00310733811935
0.513213302898 0.00310626906545
0.513478658216 0.00310523660945
0.513744013535 0.00310424240955
0.514009368853 0.00310328774355
0.514274724172 0.00310237319741
0.514540079491 0.0031015004042
0.514805434809 0.00310067099553
0.515070790128 0.00309988662116
0.515336145446 0.0030991487253
0.515601500765 0.00309845854471
0.515866856083 0.00309781767147
0.516132211402 0.00309722767101
0.516397566721 0.00309668986511
0.516662922039 0.00309620555739
0.516928277358 0.00309577638752
0.517193632676 0.00309540403662
0.517458987995 0.00309509018206
0.517724343313 0.00309483531954
0.517989698632 0.00309464090267
0.51825505395 0.00309450871729
0.518520409269 0.00309444102168
0.518785764588 0.00309443967626
0.519051119906 0.0030945060798
0.519316475225 0.00309464200482
0.519581830543 0.00309484925484
0.519847185862 0.00309512964401
0.52011254118 0.00309548496151
0.520377896499 0.00309591705678
0.520643251818 0.00309642767429
0.520908607136 0.00309701780302
0.521173962455 0.00309768867582
0.521439317773 0.00309844198897
0.521704673092 0.00309927944305
0.52197002841 0.00310020271377
0.522235383729 0.00310121398536
0.522500739048 0.00310231574023
0.522766094366 0.00310351008375
0.523031449685 0.00310479917469
0.523296805003 0.00310618515271
0.523562160322 0.00310766991178
0.52382751564 0.00310925441541
0.524092870959 0.00311094047363
0.524358226278 0.00311273020571
0.524623581596 0.00311462524495
0.524888936915 0.00311662735339
0.525154292233 0.0031187390078
0.525419647552 0.00312096260526
0.52568500287 0.00312330029287
0.525950358189 0.00312575422936
0.526215713508 0.00312832559876
0.526481068826 0.00313101518901
0.526746424145 0.00313382485374
0.527011779463 0.00313675654962
0.527277134782 0.00313981263415
0.5275424901 0.00314299552563
0.527807845419 0.00314630637576
0.528073200738 0.00314974731588
0.528338556056 0.00315331949952
0.528603911375 0.0031570241928
0.528869266693 0.00316086236803
0.529134622012 0.00316483452867
0.52939997733 0.0031689427548
0.529665332649 0.0031731863504
0.529930687968 0.00317756476182
0.530196043286 0.00318207727998
0.530461398605 0.00318672522263
0.530726753923 0.00319151025215
0.530992109242 0.00319643451237
0.53125746456 0.00320149755504
