0.000812182741117 0
0.00107725663274 0
0.00134233052436 0
0.00160740441598 0
0.0018724783076 0
0.00213755219922 0
0.00240262609085 0
0.00266769998247 0
0.00293277387409 0
0.00319784776571 0
0.00346292165733 0
0.00372799554895 0
0.00399306944057 0
0.0042581433322 0
0.00452321722382 0
0.00478829111544 0
0.00505336500706 0
0.00531843889868 0
0.0055835127903 0
0.00584858668192 0
0.00611366057354 0
0.00637873446517 0
0.00664380835679 0
0.00690888224841 0
0.00717395614003 0
0.00743903003165 0
0.00770410392327 0
0.00796917781489 0
0.00823425170652 0
0.00849932559814 0
0.00876439948976 0
0.00902947338138 0
0.009294547273 0
0.00955962116462 0
0.00982469505624 0
0.0100897689479 0
0.0103548428395 0
0.0106199167311 0
0.0108849906227 0
0.0111500645144 0
0.011415138406 0
0.0116802122976 0
0.0119452861892 0
0.0122103600808 0
0.0124754339725 0
0.0127405078641 0
0.0130055817557 0
0.0132706556473 0
0.0135357295389 0
0.0138008034306 0
0.0140658773222 0
0.0143309512138 -1.93384775455e-06
0.0145960251054 -3.75959777861e-06
0.0148610989971 -5.47853394056e-06
0.0151261728887 -7.09218850467e-06
0.0153912467803 -8.60343147345e-06
0.0156563206719 -1.00139230065e-05
0.0159213945635 -1.13256844321e-05
0.0161864684552 -1.25405558188e-05
0.0164515423468 -1.36604701909e-05
0.0167166162384 -1.46870593782e-05
0.01698169013 -1.56210830884e-05
0.0172467640216 -1.64639674293e-05
0.0175118379133 -1.72166049292e-05
0.0177769118049 -1.78793169135e-05
0.0180419856965 -1.84531571388e-05
0.0183070595881 -1.89379520062e-05
0.0185721334798 -1.93332517706e-05
0.0188372073714 -1.96387421724e-05
0.019102281263 -1.98537479628e-05
0.0193673551546 -1.99774902171e-05
0.0196324290462 -2.00089300924e-05
0.0198975029379 -1.99473708315e-05
0.0201625768295 -1.97918543857e-05
0.0204276507211 -1.9541914658e-05
0.0206927246127 -1.91979831079e-05
0.0209577985043 -1.8760166601e-05
0.021222872396 -1.82275003705e-05
0.0214879462876 -1.75983990196e-05
0.0217530201792 -1.68716075219e-05
0.0220180940708 -1.60458569777e-05
0.0222831679625 -1.51198200707e-05
0.0225482418541 -1.40925000853e-05
0.0228133157457 -1.29624842922e-05
0.0230783896373 -1.17282702028e-05
0.0233434635289 -1.038900206e-05
0.0236085374206 -8.94432661162e-06
0.0238736113122 -7.3927768853e-06
0.0241386852038 -5.73314536354e-06
0.0244037590954 -3.96379829933e-06
0.024668832987 -2.08202416916e-06
0.0249339068787 -8.57807813541e-08
0.0251989807703 2.02669852082e-06
0.0254640546619 4.25733308001e-06
0.0257291285535 6.60747055978e-06
0.0259942024452 9.07778777471e-06
0.0262592763368 1.16701976488e-05
0.0265243502284 1.4386101699e-05
0.02678942412 1.722786284e-05
0.0270544980116 2.01979548037e-05
0.0273195719033 2.32978264511e-05
0.0275846457949 2.65292626396e-05
0.0278497196865 2.98944370275e-05
0.0281147935781 3.33951187788e-05
0.0283798674697 3.70325674019e-05
0.0286449413614 4.08079763965e-05
0.028910015253 4.4724032753e-05
0.0291750891446 4.87834355411e-05
0.0294401630362 5.29888310461e-05
0.0297052369279 5.73393613612e-05
0.0299703108195 6.1836714097e-05
0.0302353847111 6.64835810909e-05
0.0305004586027 7.12833751056e-05
0.0307655324943 7.62350208649e-05
0.031030606386 8.13382258338e-05
0.0312956802776 8.65906417479e-05
0.0315607541692 9.19876933268e-05
0.0318258280608 9.75271822556e-05
0.0320909019524 0.000103211445128
0.0323559758441 0.000109038992602
0.0326210497357 0.000115011673545
0.0328861236273 0.00012112882984
0.0331511975189 0.000127389290976
0.0334162714106 0.000133791854683
0.0336813453022 0.000140339640277
0.0339464191938 0.000147032646011
0.0342114930854 0.000153875532358
0.034476566977 0.000160873385762
0.0347416408687 0.000168028861873
0.0350067147603 0.00017534135034
0.0352717886519 0.000182806766688
0.0355368625435 0.000190420857485
0.0358019364351 0.000198182006793
0.0360670103268 0.000206090437437
0.0363320842184 0.00021414637117
0.03659715811 0.000222347297025
0.0368622320016 0.000230690787308
0.0371273058932 0.000239175651244
0.0373923797849 0.000247801253345
0.0376574536765 0.000256563190631
0.0379225275681 0.000265457197786
0.0381876014597 0.000274482463741
0.0384526753514 0.000283638723946
0.038717749243 0.000292921421374
0.0389828231346 0.000302324485092
0.0392478970262 0.000311842495142
0.0395129709178 0.000321472305125
0.0397780448095 0.000331206866921
0.0400431187011 0.000341038277959
0.0403081925927 0.000350958643389
0.0405732664843 0.000360958994308
0.0408383403759 0.000371026418521
0.0411034142676 0.000381150864944
0.0413684881592 0.00039132199208
0.0416335620508 0.000401530732038
0.0418986359424 0.000411773007984
0.0421637098341 0.000422037322212
0.0424287837257 0.000432312934392
0.0426938576173 0.000442588099029
0.0429589315089 0.000452849651356
0.0432240054005 0.000463085480701
0.0434890792922 0.00047328302925
0.0437541531838 0.000483429325994
0.0440192270754 0.000493512044057
0.044284300967 0.000503522072638
0.0445493748586 0.00051345309889
0.0448144487503 0.000523295085091
0.0450795226419 0.000533038343803
0.0453445965335 0.000542674044515
0.0456096704251 0.000552194692357
0.0458747443168 0.000561591006407
0.0461398182084 0.000570855817186
0.0464048921 0.000579983097071
0.0466699659916 0.000588967542189
0.0469350398832 0.000597804961123
0.0472001137749 0.00060649868471
0.0474651876665 0.000615048489877
0.0477302615581 0.000623454884683
0.0479953354497 0.000631717864032
0.0482604093413 0.000639837538924
0.048525483233 0.000647814606822
0.0487905571246 0.000655650503126
0.0490556310162 0.000663347200557
0.0493207049078 0.000670906905658
0.0495857787995 0.000678332618289
0.0498508526911 0.000685626997976
0.0501159265827 0.000692481964691
0.0503810004743 0.000699351602021
0.0506460743659 0.000706106359274
0.0509111482576 0.000712744561741
0.0511762221492 0.000719284673324
0.0514412960408 0.00072574094376
0.0517063699324 0.000732126807654
0.051971443824 0.000738449019858
0.0522365177157 0.000744709529049
0.0525015916073 0.000750906874799
0.0527666654989 0.000757036002339
0.0530317393905 0.000763088775532
0.0532968132822 0.000769055243678
0.0535618871738 0.000774924387811
0.0538269610654 0.000780685077648
0.054092034957 0.000786326347229
0.0543571088486 0.000791837727871
0.0546221827403 0.000797209452425
0.0548872566319 0.000802433302897
0.0551523305235 0.000807503449811
0.0554174044151 0.000812415294076
0.0556824783067 0.00081716430534
0.0559475521984 0.000821747227024
0.05621262609 0.00082616254421
0.0564776999816 0.000830409873001
0.0567427738732 0.000834489468573
0.0570078477649 0.000838402394623
0.0572729216565 0.000842150411252
0.0575379955481 0.000845735906612
0.0578030694397 0.000849161392362
0.0580681433313 0.000852429999118
0.058333217223 0.000855545107496
0.0585982911146 0.000858510238059
0.0588633650062 0.00086132906136
0.0591284388978 0.000864006441056
0.0593935127894 0.000866546839567
0.0596585866811 0.000868954183865
0.0599236605727 0.000871232087535
0.0601887344643 0.000873383976763
0.0604538083559 0.000875413127393
0.0607188822476 0.00087732275644
0.0609839561392 0.00087911591843
0.0612490300308 0.000880795220628
0.0615141039224 0.000882363245225
0.061779177814 0.000883822338866
0.0620442517057 0.000885174362246
0.0623093255973 0.00088642140027
0.0625743994889 0.000887564892538
0.0628394733805 0.000888606066733
0.0631045472721 0.00088954630014
0.0633696211638 0.000890388698139
0.0636346950554 0.000891135955938
0.063899768947 0.000891790014164
0.0641648428386 0.00089235204438
0.0644299167303 0.000892823101531
0.0646949906219 0.000893204469258
0.0649600645135 0.000893497165785
0.0652251384051 0.000893701915196
0.0654902122967 0.00089381941072
0.0657552861884 0.000893850230286
0.06602036008 0.000893795190872
0.0662854339716 0.000893655220768
0.0665505078632 0.000893431295179
0.0668155817548 0.000893123944044
0.0670806556465 0.000892733565589
0.0673457295381 0.000892261674004
0.0676108034297 0.000891709903682
0.0678758773213 0.000891079169515
0.068140951213 0.000890370267978
0.0684060251046 0.000889584065904
0.0686710989962 0.000888720798726
0.0689361728878 0.000887780635624
0.0692012467794 0.000886763729692
0.0694663206711 0.000885670910312
0.0697313945627 0.000884502010157
0.0699964684543 0.000883256623482
0.0702615423459 0.000881934939074
0.0705266162375 0.000880537217628
0.0707916901292 0.000879063335742
0.0710567640208 0.000877514157154
0.0713218379124 0.000875890794043
0.071586911804 0.000874193306282
0.0718519856957 0.000872421709013
0.0721170595873 0.000870575115004
0.0723821334789 0.000868653079634
0.0726472073705 0.00086665506643
0.0729122812621 0.000864580886371
0.0731773551538 0.000862430197745
0.0734424290454 0.000860202531864
0.073707502937 0.000857896473434
0.0739725768286 0.000855511887601
0.0742376507202 0.000853048873112
0.0745027246119 0.00085050808105
0.0747677985035 0.000847889455396
0.0750328723951 0.000845191721228
0.0752979462867 0.000842414289835
0.0755630201784 0.000839557237945
0.07582809407 0.000836620628439
0.0760931679616 0.000833603581419
0.0763582418532 0.000830505239422
0.0766233157448 0.000827326331069
0.0768883896365 0.000824067353821
0.0771534635281 0.000820729763975
0.0774185374197 0.000817312859138
0.0776836113113 0.00081381619322
0.0779486852029 0.000810240282892
0.0782137590946 0.000806585346677
0.0784788329862 0.000802852087199
0.0787439068778 0.000799040545505
0.0790089807694 0.000795150949602
0.0792740546611 0.000791184134019
0.0795391285527 0.000787141486359
0.0798042024443 0.000783023997219
0.0800692763359 0.000778831278572
0.0803343502275 0.000774564676477
0.0805994241192 0.00077022563433
0.0808644980108 0.000765817235975
0.0811295719024 0.000761341001089
0.081394645794 0.000756798445593
0.0816597196856 0.000752191160564
0.0819247935773 0.000747521009659
0.0821898674689 0.000742789824967
0.0824549413605 0.000738000008104
0.0827200152521 0.000733152832847
0.0829850891438 0.000728249259155
0.0832501630354 0.000723290263282
0.083515236927 0.000718277135978
0.0837803108186 0.000713212075384
0.0840453847102 0.000708098201382
0.0843104586019 0.000702938523977
0.0845755324935 0.000697735161389
0.0848406063851 0.000692491005606
0.0851056802767 0.000687208155568
0.0853707541683 0.000681890500805
0.08563582806 0.00067654100433
0.0859009019516 0.000671162382304
0.0861659758432 0.000665758071969
0.0864310497348 0.000660332886769
0.0866961236265 0.000654891111418
0.0869611975181 0.000649435447352
0.0872262714097 0.000643966827932
0.0874913453013 0.000638488729309
0.0877564191929 0.000633006133638
0.0880214930846 0.000627522517979
0.0882865669762 0.000622041406267
0.0885516408678 0.00061656526636
0.0888167147594 0.000611096683807
0.089081788651 0.000605638994155
0.0893468625427 0.000600196494787
0.0896119364343 0.000594774792668
0.0898770103259 0.000589376645982
0.0901420842175 0.000584003100886
0.0904071581092 0.000578654657589
0.0906722320008 0.000573331123604
0.0909373058924 0.000568031679053
0.091202379784 0.000562756917295
0.0914674536756 0.000557507605159
0.0917325275673 0.000552284652097
0.0919976014589 0.0005470892067
0.0922626753505 0.000541922330373
0.0925277492421 0.000536786015143
0.0927928231337 0.000531681044996
0.0930578970254 0.0005266072808
0.093322970917 0.000521565938884
0.0935880448086 0.000516556512189
0.0938531187002 0.000511579452596
0.0941181925919 0.000506635696021
0.0943832664835 0.000501726617615
0.0946483403751 0.000496853402544
0.0949134142667 0.000492017337328
0.0951784881583 0.000487219618849
0.09544356205 0.000482461357018
0.0957086359416 0.000477746347722
0.0959737098332 0.000473078600353
0.0962387837248 0.000468459822571
0.0965038576164 0.000463891294584
0.0967689315081 0.000459374397257
0.0970340053997 0.000454910156176
0.0972990792913 0.000450500466694
0.0975641531829 0.000446144681081
0.0978292270746 0.000441841365996
0.0980943009662 0.000437590769666
0.0983593748578 0.000433393482985
0.0986244487494 0.000429250555621
0.098889522641 0.000425162921456
0.0991545965327 0.000421131396177
0.0994196704243 0.00041715665831
0.0996847443159 0.000413239401114
0.0999498182075 0.0004093802602
0.100214892099 0.000405132322874
0.100479965991 0.000400915997758
0.100745039882 0.000396670719968
0.101010113774 0.000392409008518
0.101275187666 0.000388147363793
0.101540261557 0.000383894549961
0.101805335449 0.000379657246003
0.10207040934 0.000375441373515
0.102335483232 0.000371252606466
0.102600557124 0.000367095967853
0.102865631015 0.000362974708544
0.103130704907 0.000358892168791
0.103395778799 0.000354850756796
0.10366085269 0.000350850900887
0.103925926582 0.000346894110244
0.104191000473 0.000342980301365
0.104456074365 0.000339107799726
0.104721148257 0.000335275884082
0.104986222148 0.000331483724426
0.10525129604 0.000327730511575
0.105516369932 0.000324015461701
0.105781443823 0.000320337916173
0.106046517715 0.000316697236838
0.106311591606 0.000313092891405
0.106576665498 0.000309523526669
0.10684173939 0.000305987802982
0.107106813281 0.000302485199149
0.107371887173 0.000299016190482
0.107636961065 0.000295581426341
0.107902034956 0.000292181808192
0.108167108848 0.000288818348099
0.108432182739 0.000285492350571
0.108697256631 0.000282205285395
0.108962330523 0.000278958821254
0.109227404414 0.000275754738472
0.109492478306 0.000272594966724
0.109757552198 0.000269481246776
0.110022626089 0.000266414427071
0.110287699981 0.00026339560164
0.110552773872 0.000260425847638
0.110817847764 0.000257506357766
0.111082921656 0.000254638890891
0.111347995547 0.000251825157863
0.111613069439 0.000249067232969
0.11187814333 0.000246367176235
0.112143217222 0.000243727004514
0.112408291114 0.000241148758459
0.112673365005 0.000238634430754
0.112938438897 0.000236186577725
0.113203512789 0.000233807403055
0.11346858668 0.000231499041519
0.113733660572 0.000229263689714
0.113998734463 0.0002271030757
0.114263808355 0.000225016948401
0.114528882247 0.000223006238936
0.114793956138 0.000221071537392
0.11505903003 0.000219214613368
0.115324103922 0.000217437341338
0.115589177813 0.000215741537885
0.115854251705 0.000214128915607
0.116119325596 0.000212601321112
0.116384399488 0.000211160654267
0.11664947338 0.000209808954937
0.116914547271 0.000208548065477
0.117179621163 0.000207380157901
0.117444695055 0.000206307038242
0.117709768946 0.000205330389746
0.117974842838 0.000204450917106
0.118239916729 0.000203669914757
0.118504990621 0.000202989118848
0.118770064513 0.00020241038843
0.119035138404 0.000201936866361
0.119300212296 0.000201571369153
0.119565286188 0.000201316339343
0.119830360079 0.000201173907634
0.120095433971 0.00020114647614
0.120360507862 0.000201236394798
0.120625581754 0.000201445996064
0.120890655646 0.000201777817535
0.121155729537 0.000202233686896
0.121420803429 0.000202815157404
0.12168587732 0.000203524736452
0.121950951212 0.000204364316834
0.122216025104 0.000205336083601
0.122481098995 0.000206443031684
0.122746172887 0.000207688823482
0.123011246779 0.000209076334007
0.12327632067 0.000210608131069
0.123541394562 0.000212286873768
0.123806468453 0.000214115489262
0.124071542345 0.000216095431245
0.124336616237 0.000218228531284
0.124601690128 0.000220517007842
0.12486676402 0.000222963079858
0.125131837912 0.000225569138835
0.125396911803 0.000228338576321
0.125661985695 0.000231273978564
0.125927059586 0.000234377778359
0.126192133478 0.000237652255365
0.12645720737 0.000241097678973
0.126722281261 0.000244715698775
0.126987355153 0.000248508481923
0.127252429045 0.00025247889955
0.127517502936 0.000256629774884
0.127782576828 0.000260961811987
0.128047650719 0.000265477161399
0.128312724611 0.000270178136823
0.128577798503 0.000275064564262
0.128842872394 0.000280137234009
0.129107946286 0.000285397391757
0.129373020178 0.000290845853303
0.129638094069 0.000296485173344
0.129903167961 0.000302311334309
0.130168241852 0.000308318768436
0.130433315744 0.00031450825222
0.130698389636 0.000320881996769
0.130963463527 0.000327440324544
0.131228537419 0.000334182259878
0.13149361131 0.000341109889659
0.131758685202 0.000348225777159
0.132023759094 0.000355528003357
0.132288832985 0.000363018872011
0.132553906877 0.000370700332801
0.132818980769 0.000378568389588
0.13308405466 0.000386620560673
0.133349128552 0.000394857415977
0.133614202443 0.000403278361907
0.133879276335 0.000411875718783
0.134144350227 0.000420644453645
0.134409424118 0.000429584821305
0.13467449801 0.000438694010439
0.134939571902 0.000447969167478
0.135204645793 0.000457406806643
0.135469719685 0.000467001768671
0.135734793576 0.000476754655596
0.135999867468 0.000486661696377
0.13626494136 0.000496716769032
0.136530015251 0.000506913903365
0.136795089143 0.000517245673037
0.137060163035 0.000527709166124
0.137325236926 0.000538296918272
0.137590310818 0.000549000504075
0.137855384709 0.00055981115708
0.138120458601 0.000570715757448
0.138385532493 0.000581701949389
0.138650606384 0.000592756376058
0.138915680276 0.000603868233808
0.139180754167 0.000615030731018
0.139445828059 0.000626233686214
0.139710901951 0.000637463699264
0.139975975842 0.000648707300773
0.140241049734 0.000659950707567
0.140506123626 0.000671180602344
0.140771197517 0.000682383703911
0.141036271409 0.000693546824121
0.1413013453 0.000704657128267
0.141566419192 0.000715706879371
0.141831493084 0.000726683817982
0.142096566975 0.000737574331324
0.142361640867 0.000748367211716
0.142626714759 0.000759052031368
0.14289178865 0.000769619992102
0.143156862542 0.000780063785564
0.143421936433 0.000790376813544
0.143687010325 0.000800553455535
0.143952084217 0.000810594376709
0.144217158108 0.000820497397844
0.144482232 0.000830260621935
0.144747305892 0.000839882614678
0.145012379783 0.00084936249155
0.145277453675 0.000858699712879
0.145542527566 0.000867893593914
0.145807601458 0.000876944360186
0.14607267535 0.000885852869995
0.146337749241 0.000894621941915
0.146602823133 0.000903254340105
0.146867897025 0.000911752388386
0.147132970916 0.000920118606399
0.147398044808 0.000928355521463
0.147663118699 0.000936465517267
0.147928192591 0.000944450970004
0.148193266483 0.000952314349837
0.148458340374 0.000960058749448
0.148723414266 0.000967686579007
0.148988488157 0.000975199784336
0.149253562049 0.000982599807304
0.149518635941 0.000989887675199
0.149783709832 0.000997064664446
0.150048783724 0.00100381153196
0.150313857616 0.00101059809849
0.150578931507 0.00101728937604
0.150844005399 0.0010238815256
0.15110907929 0.00103039065845
0.151374153182 0.00103683470117
0.151639227074 0.00104322510048
0.151904300965 0.00104956831606
0.152169374857 0.00105586682792
0.152434448749 0.0010621194612
0.15269952264 0.00106832234797
0.152964596532 0.00107446846034
0.153229670423 0.00108054899405
0.153494744315 0.00108655370537
0.153759818207 0.00109247263142
0.154024892098 0.00109829698065
0.15428996599 0.0011040197854
0.154555039882 0.0011096324512
0.154820113773 0.00111512711981
0.155085187665 0.00112049705973
0.155350261556 0.00112573676265
0.155615335448 0.00113084202435
0.15588040934 0.00113580979345
0.156145483231 0.00114063811793
0.156410557123 0.00114532599625
0.156675631015 0.00114987369016
0.156940704906 0.00115428163181
0.157205778798 0.0011585508323
0.157470852689 0.00116268389917
0.157735926581 0.00116668399219
0.158001000473 0.00117055388481
0.158266074364 0.0011742964127
0.158531148256 0.00117791455876
0.158796222147 0.0011814113398
0.159061296039 0.00118478955831
0.159326369931 0.00118805190591
0.159591443822 0.00119120099112
0.159856517714 0.00119423915442
0.160121591606 0.00119716824417
0.160386665497 0.00119999049419
0.160651739389 0.00120270789948
0.16091681328 0.00120532220997
0.161181887172 0.00120783558904
0.161446961064 0.00121025194079
0.161712034955 0.00121257327475
0.161977108847 0.00121480123534
0.162242182739 0.00121693717873
0.16250725663 0.00121898202086
0.162772330522 0.00122093660879
0.163037404413 0.00122280164595
0.163302478305 0.0012245773396
0.163567552197 0.0012262633702
0.163832626088 0.00122785987571
0.16409769998 0.00122936698021
0.164362773872 0.00123078500592
0.164627847763 0.00123211454032
0.164892921655 0.00123335575643
0.165157995546 0.00123450942794
0.165423069438 0.00123557719098
0.16568814333 0.00123655956765
0.165953217221 0.00123745718255
0.166218291113 0.00123827065463
0.166483365004 0.00123900062551
0.166748438896 0.00123964753548
0.167013512788 0.00124021146522
0.167278586679 0.00124069251313
0.167543660571 0.00124109142929
0.167808734463 0.0012414084084
0.168073808354 0.0012416436665
0.168338882246 0.00124179754444
0.168603956137 0.00124186992006
0.168869030029 0.00124186120029
0.169134103921 0.0012417729487
0.169399177812 0.00124160526297
0.169664251704 0.0012413585861
0.169929325596 0.00124103320146
0.170194399487 0.00124062904958
0.170459473379 0.0012401461169
0.17072454727 0.00123958439663
0.170989621162 0.0012389437107
0.171254695054 0.00123822345873
0.171519768945 0.00123742299504
0.171784842837 0.00123654258855
0.172049916729 0.00123558167135
0.17231499062 0.00123454138031
0.172580064512 0.00123342190851
0.172845138403 0.00123222297891
0.173110212295 0.00123094345794
0.173375286187 0.00122958331338
0.173640360078 0.00122814174372
0.17390543397 0.00122661835003
0.174170507862 0.00122501202214
0.174435581753 0.00122332196047
0.174700655645 0.00122154810091
0.174965729536 0.00121969103217
0.175230803428 0.00121775152249
0.17549587732 0.00121572946702
0.175760951211 0.00121362530016
0.176026025103 0.00121143949577
0.176291098994 0.00120917218299
0.176556172886 0.00120682172257
0.176821246778 0.00120438835295
0.177086320669 0.00120187244156
0.177351394561 0.00119927460695
0.177616468453 0.0011965966524
0.177881542344 0.00119383850893
0.178146616236 0.00119100103636
0.178411690127 0.00118808512687
0.178676764019 0.00118509098282
0.178941837911 0.00118201888589
0.179206911802 0.00117886967899
0.179471985694 0.00117564499629
0.179737059586 0.00117234669707
0.180002133477 0.00116897714054
0.180267207369 0.0011655369814
0.18053228126 0.00116202823276
0.180797355152 0.00115845338042
0.181062429044 0.00115481405248
0.181327502935 0.001151111314
0.181592576827 0.0011473468854
0.181857650719 0.00114352171031
0.18212272461 0.00113963767309
0.182387798502 0.00113569628881
0.182652872393 0.00113170033239
0.182917946285 0.00112765200164
0.183183020177 0.00112355372625
0.183448094068 0.0011194087692
0.18371316796 0.00111521998017
0.183978241852 0.00111099069818
0.184243315743 0.00110672382585
0.184508389635 0.00110242331382
0.184773463526 0.00109809221909
0.185038537418 0.00109373406254
0.18530361131 0.0010893512417
0.185568685201 0.00108494661902
0.185833759093 0.00108052153683
0.186098832984 0.00107607887134
0.186363906876 0.00107162174144
0.186628980768 0.00106715345888
0.186894054659 0.00106267825919
0.187159128551 0.00105819816545
0.187424202443 0.00105371492925
0.187689276334 0.00104923104732
0.187954350226 0.00104474961176
0.188219424117 0.00104027344031
0.188484498009 0.00103580423953
0.188749571901 0.00103134245946
0.189014645792 0.00102688836959
0.189279719684 0.00102244165392
0.189544793576 0.00101800152021
0.189809867467 0.00101356837867
0.190074941359 0.00100914247772
0.19034001525 0.00100472420067
0.190605089142 0.00100031428499
0.190870163034 0.000995913303225
0.191135236925 0.000991522337382
0.191400310817 0.000987141718291
0.191665384709 0.000982770659522
0.1919304586 0.00097840893785
0.192195532492 0.000974056928495
0.192460606383 0.000969714986545
0.192725680275 0.000965383624961
0.192990754167 0.000961063004233
0.193255828058 0.000956753327053
0.19352090195 0.000952454417396
0.193785975842 0.00094816794819
0.194051049733 0.000943898718243
0.194316123625 0.000939649400045
0.194581197516 0.000935422272206
0.194846271408 0.000931218917616
0.1951113453 0.000927041455894
0.195376419191 0.000922890665817
0.195641493083 0.000918767292031
0.195906566974 0.000914672482816
0.196171640866 0.000910607275834
0.196436714758 0.000906572711323
0.196701788649 0.000902570533387
0.196966862541 0.00089860208431
0.197231936433 0.000894668353276
0.197497010324 0.000890770294431
0.197762084216 0.00088690897068
0.198027158107 0.000883084427538
0.198292231999 0.000879296952901
0.198557305891 0.00087554701539
0.198822379782 0.000871834623708
0.199087453674 0.000868159691729
0.199352527566 0.000864522585658
0.199617601457 0.000860923599694
0.199882675349 0.000857363490413
0.20014774924 0.000853407573117
0.200412823132 0.000849468813416
0.200677897024 0.000845483977039
0.200942970915 0.000841468889376
0.201208044807 0.000837441074772
0.201473118699 0.00083341003815
0.20173819259 0.00082938391137
0.202003266482 0.000825369491499
0.202268340373 0.000821372915571
0.202533414265 0.000817399892363
0.202798488157 0.000813454645659
0.203063562048 0.000809540920991
0.20332863594 0.000805661691047
0.203593709831 0.000801819890669
0.203858783723 0.00079801511744
0.204123857615 0.000794247493704
0.204388931506 0.000790515398612
0.204654005398 0.000786816826291
0.20491907929 0.000783150677008
0.205184153181 0.000779515815173
0.205449227073 0.00077591103442
0.205714300964 0.000772335347903
0.205979374856 0.000768787933371
0.206244448748 0.000765268482276
0.206509522639 0.000761776783153
0.206774596531 0.000758312320221
0.207039670423 0.000754873967787
0.207304744314 0.000751460799061
0.207569818206 0.000748073310814
0.207834892097 0.00074471237617
0.208099965989 0.000741379324422
0.208365039881 0.000738075596546
0.208630113772 0.000734802919857
0.208895187664 0.000731563090529
0.209160261556 0.000728358053424
0.209425335447 0.000725190056705
0.209690409339 0.000722061288593
0.20995548323 0.000718973633026
0.210220557122 0.000715929206436
0.210485631014 0.000712929363453
0.210750704905 0.000709975202708
0.211015778797 0.000707068046093
0.211280852689 0.000704209415355
0.21154592658 0.000701401499114
0.211811000472 0.000698646144159
0.212076074363 0.000695945369752
0.212341148255 0.000693301371468
0.212606222147 0.000690716305632
0.212871296038 0.000688192300291
0.21313636993 0.000685731603292
0.213401443821 0.000683335982055
0.213666517713 0.000681007638926
0.213931591605 0.000678747814451
0.214196665496 0.00067655845155
0.214461739388 0.000674441164401
0.21472681328 0.00067239652653
0.214991887171 0.000670426428437
0.215256961063 0.000668532119184
0.215522034954 0.000666715634036
0.215787108846 0.000664979034603
0.216052182738 0.000663324269836
0.216317256629 0.000661753733629
0.216582330521 0.000660269353304
0.216847404413 0.000658873207425
0.217112478304 0.000657567569765
0.217377552196 0.000656354565673
0.217642626087 0.000655236355437
0.217907699979 0.000654214555654
0.218172773871 0.00065329047778
0.218437847762 0.000652464871755
0.218702921654 0.000651739732687
0.218967995546 0.000651116607921
0.219233069437 0.000650599017115
0.219498143329 0.000650189614055
0.21976321722 0.000649891016287
0.220028291112 0.000649705428725
0.220293365004 0.000649635362001
0.220558438895 0.000649683270627
0.220823512787 0.000649851690839
0.221088586679 0.000650143041475
0.22135366057 0.000650559371496
0.221618734462 0.000651102268152
0.221883808353 0.000651774219291
0.222148882245 0.000652577156089
0.222413956137 0.000653513257163
0.222679030028 0.000654585764775
0.22294410392 0.000655798210095
0.223209177811 0.000657153523589
0.223474251703 0.000658654220058
0.223739325595 0.000660303153839
0.224004399486 0.000662103049155
0.224269473378 0.000664055228983
0.22453454727 0.000666161776416
0.224799621161 0.000668424958811
0.225064695053 0.000670847147074
0.225329768944 0.000673430865685
0.225594842836 0.000676179365804
0.225859916728 0.00067909533008
0.226124990619 0.000682181254281
0.226390064511 0.000685438877736
0.226655138403 0.000688868540759
0.226920212294 0.000692472616244
0.227185286186 0.000696253205064
0.227450360077 0.000700213386982
0.227715433969 0.000704355391656
0.227980507861 0.000708680390576
0.228245581752 0.000713190973247
0.228510655644 0.000717888150053
0.228775729536 0.000722772763012
0.229040803427 0.000727844862805
0.229305877319 0.000733106350828
0.22957095121 0.000738558320749
0.229836025102 0.000744200348982
0.230101098994 0.000750026018317
0.230366172885 0.000756035022097
0.230631246777 0.000762229072768
0.230896320669 0.000768610423418
0.23116139456 0.000775176570254
0.231426468452 0.000781930030386
0.231691542343 0.000788873446098
0.231956616235 0.000796006391093
0.232221690127 0.000803330070809
0.232486764018 0.000810847038051
0.23275183791 0.000818554300618
0.233016911801 0.000826448699048
0.233281985693 0.000834530856426
0.233547059585 0.000842800922257
0.233812133476 0.000851253466926
0.234077207368 0.00085988183406
0.23434228126 0.000868685573763
0.234607355151 0.000877663242318
0.234872429043 0.000886811925634
0.235137502934 0.000896128731141
0.235402576826 0.000905608841693
0.235667650718 0.000915251539254
0.235932724609 0.000925054937693
0.236197798501 0.000935012598875
0.236462872393 0.000945119042169
0.236727946284 0.000955367668509
0.236993020176 0.000965754090302
0.237258094067 0.000976272371714
0.237523167959 0.000986914273423
0.237788241851 0.000997670821344
0.238053315742 0.0010085293216
0.238318389634 0.00101947736175
0.238583463526 0.00103050214518
0.238848537417 0.00104159276499
0.239113611309 0.00105274094036
0.2393786852 0.00106393647129
0.239643759092 0.00107516702149
0.239908832984 0.00108641936391
0.240173906875 0.00109767953509
0.240438980767 0.0011089338558
0.240704054658 0.00112016891674
0.24096912855 0.00113137138981
0.241234202442 0.00114252810335
0.241499276333 0.00115363061718
0.241764350225 0.00116466625273
0.242029424117 0.00117562134955
0.242294498008 0.00118648364718
0.2425595719 0.00119724268058
0.242824645791 0.00120788908552
0.243089719683 0.00121841519841
0.243354793575 0.00122881375601
0.243619867466 0.00123907871059
0.243884941358 0.00124921026639
0.24415001525 0.00125920574587
0.244415089141 0.00126906255425
0.244680163033 0.00127877864059
0.244945236924 0.00128835244681
0.245210310816 0.00129778294684
0.245475384708 0.00130706936849
0.245740458599 0.00131621146975
0.246005532491 0.00132520985534
0.246270606383 0.00133406702796
0.246535680274 0.00134278570357
0.246800754166 0.00135136796598
0.247065828057 0.00135981609831
0.247330901949 0.00136813256151
0.247595975841 0.00137631983899
0.247861049732 0.00138438053329
0.248126123624 0.00139231731484
0.248391197516 0.00140013341571
0.248656271407 0.00140783139285
0.248921345299 0.00141541302672
0.24918641919 0.00142287981791
0.249451493082 0.00143023312004
0.249716566974 0.00143747453974
0.249981640865 0.00144460571992
0.250246714757 0.00145130610011
0.250511788648 0.00145804805424
0.25077686254 0.00146469585874
0.251041936432 0.0014712458395
0.251307010323 0.00147771436983
0.251572084215 0.00148411980252
0.251837158107 0.00149047273359
0.252102231998 0.00149677982987
0.25236730589 0.00150304341717
0.252632379781 0.00150926239515
0.252897453673 0.00151543263343
0.253162527565 0.00152154701818
0.253427601456 0.00152759677392
0.253692675348 0.00153357171883
0.25395774924 0.00153946255682
0.254222823131 0.00154526120319
0.254487897023 0.00155095964115
0.254752970914 0.00155654904706
0.255018044806 0.00156202171284
0.255283118698 0.00156737095457
0.255548192589 0.00157259133445
0.255813266481 0.00157767864872
0.256078340373 0.00158262978422
0.256343414264 0.00158744277546
0.256608488156 0.00159211714768
0.256873562047 0.00159665259268
0.257138635939 0.00160104946132
0.257403709831 0.00160531008027
0.257668783722 0.00160943707651
0.257933857614 0.00161343299763
0.258198931506 0.001617300463
0.258464005397 0.00162104234074
0.258729079289 0.00162466154451
0.25899415318 0.00162816080463
0.259259227072 0.00163154279312
0.259524300964 0.00163481021596
0.259789374855 0.00163796542047
0.260054448747 0.00164101036872
0.260319522638 0.00164394750197
0.26058459653 0.00164677881447
0.260849670422 0.00164950610219
0.261114744313 0.00165213247595
0.261379818205 0.00165466125632
0.261644892097 0.00165709436702
0.261909965988 0.00165943343816
0.26217503988 0.00166167993376
0.262440113771 0.00166383491463
0.262705187663 0.00166589925267
0.262970261555 0.00166787377032
0.263235335446 0.00166975874661
0.263500409338 0.00167155390536
0.26376548323 0.00167325924676
0.264030557121 0.00167487484317
0.264295631013 0.00167640113796
0.264560704904 0.0016778385036
0.264825778796 0.00167918708695
0.265090852688 0.00168044834673
0.265355926579 0.00168162367986
0.265621000471 0.0016827133182
0.265886074363 0.00168371783502
0.266151148254 0.00168463782907
0.266416222146 0.00168547393988
0.266681296037 0.00168622647968
0.266946369929 0.00168689551801
0.267211443821 0.00168748121538
0.267476517712 0.00168798441696
0.267741591604 0.00168840515116
0.268006665496 0.00168874380813
0.268271739387 0.00168900056798
0.268536813279 0.00168917532987
0.26880188717 0.00168926926905
0.269066961062 0.00168928363787
0.269332034954 0.00168921830477
0.269597108845 0.0016890736584
0.269862182737 0.00168884985882
0.270127256628 0.00168854688516
0.27039233052 0.00168816475677
0.270657404412 0.00168770346692
0.270922478303 0.00168716296924
0.271187552195 0.00168654269596
0.271452626087 0.00168584204012
0.271717699978 0.00168506123482
0.27198277387 0.00168419985065
0.272247847761 0.00168325927278
0.272512921653 0.00168223948944
0.272777995545 0.00168114025842
0.273043069436 0.00167996025317
0.273308143328 0.00167869944629
0.27357321722 0.00167735710858
0.273838291111 0.00167593283217
0.274103365003 0.00167442550388
0.274368438894 0.0016728341999
0.274633512786 0.00167115887405
0.274898586678 0.00166940083216
0.275163660569 0.00166756044279
0.275428734461 0.00166563745623
0.275693808353 0.00166363232564
0.275958882244 0.00166154551051
0.276223956136 0.00165937710619
0.276489030027 0.00165712541335
0.276754103919 0.00165479067122
0.277019177811 0.00165237327605
0.277284251702 0.00164987422105
0.277549325594 0.00164729519643
0.277814399485 0.00164463604004
0.278079473377 0.00164189760202
0.278344547269 0.00163908064637
0.27860962116 0.00163618547554
0.278874695052 0.00163321229361
0.279139768944 0.00163016197224
0.279404842835 0.00162703639421
0.279669916727 0.00162383736832
0.279934990618 0.00162056696005
0.28020006451 0.00161722600659
0.280465138402 0.00161381648993
0.280730212293 0.001610341021
0.280995286185 0.00160680119404
0.281260360077 0.00160319789004
0.281525433968 0.00159953299108
0.28179050786 0.00159580742056
0.282055581751 0.00159202326955
0.282320655643 0.00158818184863
0.282585729535 0.00158428600157
0.282850803426 0.00158033773282
0.283115877318 0.00157633972903
0.28338095121 0.00157229522725
0.283646025101 0.00156820711412
0.283911098993 0.00156407866367
0.284176172884 0.00155991280227
0.284441246776 0.00155571346593
0.284706320668 0.00155148376408
0.284971394559 0.00154722721245
0.285236468451 0.00154294660915
0.285501542343 0.00153864437017
0.285766616234 0.00153432158449
0.286031690126 0.00152998133458
0.286296764017 0.00152562676927
0.286561837909 0.00152126115093
0.286826911801 0.00151688858795
0.287091985692 0.00151251087382
0.287357059584 0.00150812986105
0.287622133475 0.00150374820466
0.287887207367 0.00149936906062
0.288152281259 0.00149499434388
0.28841735515 0.00149062599144
0.288682429042 0.00148626366303
0.288947502934 0.00148190788638
0.289212576825 0.00147755810016
0.289477650717 0.00147321366231
0.289742724608 0.00146887508692
0.2900077985 0.00146454265995
0.290272872392 0.00146021687009
0.290537946283 0.00145589826971
0.290803020175 0.00145158736901
0.291068094067 0.00144728520213
0.291333167958 0.0014429913353
0.29159824185 0.00143870503704
0.291863315741 0.00143442643724
0.292128389633 0.00143015581441
0.292393463525 0.00142589354881
0.292658537416 0.00142164023246
0.292923611308 0.00141739613465
0.2931886852 0.0014131617072
0.293453759091 0.00140893621216
0.293718832983 0.00140472171001
0.293983906874 0.00140052332764
0.294248980766 0.00139634349881
0.294514054658 0.00139218426396
0.294779128549 0.00138804753008
0.295044202441 0.00138393497345
0.295309276333 0.00137984725205
0.295574350224 0.00137578521035
0.295839424116 0.00137174992138
0.296104498007 0.00136774228827
0.296369571899 0.00136376366324
0.296634645791 0.00135981571478
0.296899719682 0.00135589954592
0.297164793574 0.00135201617977
0.297429867465 0.00134816655169
0.297694941357 0.00134435182477
0.297960015249 0.00134057285814
0.29822508914 0.00133682930993
0.298490163032 0.00133312210568
0.298755236924 0.00132945076706
0.299020310815 0.00132581491515
0.299285384707 0.00132221492032
0.299550458598 0.00131865124892
0.29981553249 0.00131512464371
0.300080606382 0.00131120145851
0.300345680273 0.00130729352605
0.300610754165 0.00130333792995
0.300875828057 0.00129935088341
0.301140901948 0.0012953500402
0.30140597584 0.00129134502826
0.301671049731 0.00128734407532
0.301936123623 0.00128335388444
0.302201197515 0.00127938060877
0.302466271406 0.00127542987499
0.302731345298 0.00127150617129
0.30299641919 0.00126761309108
0.303261493081 0.00126375355837
0.303526566973 0.0012599306015
0.303791640864 0.00125614393578
0.304056714756 0.00125239358846
0.304321788648 0.00124867791423
0.304586862539 0.00124499465235
0.304851936431 0.00124134276855
0.305117010322 0.00123772102178
0.305382084214 0.00123412827472
0.305647158106 0.00123056341768
0.305912231997 0.00122702565651
0.306177305889 0.00122351475105
0.306442379781 0.00122003045989
0.306707453672 0.00121657262004
0.306972527564 0.0012131398497
0.307237601455 0.00120973154888
0.307502675347 0.00120634772534
0.307767749239 0.00120298935748
0.30803282313 0.00119965771989
0.308297897022 0.00119635429428
0.308562970914 0.00119308075149
0.308828044805 0.00118983889879
0.309093118697 0.00118663077268
0.309358192588 0.00118345860102
0.30962326648 0.00118032452588
0.309888340372 0.00117723060456
0.310153414263 0.00117417889528
0.310418488155 0.00117117125933
0.310683562047 0.0011682083262
0.310948635938 0.00116529175659
0.31121370983 0.00116242278328
0.311478783721 0.00115960358433
0.311743857613 0.00115683612949
0.312008931505 0.0011541223942
0.312274005396 0.00115146456691
0.312539079288 0.00114886475419
0.31280415318 0.00114632517776
0.313069227071 0.001143848047
0.313334300963 0.00114143504694
0.313599374854 0.0011390885005
0.313864448746 0.00113680960405
0.314129522638 0.00113460037477
0.314394596529 0.00113246284715
0.314659670421 0.00113039721115
0.314924744312 0.00112840565866
0.315189818204 0.00112648913116
0.315454892096 0.00112464971199
0.315719965987 0.00112288946215
0.315985039879 0.00112121035321
0.316250113771 0.00111961472338
0.316515187662 0.00111810463102
0.316780261554 0.00111668207876
0.317045335445 0.0011153493555
0.317310409337 0.00111410864373
0.317575483229 0.00111296209358
0.31784055712 0.00111191148217
0.318105631012 0.00111095844022
0.318370704904 0.00111010330149
0.318635778795 0.00110934806019
0.318900852687 0.00110869415133
0.319165926578 0.00110814497662
0.31943100047 0.00110770329464
0.319696074362 0.00110737173265
0.319961148253 0.00110715257556
0.320226222145 0.00110704827968
0.320491296037 0.00110706131909
0.320756369928 0.00110719420099
0.32102144382 0.00110744943889
0.321286517711 0.00110782935619
0.321551591603 0.001108335193
0.321816665495 0.00110896964867
0.322081739386 0.00110973454566
0.322346813278 0.00111063207117
0.32261188717 0.00111166487847
0.322876961061 0.00111283697404
0.323142034953 0.00111415127839
0.323407108844 0.00111561039799
0.323672182736 0.00111721709745
0.323937256628 0.00111897424442
0.324202330519 0.00112088344574
0.324467404411 0.00112294654069
0.324732478302 0.00112516578184
0.324997552194 0.00112754356244
0.325262626086 0.0011300821065
0.325527699977 0.00113278487257
0.325792773869 0.00113565460269
0.326057847761 0.0011386938265
0.326322921652 0.00114190467998
0.326587995544 0.00114528742957
0.326853069435 0.0011488441395
0.327118143327 0.0011525770168
0.327383217219 0.00115648892542
0.32764829111 0.00116058252244
0.327913365002 0.00116485872001
0.328178438894 0.00116932008653
0.328443512785 0.00117396828889
0.328708586677 0.00117880362608
0.328973660568 0.0011838264543
0.32923873446 0.00118903893131
0.329503808352 0.00119444120265
0.329768882243 0.00120003522276
0.330033956135 0.00120581375561
0.330299030027 0.00121177566893
0.330564103918 0.00121792230934
0.33082917781 0.00122425592476
0.331094251701 0.00123077541925
0.331359325593 0.00123748192152
0.331624399485 0.00124437781575
0.331889473376 0.00125146417044
0.332154547268 0.00125874096381
0.332419621159 0.00126621078659
0.332684695051 0.00127387310745
0.332949768943 0.00128172258466
0.333214842834 0.00128975998695
0.333479916726 0.00129798575953
0.333744990618 0.00130639663523
0.334010064509 0.0013149842452
0.334275138401 0.00132374750298
0.334540212292 0.00133268571267
0.334805286184 0.00134179593445
0.335070360076 0.00135107547756
0.335335433967 0.00136052000696
0.335600507859 0.00137012713082
0.335865581751 0.00137989650831
0.336130655642 0.00138982209835
0.336395729534 0.00139989809823
0.336660803425 0.0014101184639
0.336925877317 0.00142047775108
0.337190951209 0.00143097112307
0.3374560251 0.00144159049257
0.337721098992 0.00145232692301
0.337986172884 0.0014631687953
0.338251246775 0.00147410341838
0.338516320667 0.00148511774319
0.338781394558 0.00149620098702
0.33904646845 0.00150734339915
0.339311542342 0.00151853636789
0.339576616233 0.00152976761484
0.339841690125 0.0015410240382
0.340106764017 0.00155229174892
0.340371837908 0.00156355700077
0.3406369118 0.00157480625693
0.340901985691 0.00158602644694
0.341167059583 0.0015972039066
0.341432133475 0.00160832932982
0.341697207366 0.0016193912679
0.341962281258 0.00163037553858
0.342227355149 0.00164126976872
0.342492429041 0.00165206312767
0.342757502933 0.00166274602944
0.343022576824 0.00167331041354
0.343287650716 0.0016837489195
0.343552724608 0.00169405525043
0.343817798499 0.00170422837406
0.344082872391 0.00171426610858
0.344347946282 0.00172416576516
0.344613020174 0.00173392515137
0.344878094066 0.00174354248597
0.345143167957 0.00175301672533
0.345408241849 0.00176234701615
0.345673315741 0.00177153296388
0.345938389632 0.00178057478617
0.346203463524 0.001789474788
0.346468537415 0.00179823574965
0.346733611307 0.00180685981846
0.346998685199 0.00181534916159
0.34726375909 0.00182370619937
0.347528832982 0.00183193343502
0.347793906874 0.00184003339722
0.348058980765 0.0018480089095
0.348324054657 0.00185586302374
0.348589128548 0.00186359847859
0.34885420244 0.0018712171693
0.349119276332 0.00187872067693
0.349384350223 0.0018861103796
0.349649424115 0.00189338782198
0.349914498007 0.00190055471903
0.350179571898 0.00190729091733
0.35044464579 0.00191406852616
0.350709719681 0.00192075158238
0.350974793573 0.00192733630358
0.351239867465 0.00193383905659
0.351504941356 0.00194027824847
0.351770015248 0.00194666468162
0.352035089139 0.00195300520447
0.352300163031 0.00195930222806
0.352565236923 0.00196555478441
0.352830310814 0.00197175885298
0.353095384706 0.00197790741348
0.353360458598 0.00198399172124
0.353625532489 0.00199000164996
0.353890606381 0.00199592776643
0.354155680272 0.00200176188465
0.354420754164 0.00200749617793
0.354685828056 0.00201312179693
0.354950901947 0.00201863098762
0.355215975839 0.00202401702994
0.355481049731 0.0020292744505
0.355746123622 0.00203439901456
0.356011197514 0.00203938756955
0.356276271405 0.00204423811003
0.356541345297 0.00204895005199
0.356806419189 0.00205352319637
0.35707149308 0.00205795780698
0.357336566972 0.00206225597935
0.357601640864 0.00206642047974
0.357866714755 0.00207045384809
0.358131788647 0.00207435870911
0.358396862538 0.00207813787544
0.35866193643 0.00208179432149
0.358927010322 0.00208533078068
0.359192084213 0.00208874992298
0.359457158105 0.00209205445898
0.359722231997 0.00209524682098
0.359987305888 0.00209832892966
0.36025237978 0.00210130316394
0.360517453671 0.00210417157574
0.360782527563 0.0021069359739
0.361047601455 0.00210959905459
0.361312675346 0.00211216448092
0.361577749238 0.0021146342106
0.361842823129 0.00211700988164
0.362107897021 0.0021192929725
0.362372970913 0.0021214846478
0.362638044804 0.00212358574927
0.362903118696 0.00212559711389
0.363168192588 0.00212751909081
0.363433266479 0.00212935149701
0.363698340371 0.00213109425297
0.363963414262 0.0021327474039
0.364228488154 0.00213431130048
0.364493562046 0.00213578638823
0.364758635937 0.00213717280818
0.365023709829 0.00213847174494
0.365288783721 0.00213968480677
0.365553857612 0.00214081229114
0.365818931504 0.00214185468062
0.366084005395 0.00214281257552
0.366349079287 0.00214368655181
0.366614153179 0.00214447703783
0.36687922707 0.00214518408818
0.367144300962 0.00214580779192
0.367409374854 0.00214634900744
0.367674448745 0.0021468078154
0.367939522637 0.00214718452255
0.368204596528 0.00214747940317
0.36846967042 0.0021476923485
0.368734744312 0.002147824252
0.368999818203 0.00214787668476
0.369264892095 0.00214784940454
0.369529965986 0.00214774279133
0.369795039878 0.00214755706619
0.37006011377 0.00214729219018
0.370325187661 0.00214694818422
0.370590261553 0.00214652503323
0.370855335445 0.00214602269806
0.371120409336 0.00214544067931
0.371385483228 0.00214477849013
0.371650557119 0.00214403608962
0.371915631011 0.00214321302628
0.372180704903 0.00214231072391
0.372445778794 0.0021413293248
0.372710852686 0.00214026866427
0.372975926578 0.00213912738269
0.373241000469 0.00213790529087
0.373506074361 0.00213660182691
0.373771148252 0.0021352166013
0.374036222144 0.00213374839142
0.374301296036 0.00213219634691
0.374566369927 0.00213056025159
0.374831443819 0.00212884102265
0.375096517711 0.0021270397833
0.375361591602 0.00212515581941
0.375626665494 0.00212318958668
0.375891739385 0.00212114155264
0.376156813277 0.00211901199931
0.376421887169 0.00211679934946
0.37668696106 0.00211450354135
0.376952034952 0.0021121249564
0.377217108844 0.00210966433063
0.377482182735 0.00210712365637
0.377747256627 0.00210450277426
0.378012330518 0.00210180242338
0.37827740441 0.00209902344484
0.378542478302 0.00209616605531
0.378807552193 0.00209323069204
0.379072626085 0.00209021783832
0.379337699976 0.00208712935877
0.379602773868 0.00208396704805
0.37986784776 0.00208073310987
0.380132921651 0.00207742817653
0.380397995543 0.00207405428213
0.380663069435 0.00207061386767
0.380928143326 0.00206710880863
0.381193217218 0.00206354005063
0.381458291109 0.00205990932465
0.381723365001 0.00205621793092
0.381988438893 0.00205246726106
0.382253512784 0.00204865909307
0.382518586676 0.00204479595217
0.382783660568 0.00204088002191
0.383048734459 0.00203691358025
0.383313808351 0.00203290014782
0.383578882242 0.00202884244191
0.383843956134 0.00202474385436
0.384109030026 0.00202060724899
0.384374103917 0.00201643640551
0.384639177809 0.00201223455772
0.384904251701 0.00200800508943
0.385169325592 0.00200375145868
0.385434399484 0.00199947569827
0.385699473375 0.00199517906651
0.385964547267 0.00199086430371
0.386229621159 0.00198653458653
0.38649469505 0.00198219291777
0.386759768942 0.00197784371134
0.387024842834 0.00197348901188
0.387289916725 0.00196913051759
0.387554990617 0.00196477081932
0.387820064508 0.00196041291074
0.3880851384 0.00195605904134
0.388350212292 0.00195171095244
0.388615286183 0.00194736874491
0.388880360075 0.00194303283039
0.389145433966 0.00193870280843
0.389410507858 0.00193437791014
0.38967558175 0.00193005843658
0.389940655641 0.00192574485569
0.390205729533 0.00192143757541
0.390470803425 0.00191713713226
0.390735877316 0.00191284402624
0.391000951208 0.00190855917419
0.391266025099 0.00190428256123
0.391531098991 0.00190001299967
0.391796172883 0.00189575069197
0.392061246774 0.00189149598256
0.392326320666 0.00188724919823
0.392591394558 0.00188301090095
0.392856468449 0.00187878147337
0.393121542341 0.00187456127333
0.393386616232 0.00187034987488
0.393651690124 0.00186614836196
0.393916764016 0.0018619621073
0.394181837907 0.00185779362257
0.394446911799 0.00185364503253
0.394711985691 0.00184951822972
0.394977059582 0.00184541502663
0.395242133474 0.00184133610853
0.395507207365 0.00183728231668
0.395772281257 0.00183325470109
0.396037355149 0.00182925417643
0.39630242904 0.00182528194102
0.396567502932 0.00182133970333
0.396832576823 0.00181742864375
0.397097650715 0.0018135497615
0.397362724607 0.00180970399388
0.397627798498 0.00180589247056
0.39789287239 0.00180211663592
0.398157946282 0.0017983756907
0.398423020173 0.00179467054868
0.398688094065 0.00179100127851
0.398953167956 0.00178736704014
0.399218241848 0.00178376818633
0.39948331574 0.00178020511616
0.399748389631 0.00177667856816
0.400013463523 0.00177275558231
0.400278537415 0.00176884708526
0.400543611306 0.0017648903751
0.400808685198 0.00176090198782
0.401073759089 0.0017568995632
0.401338832981 0.00175289286404
0.401603906873 0.00174889006758
0.401868980764 0.00174489786701
0.402134054656 0.00174092235483
0.402399128548 0.0017369691393
0.402664202439 0.00173304275263
0.402929276331 0.00172914669473
0.403194350222 0.00172528388031
0.403459424114 0.00172145735245
0.403724498006 0.00171766712368
0.403989571897 0.00171391296716
0.404254645789 0.00171019349355
0.404519719681 0.00170650613251
0.404784793572 0.00170284982193
0.405049867464 0.00169922331664
0.405314941355 0.00169562545104
0.405580015247 0.00169205510722
0.405845089139 0.00168851146897
0.40611016303 0.00168499421665
0.406375236922 0.00168150315747
0.406640310813 0.00167803822915
0.406905384705 0.00167459828142
0.407170458597 0.00167118274493
0.407435532488 0.00166779123887
0.40770060638 0.001664424705
0.407965680272 0.00166108440942
0.408230754163 0.00165777180405
0.408495828055 0.00165448855171
0.408760901946 0.00165123643588
0.409025975838 0.0016480174907
0.40929104973 0.00164483391581
0.409556123621 0.00164168788432
0.409821197513 0.00163858154722
0.410086271405 0.00163551686556
0.410351345296 0.00163249609415
0.410616419188 0.0016295196692
0.410881493079 0.00162658948329
0.411146566971 0.00162370636884
0.411411640863 0.00162087250563
0.411676714754 0.00161809001126
0.411941788646 0.00161536071911
0.412206862538 0.00161268681946
0.412471936429 0.00161007040685
0.412737010321 0.00160751369948
0.413002084212 0.001605018858
0.413267158104 0.0016025877328
0.413532231996 0.00160022241466
0.413797305887 0.00159792429003
0.414062379779 0.00159569529243
0.414327453671 0.00159353744549
0.414592527562 0.00159145146842
0.414857601454 0.00158943911046
0.415122675345 0.00158750143962
0.415387749237 0.00158564033797
0.415652823129 0.00158385787421
0.41591789702 0.00158215604518
0.416182970912 0.00158053708394
0.416448044803 0.00157900319812
0.416713118695 0.00157755627522
0.416978192587 0.00157619861999
0.417243266478 0.00157493242285
0.41750834037 0.00157375983633
0.417773414262 0.00157268280934
0.418038488153 0.00157170305978
0.418303562045 0.00157082099003
0.418568635936 0.00157003828007
0.418833709828 0.00156935654647
0.41909878372 0.00156877859717
0.419363857611 0.00156830744661
0.419628931503 0.0015679457338
0.419894005395 0.00156769584887
0.420159079286 0.00156756017488
0.420424153178 0.00156754119617
0.420689227069 0.00156764136819
0.420954300961 0.00156786329128
0.421219374853 0.0015682092911
0.421484448744 0.00156868086942
0.421749522636 0.00156928039627
0.422014596528 0.00157000989722
0.422279670419 0.00157087146704
0.422544744311 0.00157186748479
0.422809818202 0.00157300189249
0.423074892094 0.00157427772208
0.423339965986 0.00157569770397
0.423605039877 0.00157726454898
0.423870113769 0.00157898113153
0.424135187661 0.00158084949133
0.424400261552 0.00158287112974
0.424665335444 0.00158504831702
0.424930409335 0.0015873834159
0.425195483227 0.00158987841745
0.425460557119 0.00159253694222
0.42572563101 0.0015953617338
0.425990704902 0.00159835539041
0.426255778793 0.00160152026111
0.426520852685 0.00160485695947
0.426785926577 0.00160836697423
0.427051000468 0.00161205263311
0.42731607436 0.00161591648137
0.427581148252 0.00161996150476
0.427846222143 0.00162418880016
0.428111296035 0.00162860059844
0.428376369926 0.00163319932706
0.428641443818 0.00163798466759
0.42890651771 0.00164295777322
0.429171591601 0.0016481198767
0.429436665493 0.00165347131455
0.429701739385 0.00165901521316
0.429966813276 0.00166474518388
0.430231887168 0.00167065832306
0.430496961059 0.00167675557687
0.430762034951 0.0016830393921
0.431027108843 0.00168950979249
0.431292182734 0.00169616648166
0.431557256626 0.00170301187437
0.431822330518 0.00171004823762
0.432087404409 0.00171727428117
0.432352478301 0.00172469295003
0.432617552192 0.00173230581402
0.432882626084 0.0017401058505
0.433147699976 0.00174809369608
0.433412773867 0.00175626995048
0.433677847759 0.00176463388508
0.43394292165 0.00177317517849
0.434207995542 0.00178189197479
0.434473069434 0.00179078443087
0.434738143325 0.00179984974738
0.435003217217 0.0018090851555
0.435268291109 0.00181848697382
0.435533365 0.00182805083323
0.435798438892 0.00183777822089
0.436063512783 0.00184766362431
0.436328586675 0.00185770079357
0.436593660567 0.00186788421139
0.436858734458 0.00187820725395
0.43712380835 0.0018886663756
0.437388882242 0.00189925369264
0.437653956133 0.00190996046666
0.437919030025 0.00192077613229
0.438184103916 0.00193168764312
0.438449177808 0.00194268201292
0.4387142517 0.00195374820269
0.438979325591 0.00196487481153
0.439244399483 0.00197605531621
0.439509473375 0.00198727742689
0.439774547266 0.00199852813492
0.440039621158 0.00200979371506
0.440304695049 0.00202106037884
0.440569768941 0.00203231442347
0.440834842833 0.0020435428721
0.441099916724 0.00205473193449
0.441364990616 0.0020658709794
0.441630064508 0.0020769500889
0.441895138399 0.00208795479145
0.442160212291 0.00209887252291
0.442425286182 0.00210969200821
0.442690360074 0.00212040337031
0.442955433966 0.00213099807122
0.443220507857 0.00214146876746
0.443485581749 0.00215180878438
0.44375065564 0.00216201553863
0.444015729532 0.00217208754964
0.444280803424 0.00218202213901
0.444545877315 0.00219181695135
0.444810951207 0.00220147007303
0.445076025099 0.002210980323
0.44534109899 0.00222034679473
0.445606172882 0.0022295689192
0.445871246773 0.00223864670623
0.446136320665 0.00224758177436
0.446401394557 0.00225637721164
0.446666468448 0.00226503527065
0.44693154234 0.00227355799816
0.447196616232 0.00228194776067
0.447461690123 0.00229020707909
0.447726764015 0.0022983383394
0.447991837906 0.00230634454365
0.448256911798 0.00231422852786
0.44852198569 0.00232199321175
0.448787059581 0.00232964071375
0.449052133473 0.00233717261821
0.449317207365 0.00234459036082
0.449582281256 0.00235189541261
0.449847355148 0.00235908953248
0.450112429039 0.00236585287279
0.450377502931 0.00237265728257
0.450642576823 0.00237936665242
0.450907650714 0.00238597711451
0.451172724606 0.00239250499865
0.451437798498 0.00239896875798
0.451702872389 0.00240537940408
0.451967946281 0.00241174394747
0.452233020172 0.00241806488338
0.452498094064 0.00242434133628
0.452763167956 0.00243056942466
0.453028241847 0.00243674218774
0.453293315739 0.00244285088988
0.45355838963 0.00244888547915
0.453823463522 0.00245483631557
0.454088537414 0.0024606950774
0.454353611305 0.00246645418501
0.454618685197 0.00247210481393
0.454883759089 0.00247763912595
0.45514883298 0.00248305039071
0.455413906872 0.002488333092
0.455678980763 0.00249348298247
0.455944054655 0.0024984968945
0.456209128547 0.00250337277849
0.456474202438 0.00250810991256
0.45673927633 0.0025127082734
0.457004350222 0.00251716805255
0.457269424113 0.00252149090309
0.457534498005 0.00252567986972
0.457799571896 0.00252973749059
0.458064645788 0.00253366642224
0.45832971968 0.00253746941987
0.458594793571 0.00254114951768
0.458859867463 0.00254470948601
0.459124941355 0.00254815200375
0.459390015246 0.00255147976233
0.459655089138 0.00255469528084
0.459920163029 0.00255780050208
0.460185236921 0.00256079767421
0.460450310813 0.00256368896339
0.460715384704 0.00256647619592
0.460980458596 0.00256916138027
0.461245532487 0.0025717486663
0.461510606379 0.00257424013719
0.461775680271 0.00257663746249
0.462040754162 0.00257894213452
0.462305828054 0.00258115542315
0.462570901946 0.00258327814344
0.462835975837 0.00258531115361
0.463101049729 0.00258725491984
0.46336612362 0.00258910935363
0.463631197512 0.00259087428734
0.463896271404 0.00259254975711
0.464161345295 0.00259413595735
0.464426419187 0.00259563348148
0.464691493079 0.00259704245548
0.46495656697 0.00259836354576
0.465221640862 0.00259959871833
0.465486714753 0.00260074840204
0.465751788645 0.00260181301186
0.466016862537 0.00260279313536
0.466281936428 0.00260368933088
0.46654701032 0.00260450210253
0.466812084212 0.00260523155108
0.467077158103 0.00260587774698
0.467342231995 0.00260644135097
0.467607305886 0.00260692266013
0.467872379778 0.00260732183477
0.46813745367 0.0026076393148
0.468402527561 0.00260787498918
0.468667601453 0.00260802920884
0.468932675345 0.00260810387173
0.469197749236 0.00260809898811
0.469462823128 0.00260801477027
0.469727897019 0.00260785153321
0.469992970911 0.00260760922288
0.470258044803 0.00260728785623
0.470523118694 0.0026068874247
0.470788192586 0.0026064078985
0.471053266477 0.00260584883577
0.471318340369 0.00260520990656
0.471583414261 0.00260449071103
0.471848488152 0.00260369114472
0.472113562044 0.00260281196244
0.472378635936 0.00260185379752
0.472643709827 0.00260081660568
0.472908783719 0.00259969902613
0.47317385761 0.00259850067371
0.473438931502 0.00259722121706
0.473704005394 0.00259586004917
0.473969079285 0.00259441623837
0.474234153177 0.00259288886954
0.474499227069 0.00259127747828
0.47476430096 0.00258958226226
0.475029374852 0.00258780553261
0.475294448743 0.00258594588989
0.475559522635 0.00258400386063
0.475824596527 0.00258197992888
0.476089670418 0.00257987452166
0.47635474431 0.00257768644866
0.476619818202 0.00257541513866
0.476884892093 0.0025730609386
0.477149965985 0.002570624295
0.477415039876 0.00256810718499
0.477680113768 0.00256551002181
0.47794518766 0.00256283317514
0.478210261551 0.00256007753631
0.478475335443 0.00255724337339
0.478740409335 0.00255433134214
0.479005483226 0.002551341392
0.479270557118 0.00254827531067
0.479535631009 0.00254513499569
0.479800704901 0.0025419226744
0.480065778793 0.0025386389635
0.480330852684 0.00253528580503
0.480595926576 0.00253186540383
0.480861000467 0.00252838005448
0.481126074359 0.00252483070045
0.481391148251 0.00252121889395
0.481656222142 0.0025175464447
0.481921296034 0.0025138138739
0.482186369926 0.00251002350355
0.482451443817 0.0025061774466
0.482716517709 0.00250227817043
0.4829815916 0.00249832762293
0.483246665492 0.00249432927141
0.483511739384 0.0024902858663
0.483776813275 0.00248620078848
0.484041887167 0.00248207694452
0.484306961059 0.00247791787766
0.48457203495 0.0024737269906
0.484837108842 0.00246950755104
0.485102182733 0.00246526356971
0.485367256625 0.00246099647853
0.485632330517 0.00245670841548
0.485897404408 0.00245240137321
0.4861624783 0.00244807855866
0.486427552192 0.00244374297383
0.486692626083 0.00243939878553
0.486957699975 0.00243504875347
0.487222773866 0.00243069436273
0.487487847758 0.00242633806028
0.48775292165 0.00242198256253
0.488017995541 0.00241763089175
0.488283069433 0.00241328439275
0.488548143324 0.00240894395196
0.488813217216 0.00240460971132
0.489078291108 0.00240028161188
0.489343364999 0.00239595867881
0.489608438891 0.00239164090646
0.489873512783 0.00238732895038
0.490138586674 0.00238302310332
0.490403660566 0.00237872393287
0.490668734457 0.00237443193405
0.490933808349 0.00237014786283
0.491198882241 0.00236587218138
0.491463956132 0.00236160361602
0.491729030024 0.00235734221184
0.491994103916 0.00235308831678
0.492259177807 0.0023488422084
0.492524251699 0.00234460439391
0.49278932559 0.00234037536643
0.493054399482 0.00233615540254
0.493319473374 0.00233194433799
0.493584547265 0.00232774272655
0.493849621157 0.00232355508124
0.494114695049 0.00231938444193
0.49437976894 0.00231523315996
0.494644842832 0.00231110306957
0.494909916723 0.00230699620935
0.495174990615 0.00230291345351
0.495440064507 0.00229885558484
0.495705138398 0.0022948235841
0.49597021229 0.00229081844217
0.496235286182 0.00228684111122
0.496500360073 0.00228289338539
0.496765433965 0.00227897660945
0.497030507856 0.00227509172283
0.497295581748 0.00227123970389
0.49756065564 0.00226742160255
0.497825729531 0.00226363882414
0.498090803423 0.00225989111554
0.498355877314 0.00225617895208
0.498620951206 0.00225250290452
0.498886025098 0.00224886183719
0.499151098989 0.00224525608938
0.499416172881 0.00224168591044
0.499681246773 0.00223815204095
0.499946320664 0.00223465535672
0.500211394556 0.0022307614893
0.500476468447 0.00222688351757
0.500741542339 0.0022229582331
0.501006616231 0.00221900131078
0.501271690122 0.00221503044471
0.501536764014 0.00221105528246
0.501801837906 0.00220708403562
0.502066911797 0.00220312335797
0.502331985689 0.00219917952864
0.50259705958 0.00219525829798
0.502862133472 0.00219136418864
0.503127207364 0.00218750084601
0.503392281255 0.00218367115885
0.503657355147 0.00217987790863
0.503922429039 0.00217612088764
0.50418750293 0.00217240003678
0.504452576822 0.00216871348352
0.504717650713 0.00216505943364
0.504982724605 0.00216143679569
0.505247798497 0.00215784439601
0.505512872388 0.00215428105029
0.50577794628 0.00215074574064
0.506043020172 0.00214723791552
0.506308094063 0.00214375718169
0.506573167955 0.00214030327028
0.506838241846 0.00213687543985
0.507103315738 0.00213347283917
0.50736838963 0.00213009436704
0.507633463521 0.00212674072327
0.507898537413 0.00212341298635
0.508163611304 0.00212011240452
0.508428685196 0.00211684052048
0.508693759088 0.00211359900591
0.508958832979 0.00211038975719
0.509223906871 0.00210721486756
0.509488980763 0.00210407650261
0.509754054654 0.00210097679822
0.510019128546 0.00209791772883
0.510284202437 0.00209490144592
0.510549276329 0.00209192885583
0.510814350221 0.00208900155378
0.511079424112 0.00208612048842
0.511344498004 0.00208328758279
0.511609571896 0.00208050499552
0.511874645787 0.00207777454858
0.512139719679 0.00207509843882
0.51240479357 0.00207247879847
0.512669867462 0.00206991783238
0.512934941354 0.00206741775548
0.513200015245 0.00206498068289
0.513465089137 0.00206260850322
0.513730163029 0.00206030306687
0.51399523692 0.00205806595766
0.514260310812 0.00205589918548
0.514525384703 0.00205380389308
0.514790458595 0.00205178128987
0.515055532487 0.00204983288326
0.515320606378 0.00204796022748
0.51558568027 0.00204616541728
0.515850754162 0.00204445047899
0.516115828053 0.00204281747904
0.516380901945 0.00204126877648
0.516645975836 0.00203980631843
0.516911049728 0.00203843231296
0.51717612362 0.00203714898438
0.517441197511 0.00203595851378
0.517706271403 0.0020348629683
0.517971345294 0.00203386399012
0.518236419186 0.00203296244376
0.518501493078 0.00203215958126
0.518766566969 0.00203145723158
0.519031640861 0.00203085753503
0.519296714753 0.00203036382757
0.519561788644 0.0020299787477
0.519826862536 0.00202970481262
0.520091936427 0.00202954432787
0.520357010319 0.00202949980047
0.520622084211 0.00202957366638
0.520887158102 0.0020297685312
0.521152231994 0.00203008678403
0.521417305886 0.00203053017102
0.521682379777 0.00203110070966
0.521947453669 0.00203180068576
0.52221252756 0.00203263210132
0.522477601452 0.00203359720433
0.522742675344 0.00203469966714
0.523007749235 0.00203594273543
0.523272823127 0.00203732926435
0.523537897019 0.00203886190061
0.52380297091 0.00204054350833
0.524068044802 0.00204237658415
0.524333118693 0.00204436229266
0.524598192585 0.00204650294487
0.524863266477 0.00204880085688
0.525128340368 0.00205125826053
0.52539341426 0.00205387822798
0.525658488151 0.00205666373869
0.525923562043 0.00205961747029
0.526188635935 0.00206274186031
0.526453709826 0.00206603808291
0.526718783718 0.00206950697218
0.52698385761 0.00207315097409
0.527248931501 0.00207697215119
0.527514005393 0.00208097392456
0.527779079284 0.00208515786124
0.528044153176 0.00208952561581
0.528309227068 0.00209407982536
0.528574300959 0.00209882068484
0.528839374851 0.00210374952786
0.529104448743 0.00210886646223
0.529369522634 0.00211417283472
0.529634596526 0.00211967105854
0.529899670417 0.00212535764547
0.530164744309 0.00213122736577
0.530429818201 0.00213728093693
0.530694892092 0.00214352051099
