0.000812182741117 0
0.00107585840493 0
0.00133953406874 0
0.00160320973255 0
0.00186688539636 0
0.00213056106017 0
0.00239423672398 0
0.0026579123878 0
0.00292158805161 0
0.00318526371542 0
0.00344893937923 0
0.00371261504304 0
0.00397629070685 0
0.00423996637066 0
0.00450364203448 0
0.00476731769829 0
0.0050309933621 0
0.00529466902591 0
0.00555834468972 0
0.00582202035353 0
0.00608569601734 0
0.00634937168115 0
0.00661304734497 0
0.00687672300878 0
0.00714039867259 0
0.0074040743364 0
0.00766775000021 0
0.00793142566402 0
0.00819510132783 0
0.00845877699165 0
0.00872245265546 0
0.00898612831927 0
0.00924980398308 0
0.00951347964689 0
0.0097771553107 0
0.0100408309745 0
0.0103045066383 0
0.0105681823021 0
0.0108318579659 0
0.0110955336298 0
0.0113592092936 0
0.0116228849574 0
0.0118865606212 0
0.012150236285 0
0.0124139119488 0
0.0126775876126 0
0.0129412632764 0
0.0132049389402 0
0.0134686146041 0
0.0137322902679 0
0.0139959659317 0
0.0142596415955 -5.09410481186e-06
0.0145233172593 -9.93749478636e-06
0.0147869929231 -1.45366969602e-05
0.0150506685869 -1.88961702865e-05
0.0153143442507 -2.30192703409e-05
0.0155780199146 -2.69079097159e-05
0.0158416955784 -3.05625032732e-05
0.0161053712422 -3.39874234292e-05
0.016369046906 -3.71864901061e-05
0.0166327225698 -4.01618062907e-05
0.0168963982336 -4.29155922955e-05
0.0171600738974 -4.54499672541e-05
0.0174237495612 -4.77674079497e-05
0.017687425225 -4.98721525924e-05
0.0179511008889 -5.17644321306e-05
0.0182147765527 -5.34474186325e-05
0.0184784522165 -5.49216941969e-05
0.0187421278803 -5.61882450402e-05
0.0190058035441 -5.72470674441e-05
0.0192694792079 -5.80980771381e-05
0.0195331548717 -5.87424166981e-05
0.0197968305355 -5.91830032105e-05
0.0200605061993 -5.94194208304e-05
0.0203241818632 -5.94487248293e-05
0.020587857527 -5.926757239e-05
0.0208515331908 -5.88731998874e-05
0.0211152088546 -5.82606857048e-05
0.0213788845184 -5.74262284597e-05
0.0216425601822 -5.63665143329e-05
0.021906235846 -5.50786469131e-05
0.0221699115098 -5.35571317687e-05
0.0224335871736 -5.17996764495e-05
0.0226972628375 -4.98042882736e-05
0.0229609385013 -4.75663522184e-05
0.0232246141651 -4.50811433777e-05
0.0234882898289 -4.23455113785e-05
0.0237519654927 -3.93552537819e-05
0.0240156411565 -3.61074041168e-05
0.0242793168203 -3.25995177281e-05
0.0245429924841 -2.88288083973e-05
0.0248066681479 -2.47921641318e-05
0.0250703438118 -2.04890810237e-05
0.0253340194756 -1.59170576575e-05
0.0255976951394 -1.10735502888e-05
0.0258613708032 -5.95618452042e-06
0.026125046467 -5.62338702351e-07
0.0263887221308 5.10911318081e-06
0.0266523977946 1.1059632467e-05
0.0269160734584 1.72923769718e-05
0.0271797491222 2.38081090329e-05
0.0274434247861 3.06077644415e-05
0.0277071004499 3.76917979215e-05
0.0279707761137 4.50625355265e-05
0.0282344517775 5.27206360318e-05
0.0284981274413 6.06680782973e-05
0.0287618031051 6.89046864512e-05
0.0290254787689 7.7431321535e-05
0.0292891544327 8.62487437173e-05
0.0295528300966 9.5355041115e-05
0.0298165057604 0.000104748385442
0.0300801814242 0.000114430168935
0.030343857088 0.000124402346414
0.0306075327518 0.000134667279763
0.0308712084156 0.000145221485124
0.0311348840794 0.000156059560658
0.0313985597432 0.000167178725015
0.031662235407 0.000178582773403
0.0319259110709 0.000190251275039
0.0321895867347 0.000202172775876
0.0324532623985 0.000214317269721
0.0327169380623 0.000226674724676
0.0329806137261 0.000239239740736
0.0332442893899 0.000252008148608
0.0335079650537 0.000264974219921
0.0337716407175 0.000278131499422
0.0340353163813 0.000291457238711
0.0342989920452 0.000304966247207
0.034562667709 0.000318682546471
0.0348263433728 0.000332591534994
0.0350900190366 0.000346690587978
0.0353536947004 0.000360980274039
0.0356173703642 0.000375463974599
0.035881046028 0.000390132278949
0.0361447216918 0.000404972890176
0.0364083973556 0.000419972603623
0.0366720730195 0.000435125799966
0.0369357486833 0.000450420667599
0.0371994243471 0.000465844411215
0.0374631000109 0.000481385846618
0.0377267756747 0.000497036887344
0.0379904513385 0.000512782262825
0.0382541270023 0.000528608209557
0.0385178026661 0.000544501632371
0.0387814783299 0.000560454772092
0.0390451539938 0.000576449591322
0.0393088296576 0.000592465367238
0.0395725053214 0.000608478544406
0.0398361809852 0.000624454537444
0.040099856649 0.000640365736624
0.0403635323128 0.00065619280342
0.0406272079766 0.0006719395751
0.0408908836404 0.000687591875069
0.0411545593042 0.000703130662491
0.0414182349681 0.00071853753611
0.0416819106319 0.000733798445182
0.0419455862957 0.000748907346996
0.0422092619595 0.000763854362525
0.0424729376233 0.00077863547048
0.0427366132871 0.00079325970677
0.0430002889509 0.000807725103832
0.0432639646147 0.00082202691213
0.0435276402786 0.000836163560496
0.0437913159424 0.000850128778184
0.0440549916062 0.000863922405057
0.04431866727 0.000877545314046
0.0445823429338 0.00089099965237
0.0448460185976 0.000904287964987
0.0451096942614 0.000917429654034
0.0453733699252 0.000930428654682
0.045637045589 0.000943285786113
0.0459007212529 0.000955999590802
0.0461643969167 0.000968566763852
0.0464280725805 0.000980984219756
0.0466917482443 0.000993248449848
0.0469554239081 0.0010053504705
0.0472190995719 0.00101728124443
0.0474827752357 0.00102903144749
0.0477464508995 0.00104059409177
0.0480101265633 0.00105196229104
0.0482738022272 0.00106312502941
0.048537477891 0.00107407164829
0.0488011535548 0.0010847920488
0.0490648292186 0.00109527671616
0.0493285048824 0.00110551729348
0.0495921805462 0.00111550678457
0.04985585621 0.00112523946611
0.0501195318738 0.00113409725568
0.0503832075376 0.00114325448822
0.0506468832015 0.00115233663692
0.0509105588653 0.00116130179252
0.0511742345291 0.00117010050766
0.0514379101929 0.00117868331391
0.0517015858567 0.00118698664567
0.0519652615205 0.00119495085774
0.0522289371843 0.00120253660549
0.0524926128481 0.00120972435125
0.0527562885119 0.00121650300977
0.0530199641758 0.00122287089439
0.0532836398396 0.00122883276229
0.0535473155034 0.00123439963679
0.0538109911672 0.00123958580509
0.054074666831 0.00124440749697
0.0543383424948 0.00124888137741
0.0546020181586 0.00125302336868
0.0548656938224 0.0012568488431
0.0551293694862 0.00126037165974
0.0553930451501 0.00126360466929
0.0556567208139 0.00126655928721
0.0559203964777 0.00126924611122
0.0561840721415 0.00127167448036
0.0564477478053 0.00127385332704
0.0567114234691 0.00127579615099
0.0569750991329 0.00127751824779
0.0572387747967 0.00127903088548
0.0575024504606 0.00128034428755
0.0577661261244 0.00128146857902
0.0580298017882 0.0012824135064
0.058293477452 0.0012831867869
0.0585571531158 0.00128379651162
0.0588208287796 0.00128425201004
0.0590845044434 0.00128456291917
0.0593481801072 0.00128473705385
0.059611855771 0.00128478208038
0.0598755314349 0.00128470495049
0.0601392070987 0.00128451180064
0.0604028827625 0.00128420789452
0.0606665584263 0.00128379771563
0.0609302340901 0.00128328533747
0.0611939097539 0.00128267392191
0.0614575854177 0.00128196624026
0.0617212610815 0.00128116925838
0.0619849367453 0.00128029050815
0.0622486124092 0.00127933371234
0.062512288073 0.00127830216621
0.0627759637368 0.0012771983394
0.0630396394006 0.0012760230511
0.0633033150644 0.00127477751005
0.0635669907282 0.00127346285041
0.063830666392 0.00127207970148
0.0640943420558 0.00127062853376
0.0643580177196 0.00126910965697
0.0646216933835 0.00126752350262
0.0648853690473 0.00126587068408
0.0651490447111 0.00126415040171
0.0654127203749 0.00126236154493
0.0656763960387 0.00126050260514
0.0659400717025 0.00125857184232
0.0662037473663 0.0012565671866
0.0664674230301 0.00125448523299
0.0667310986939 0.00125232197498
0.0669947743578 0.00125007491661
0.0672584500216 0.00124774467031
0.0675221256854 0.00124532916918
0.0677858013492 0.00124282536555
0.068049477013 0.00124022962949
0.0683131526768 0.00123753955695
0.0685768283406 0.0012347524709
0.0688405040044 0.00123186503688
0.0691041796682 0.00122887399179
0.0693678553321 0.00122577627269
0.0696315309959 0.00122256955873
0.0698952066597 0.00121925112589
0.0701588823235 0.00121581770899
0.0704225579873 0.00121226559173
0.0706862336511 0.00120859121751
0.0709499093149 0.00120479096517
0.0712135849787 0.00120086118621
0.0714772606426 0.00119679832828
0.0717409363064 0.00119259879591
0.0720046119702 0.00118826021602
0.072268287634 0.00118377993871
0.0725319632978 0.00117915373879
0.0727956389616 0.00117437721487
0.0730593146254 0.001169447147
0.0733229902892 0.00116436076872
0.073586665953 0.00115911625362
0.0738503416169 0.00115370957811
0.0741140172807 0.00114813885571
0.0743776929445 0.00114239884687
0.0746413686083 0.00113648516314
0.0749050442721 0.00113039428435
0.0751687199359 0.00112412238248
0.0754323955997 0.00111766426217
0.0756960712635 0.00111101442115
0.0759597469273 0.00110416956357
0.0762234225912 0.00109712899951
0.076487098255 0.0010898905169
0.0767507739188 0.00108244932827
0.0770144495826 0.00107480396501
0.0772781252464 0.00106695335985
0.0775418009102 0.00105889457067
0.077805476574 0.00105062454947
0.0780691522378 0.00104214161955
0.0783328279016 0.00103344538781
0.0785965035655 0.00102453447808
0.0788601792293 0.00101540696196
0.0791238548931 0.00100606279138
0.0793875305569 0.000996502675912
0.0796512062207 0.000986727559609
0.0799148818845 0.00097673874088
0.0801785575483 0.00096653783764
0.0804422332121 0.000956124292498
0.0807059088759 0.000945500361401
0.0809695845398 0.000934674070648
0.0812332602036 0.000923657567235
0.0814969358674 0.000912461802602
0.0817606115312 0.000901085540592
0.082024287195 0.000889531738435
0.0822879628588 0.000877806835814
0.0825516385226 0.00086591379062
0.0828153141864 0.000853858950893
0.0830789898503 0.000841646282306
0.0833426655141 0.000829267424997
0.0836063411779 0.000816714940036
0.0838700168417 0.000803989904778
0.0841336925055 0.000791110238642
0.0843973681693 0.000778082169321
0.0846610438331 0.000764903319132
0.0849247194969 0.000751576896488
0.0851883951607 0.000738108370821
0.0854520708246 0.000724500642831
0.0857157464884 0.000710755477051
0.0859794221522 0.000696883803778
0.086243097816 0.000682892114095
0.0865067734798 0.000668777972131
0.0867704491436 0.000654541312037
0.0870341248074 0.000640183055888
0.0872978004712 0.000625709561903
0.087561476135 0.00061112139949
0.0878251517989 0.000596426881544
0.0880888274627 0.000581635590702
0.0883525031265 0.000566761355653
0.0886161787903 0.000551810712866
0.0888798544541 0.000536793319231
0.0891435301179 0.000521716762706
0.0894072057817 0.000506588554771
0.0896708814455 0.000491412376378
0.0899345571093 0.000476189428798
0.0901982327732 0.000460922975434
0.090461908437 0.000445615264596
0.0907255841008 0.000430270474906
0.0909892597646 0.000414885475403
0.0912529354284 0.000399457366008
0.0915166110922 0.000383989793412
0.091780286756 0.000368487729256
0.0920439624198 0.000352956440261
0.0923076380836 0.000337401198204
0.0925713137475 0.00032182912811
0.0928349894113 0.000306245632329
0.0930986650751 0.000290652007632
0.0933623407389 0.000275051234383
0.0936260164027 0.000259444089186
0.0938896920665 0.000243830700497
0.0941533677303 0.0002282154204
0.0944170433941 0.000212603813434
0.0946807190579 0.000197008764756
0.0949443947218 0.000181443346141
0.0952080703856 0.000165914565435
0.0954717460494 0.000150426438818
0.0957354217132 0.000134982575472
0.095999097377 0.00011958301392
0.0962627730408 0.000104231624906
0.0965264487046 8.89326919233e-05
0.0967901243684 7.36901509314e-05
0.0970538000323 5.85091544451e-05
0.0973174756961 4.33918941257e-05
0.0975811513599 2.83433833895e-05
0.0978448270237 1.33627967915e-05
0.0981085026875 -1.55286538187e-06
0.0983721783513 -1.64003831958e-05
0.0986358540151 -3.11764054038e-05
0.0988995296789 -4.58779323992e-05
0.0991632053427 -6.05046809621e-05
0.0994268810066 -7.50572678769e-05
0.0996905566704 -8.95346652197e-05
0.0999542323342 -0.00010393326025
0.100217907998 -0.000118886613547
0.100481583662 -0.000133847888223
0.100745259326 -0.000148887121582
0.101008934989 -0.00016398481206
0.101272610653 -0.000179129887003
0.101536286317 -0.000194312887074
0.101799961981 -0.000209518919388
0.102063637645 -0.000224727810263
0.102327313308 -0.000239920868297
0.102590988972 -0.000255079107851
0.102854664636 -0.000270186941408
0.1031183403 -0.000285231817051
0.103382015964 -0.00030020905438
0.103645691628 -0.000315114694697
0.103909367291 -0.000329948841214
0.104173042955 -0.000344706381934
0.104436718619 -0.000359381753237
0.104700394283 -0.000373969642084
0.104964069947 -0.000388464009344
0.10522774561 -0.000402858426369
0.105491421274 -0.000417146507727
0.105755096938 -0.000431321515149
0.106018772602 -0.000445376437362
0.106282448266 -0.000459304605647
0.106546123929 -0.000473099654658
0.106809799593 -0.000486755069202
0.107073475257 -0.000500263380233
0.107337150921 -0.000513617221373
0.107600826585 -0.000526809404466
0.107864502249 -0.000539832348383
0.108128177912 -0.000552678469648
0.108391853576 -0.000565340286801
0.10865552924 -0.000577810742421
0.108919204904 -0.000590083320041
0.109182880568 -0.000602151332005
0.109446556231 -0.000614018065688
0.109710231895 -0.000625679928427
0.109973907559 -0.000637136912518
0.110237583223 -0.000648384097138
0.110501258887 -0.000659417020233
0.11076493455 -0.000670230504462
0.111028610214 -0.000680819811905
0.111292285878 -0.000691180549801
0.111555961542 -0.000701309741267
0.111819637206 -0.000711204140129
0.112083312869 -0.000720860103637
0.112346988533 -0.00073027331735
0.112610664197 -0.000739439728367
0.112874339861 -0.000748355002213
0.113138015525 -0.000757017041982
0.113401691189 -0.000765423279013
0.113665366852 -0.000773570538166
0.113929042516 -0.000781455646742
0.11419271818 -0.000789077732845
0.114456393844 -0.0007964408299
0.114720069508 -0.0008035456866
0.114983745171 -0.000810395887383
0.115247420835 -0.000816991160668
0.115511096499 -0.000823330148004
0.115774772163 -0.000829411416365
0.116038447827 -0.000835232245421
0.11630212349 -0.000840790087275
0.116565799154 -0.000846082955703
0.116829474818 -0.000851108320367
0.117093150482 -0.000855864049074
0.117356826146 -0.000860348369705
0.11762050181 -0.00086455960072
0.117884177473 -0.000868495390959
0.118147853137 -0.000872152942251
0.118411528801 -0.000875529719735
0.118675204465 -0.000878626744121
0.118938880129 -0.000881451165481
0.119202555792 -0.000883999702198
0.119466231456 -0.000886269928986
0.11972990712 -0.000888259587044
0.119993582784 -0.000889964219163
0.120257258448 -0.000891380082645
0.120520934111 -0.000892502694674
0.120784609775 -0.000893328315006
0.121048285439 -0.000893852617584
0.121311961103 -0.000894071758957
0.121575636767 -0.000893981835631
0.121839312431 -0.000893577750365
0.122102988094 -0.000892857527781
0.122366663758 -0.000891817806724
0.122630339422 -0.000890454379344
0.122894015086 -0.000888762121653
0.12315769075 -0.000886733844292
0.123421366413 -0.000884363668863
0.123685042077 -0.000881647576579
0.123948717741 -0.000878582483895
0.124212393405 -0.000875164631265
0.124476069069 -0.000871389579852
0.124739744732 -0.0008672558929
0.125003420396 -0.000862761952282
0.12526709606 -0.000857903530225
0.125530771724 -0.000852677359685
0.125794447388 -0.000847081348386
0.126058123051 -0.000841111853979
0.126321798715 -0.000834766525197
0.126585474379 -0.000828047450707
0.126849150043 -0.000820956240353
0.127112825707 -0.000813490052233
0.127376501371 -0.000805645739198
0.127640177034 -0.000797423446272
0.127903852698 -0.000788828465752
0.128167528362 -0.000779859379152
0.128431204026 -0.000770513790538
0.12869487969 -0.000760793445884
0.128958555353 -0.000750707096879
0.129222231017 -0.000740253863477
0.129485906681 -0.000729433295699
0.129749582345 -0.000718251059625
0.130013258009 -0.000706717743905
0.130276933672 -0.000694844329111
0.130540609336 -0.000682646383129
0.130804285 -0.00067013597008
0.131067960664 -0.000657317253324
0.131331636328 -0.00064418905795
0.131595311992 -0.000630759457404
0.131858987655 -0.000617035045064
0.132122663319 -0.000603016046764
0.132386338983 -0.000588691188518
0.132650014647 -0.000574061439609
0.132913690311 -0.000559127008602
0.133177365974 -0.000543907411564
0.133441041638 -0.000528443626905
0.133704717302 -0.000512740895395
0.133968392966 -0.000496805997876
0.13423206863 -0.000480654385195
0.134495744293 -0.000464299442773
0.134759419957 -0.000447754526929
0.135023095621 -0.000431023767385
0.135286771285 -0.000414127739782
0.135550446949 -0.000397078877417
0.135814122613 -0.000379896327031
0.136077798276 -0.000362594045821
0.13634147394 -0.000345190993073
0.136605149604 -0.000327717712148
0.136868825268 -0.000310208811122
0.137132500932 -0.000292697483927
0.137396176595 -0.000275209003907
0.137659852259 -0.000257770188687
0.137923527923 -0.000240395924665
0.138187203587 -0.000223104778337
0.138450879251 -0.000205922018905
0.138714554914 -0.000188870378358
0.138978230578 -0.000171975044874
0.139241906242 -0.000155256636963
0.139505581906 -0.000138738994108
0.13976925757 -0.000122433178939
0.140032933233 -0.000106338518175
0.140296608897 -9.04648428952e-05
0.140560284561 -7.48193239178e-05
0.140823960225 -5.9408055587e-05
0.141087635889 -4.42369748943e-05
0.141351311553 -2.93063135804e-05
0.141614987216 -1.46160749135e-05
0.14187866288 -1.58644005039e-07
0.142142338544 1.4085154828e-05
0.142406014208 2.81223462742e-05
0.142669689872 4.19599963266e-05
0.142933365535 5.56040225017e-05
0.143197041199 6.90597574186e-05
0.143460716863 8.23317121023e-05
0.143724392527 9.54230480503e-05
0.143988068191 0.000108337842895
0.144251743854 0.000121078657776
0.144515419518 0.000133649993215
0.144779095182 0.000146051358079
0.145042770846 0.000158279412568
0.14530644651 0.000170329876724
0.145570122174 0.000182197797932
0.145833797837 0.00019388122768
0.146097473501 0.000205379749774
0.146361149165 0.000216689376225
0.146624824829 0.000227806559169
0.146888500493 0.000238729035462
0.147152176156 0.000249453007843
0.14741585182 0.000259972655485
0.147679527484 0.00027028324995
0.147943203148 0.000280380725655
0.148206878812 0.000290261088316
0.148470554475 0.000299921063107
0.148734230139 0.000309357620169
0.148997905803 0.000318574828956
0.149261581467 0.00032757147889
0.149525257131 0.000336346636437
0.149788932795 0.000344900103698
0.150052608458 0.000352581041883
0.150316284122 0.000360590623566
0.150579959786 0.000368506935816
0.15084363545 0.000376312259763
0.151107311114 0.000383985342436
0.151370986777 0.000391476512128
0.151634662441 0.000398733478165
0.151898338105 0.000405709600767
0.152162013769 0.000412366315474
0.152425689433 0.000418680838107
0.152689365096 0.000424639425828
0.15295304076 0.00043023726136
0.153216716424 0.000435479929758
0.153480392088 0.000440374123829
0.153744067752 0.000444936496227
0.154007743415 0.000449182485941
0.154271419079 0.000453126082231
0.154535094743 0.000456781387162
0.154798770407 0.00046016176347
0.155062446071 0.000463280074749
0.155326121735 0.000466146461567
0.155589797398 0.000468770059306
0.155853473062 0.000471159941971
0.156117148726 0.00047332436382
0.15638082439 0.000475271137975
0.156644500054 0.000477007779109
0.156908175717 0.000478541096145
0.157171851381 0.000479877618087
0.157435527045 0.000481023498507
0.157699202709 0.000481984355711
0.157962878373 0.000482776774064
0.158226554036 0.000483410681157
0.1584902297 0.000483894985221
0.158753905364 0.000484238285379
0.159017581028 0.000484449274255
0.159281256692 0.000484537558239
0.159544932356 0.000484511034438
0.159808608019 0.00048437467252
0.160072283683 0.000484133830779
0.160335959347 0.000483793648442
0.160599635011 0.000483358727655
0.160863310675 0.000482833304537
0.161126986338 0.00048222119488
0.161390662002 0.000481526080365
0.161654337666 0.00048075103359
0.16191801333 0.00047989794954
0.162181688994 0.00047897110727
0.162445364657 0.000477980749505
0.162709040321 0.000476931150515
0.162972715985 0.000475825205131
0.163236391649 0.000474665073324
0.163500067313 0.000473452706385
0.163763742977 0.000472189686645
0.16402741864 0.000470876141212
0.164291094304 0.000469512972624
0.164554769968 0.000468099698283
0.164818445632 0.000466635540503
0.165082121296 0.00046511951161
0.165345796959 0.000463550228328
0.165609472623 0.000461925971878
0.165873148287 0.000460244297858
0.166136823951 0.000458501954283
0.166400499615 0.000456695962629
0.166664175278 0.000454831550539
0.166927850942 0.000452908303463
0.167191526606 0.000450924949692
0.16745520227 0.000448879511728
0.167718877934 0.00044676982469
0.167982553597 0.000444592477374
0.168246229261 0.000442345293195
0.168509904925 0.000440024149115
0.168773580589 0.000437625806425
0.169037256253 0.000435145592872
0.169300931917 0.000432578519202
0.16956460758 0.000429919488245
0.169828283244 0.000427163582084
0.170091958908 0.000424305959858
0.170355634572 0.000421340748125
0.170619310236 0.000418268218086
0.170882985899 0.000415085250105
0.171146661563 0.000411787358044
0.171410337227 0.000408371338662
0.171674012891 0.000404833840307
0.171937688555 0.000401170986734
0.172201364218 0.000397379221425
0.172465039882 0.000393450703804
0.172728715546 0.000389382471642
0.17299239121 0.000385171036593
0.173256066874 0.000380812584997
0.173519742538 0.000376302202765
0.173783418201 0.000371639170514
0.174047093865 0.000366821372716
0.174310769529 0.000361844344654
0.174574445193 0.000356703354371
0.174838120857 0.000351393771975
0.17510179652 0.000345911089574
0.175365472184 0.000340252593938
0.175629147848 0.000334411681746
0.175892823512 0.000328386179068
0.176156499176 0.000322175282355
0.176420174839 0.000315778045176
0.176683850503 0.000309190101617
0.176947526167 0.000302411125874
0.177211201831 0.000295439358517
0.177474877495 0.00028827437579
0.177738553159 0.000280914593574
0.178002228822 0.000273359632908
0.178265904486 0.000265608064944
0.17852958015 0.00025766205035
0.178793255814 0.000249521801405
0.179056931478 0.000241190486145
0.179320607141 0.000232670600316
0.179584282805 0.000223964711885
0.179847958469 0.000215076842634
0.180111634133 0.000206012799574
0.180375309797 0.000196777629001
0.18063898546 0.000187374728872
0.180902661124 0.000177806045697
0.181166336788 0.000168077636793
0.181430012452 0.000158188561664
0.181693688116 0.000148139019598
0.181957363779 0.000137937730608
0.182221039443 0.000127593201185
0.182484715107 0.000117105955822
0.182748390771 0.000106481255193
0.183012066435 9.57239720999e-05
0.183275742099 8.48403466052e-05
0.183539417762 7.38343127102e-05
0.183803093426 6.27088170687e-05
0.18406676909 5.14706207759e-05
0.184330444754 4.01223378561e-05
0.184594120418 2.86633076417e-05
0.184857796081 1.70932720871e-05
0.185121471745 5.41076735364e-06
0.185385147409 -6.38631339967e-06
0.185648823073 -1.82973352422e-05
0.185912498737 -3.03180799231e-05
0.1861761744 -4.24525641378e-05
0.186439850064 -5.47092202817e-05
0.186703525728 -6.7095890281e-05
0.186967201392 -7.96209448741e-05
0.187230877056 -9.22919272189e-05
0.18749455272 -0.000105116950965
0.187758228383 -0.00011811839993
0.188021904047 -0.000131302126519
0.188285579711 -0.000144665495608
0.188549255375 -0.000158205036624
0.188812931039 -0.000171917843221
0.189076606702 -0.000185801912089
0.189340282366 -0.000199849073077
0.18960395803 -0.000214055170325
0.189867633694 -0.000228414449447
0.190131309358 -0.000242926863754
0.190394985021 -0.000257587331976
0.190658660685 -0.000272390336605
0.190922336349 -0.000287328623161
0.191186012013 -0.000302394469873
0.191449687677 -0.000317570917936
0.191713363341 -0.000332846482968
0.191977039004 -0.000348213978364
0.192240714668 -0.000363669413138
0.192504390332 -0.000379207419432
0.192768065996 -0.000394830873826
0.19303174166 -0.000410537790749
0.193295417323 -0.000426326094089
0.193559092987 -0.000442193904398
0.193822768651 -0.000458136893725
0.194086444315 -0.000474150626951
0.194350119979 -0.000490230219189
0.194613795642 -0.000506371118183
0.194877471306 -0.000522569257843
0.19514114697 -0.000538819780998
0.195404822634 -0.000555117112021
0.195668498298 -0.000571455738634
0.195932173961 -0.000587831825598
0.196195849625 -0.000604242311315
0.196459525289 -0.000620684247063
0.196723200953 -0.000637153594865
0.196986876617 -0.000653648275621
0.197250552281 -0.000670169714512
0.197514227944 -0.000686713275057
0.197777903608 -0.00070327372287
0.198041579272 -0.000719845076802
0.198305254936 -0.000736424157806
0.1985689306 -0.000753007396491
0.198832606263 -0.000769588753027
0.199096281927 -0.00078616211142
0.199359957591 -0.000802721143802
0.199623633255 -0.0008192590614
0.199887308919 -0.000835768788701
0.200150984582 -0.000852946329832
0.200414660246 -0.000870173540742
0.20067833591 -0.000887513317381
0.200942011574 -0.000904960670866
0.201205687238 -0.000922497533111
0.201469362902 -0.000940113370848
0.201733038565 -0.000957785454884
0.201996714229 -0.000975490152955
0.202260389893 -0.000993210439975
0.202524065557 -0.00101093452647
0.202787741221 -0.00102865716579
0.203051416884 -0.00104636740806
0.203315092548 -0.00106405625897
0.203578768212 -0.00108171625727
0.203842443876 -0.00109934075703
0.20410611954 -0.00111692397285
0.204369795203 -0.00113446045197
0.204633470867 -0.00115194400545
0.204897146531 -0.00116936786324
0.205160822195 -0.0011867245446
0.205424497859 -0.00120400629385
0.205688173523 -0.0012212045593
0.205951849186 -0.00123831007641
0.20621552485 -0.00125531308308
0.206479200514 -0.00127221243054
0.206742876178 -0.00128900111185
0.207006551842 -0.00130567535466
0.207270227505 -0.00132222902331
0.207533903169 -0.00133865363126
0.207797578833 -0.00135494075228
0.208061254497 -0.00137108131004
0.208324930161 -0.00138706698457
0.208588605824 -0.00140289078364
0.208852281488 -0.00141854479076
0.209115957152 -0.00143402030256
0.209379632816 -0.0014493087623
0.20964330848 -0.00146440251508
0.209906984144 -0.00147929334797
0.210170659807 -0.00149397290201
0.210434335471 -0.00150843302354
0.210698011135 -0.00152266528864
0.210961686799 -0.00153666230382
0.211225362463 -0.00155042465494
0.211489038126 -0.00156394555869
0.21175271379 -0.00157721854883
0.212016389454 -0.00159024199609
0.212280065118 -0.00160301256217
0.212543740782 -0.00161552452066
0.212807416445 -0.00162777211659
0.213071092109 -0.00163975032899
0.213334767773 -0.00165145555035
0.213598443437 -0.00166288312213
0.213862119101 -0.00167402851211
0.214125794764 -0.00168488754937
0.214389470428 -0.00169545599467
0.214653146092 -0.00170572910035
0.214916821756 -0.0017157027559
0.21518049742 -0.00172537304316
0.215444173084 -0.00173474146554
0.215707848747 -0.00174380636194
0.215971524411 -0.00175256528589
0.216235200075 -0.00176102081978
0.216498875739 -0.00176917273855
0.216762551403 -0.00177701735914
0.217026227066 -0.00178455095479
0.21728990273 -0.00179177108606
0.217553578394 -0.00179867284819
0.217817254058 -0.00180525209559
0.218080929722 -0.00181150374982
0.218344605385 -0.00181742280848
0.218608281049 -0.00182300405205
0.218871956713 -0.0018282428594
0.219135632377 -0.00183313507741
0.219399308041 -0.00183768159947
0.219662983705 -0.00184188146264
0.219926659368 -0.00184573066585
0.220190335032 -0.00184922783003
0.220454010696 -0.00185237263734
0.22071768636 -0.00185516277702
0.220981362024 -0.00185759382124
0.221245037687 -0.00185966030588
0.221508713351 -0.00186135517101
0.221772389015 -0.00186267210158
0.222036064679 -0.00186360553132
0.222299740343 -0.00186415129795
0.222563416006 -0.00186430601033
0.22282709167 -0.00186406237764
0.223090767334 -0.00186341543364
0.223354442998 -0.0018623609616
0.223618118662 -0.00186089452952
0.223881794326 -0.00185901077359
0.224145469989 -0.00185670155285
0.224409145653 -0.00185396041985
0.224672821317 -0.00185078507756
0.224936496981 -0.00184717242397
0.225200172645 -0.0018431198602
0.225463848308 -0.0018386267367
0.225727523972 -0.00183368971334
0.225991199636 -0.00182830320004
0.2262548753 -0.00182246581727
0.226518550964 -0.00181618105105
0.226782226627 -0.00180944894687
0.227045902291 -0.00180226784608
0.227309577955 -0.00179463596716
0.227573253619 -0.00178655858739
0.227836929283 -0.00177803523608
0.228100604946 -0.00176906816534
0.22836428061 -0.00175966258488
0.228627956274 -0.00174982484715
0.228891631938 -0.00173956468991
0.229155307602 -0.0017288870145
0.229418983266 -0.00171780899301
0.229682658929 -0.00170633994412
0.229946334593 -0.00169448215411
0.230210010257 -0.00168223970051
0.230473685921 -0.00166962177661
0.230737361585 -0.00165662510609
0.231001037248 -0.00164325112426
0.231264712912 -0.00162951684717
0.231528388576 -0.00161543766158
0.23179206424 -0.00160102095883
0.232055739904 -0.00158629555339
0.232319415567 -0.00157127672222
0.232583091231 -0.00155597615607
0.232846766895 -0.00154040826352
0.233110442559 -0.00152457215479
0.233374118223 -0.00150847734348
0.233637793887 -0.00149213108542
0.23390146955 -0.00147555824101
0.234165145214 -0.0014587783117
0.234428820878 -0.00144180638314
0.234692496542 -0.00142466376286
0.234956172206 -0.00140738500539
0.235219847869 -0.00139000886772
0.235483523533 -0.00137256312183
0.235747199197 -0.00135506868896
0.236010874861 -0.00133754091623
0.236274550525 -0.00132000378154
0.236538226188 -0.00130248598927
0.236801901852 -0.00128502053637
0.237065577516 -0.00126763822988
0.23732925318 -0.00125036456378
0.237592928844 -0.00123321263984
0.237856604508 -0.00121619444245
0.238120280171 -0.00119932926319
0.238383955835 -0.0011826326571
0.238647631499 -0.0011661155064
0.238911307163 -0.00114978738177
0.239174982827 -0.0011336575915
0.23943865849 -0.00111772342644
0.239702334154 -0.00110197287486
0.239966009818 -0.00108640163436
0.240229685482 -0.00107100552797
0.240493361146 -0.00105578023739
0.240757036809 -0.00104072088596
0.241020712473 -0.00102582302454
0.241284388137 -0.00101108300697
0.241548063801 -0.000996494094471
0.241811739465 -0.000982048727693
0.242075415128 -0.000967745697865
0.242339090792 -0.000953584833067
0.242602766456 -0.000939566303475
0.24286644212 -0.000925688656483
0.243130117784 -0.000911951999114
0.243393793448 -0.000898358313911
0.243657469111 -0.000884908160657
0.243921144775 -0.000871604367772
0.244184820439 -0.000858451550482
0.244448496103 -0.00084545462016
0.244712171767 -0.000832616468798
0.24497584743 -0.000819939015642
0.245239523094 -0.000807426451551
0.245503198758 -0.000795083467512
0.245766874422 -0.000782914809245
0.246030550086 -0.000770925436308
0.246294225749 -0.000759119587278
0.246557901413 -0.000747500492978
0.246821577077 -0.000736070418766
0.247085252741 -0.000724832631261
0.247348928405 -0.000713790491359
0.247612604069 -0.000702943436472
0.247876279732 -0.000692292939491
0.248139955396 -0.000681841546069
0.24840363106 -0.000671591296644
0.248667306724 -0.000661544384515
0.248930982388 -0.000651702648126
0.249194658051 -0.000642067438115
0.249458333715 -0.000632640886543
0.249722009379 -0.000623422077337
0.249985685043 -0.000614408193457
0.250249360707 -0.00060625881079
0.25051303637 -0.000597741134779
0.250776712034 -0.000589251373321
0.251040387698 -0.000580826649264
0.251304063362 -0.00057249613915
0.251567739026 -0.000564322667504
0.25183141469 -0.000556369704805
0.252095090353 -0.000548694155135
0.252358766017 -0.000541338467937
0.252622441681 -0.000534326207688
0.252886117345 -0.00052766940816
0.253149793009 -0.000521370535435
0.253413468672 -0.000515424398726
0.253677144336 -0.000509820926193
0.25394082 -0.00050454596818
0.254204495664 -0.000499576049311
0.254468171328 -0.0004948904165
0.254731846991 -0.000490472936932
0.254995522655 -0.000486307601603
0.255259198319 -0.000482380058744
0.255522873983 -0.000478677906687
0.255786549647 -0.000475190970702
0.25605022531 -0.000471910255873
0.256313900974 -0.000468827180434
0.256577576638 -0.000465933913693
0.256841252302 -0.000463223237319
0.257104927966 -0.000460688662395
0.25736860363 -0.00045832408158
0.257632279293 -0.000456123923953
0.257895954957 -0.000454082788499
0.258159630621 -0.000452193578684
0.258423306285 -0.000450441249386
0.258686981949 -0.000448817249036
0.258950657612 -0.000447313822352
0.259214333276 -0.000445923739656
0.25947800894 -0.00044464011755
0.259741684604 -0.000443456689969
0.260005360268 -0.000442369556362
0.260269035931 -0.0004413744977
0.260532711595 -0.00044046692863
0.260796387259 -0.000439643253956
0.261060062923 -0.000438900173298
0.261323738587 -0.000438235076672
0.261587414251 -0.000437645929454
0.261851089914 -0.000437131478344
0.262114765578 -0.000436691172591
0.262378441242 -0.000436324889401
0.262642116906 -0.00043602659488
0.26290579257 -0.000435791388991
0.263169468233 -0.000435617527412
0.263433143897 -0.000435503744898
0.263696819561 -0.000435448112277
0.263960495225 -0.000435450681182
0.264224170889 -0.000435513281757
0.264487846552 -0.000435637345311
0.264751522216 -0.000435824370052
0.26501519788 -0.00043607552839
0.265278873544 -0.000436390950102
0.265542549208 -0.000436772645144
0.265806224872 -0.000437222482041
0.266069900535 -0.000437742962488
0.266333576199 -0.000438337550092
0.266597251863 -0.000439009723677
0.266860927527 -0.000439760543026
0.267124603191 -0.000440587561613
0.267388278854 -0.000441492522966
0.267651954518 -0.00044247761147
0.267915630182 -0.000443546331615
0.268179305846 -0.000444703287689
0.26844298151 -0.000445953026859
0.268706657173 -0.000447300315417
0.268970332837 -0.000448749521053
0.269234008501 -0.000450304539553
0.269497684165 -0.000451969774924
0.269761359829 -0.000453748318377
0.270025035492 -0.000455644144007
0.270288711156 -0.000457661322721
0.27055238682 -0.00045980415716
0.270816062484 -0.000462075482427
0.271079738148 -0.000464477285186
0.271343413812 -0.000467012841301
0.271607089475 -0.000469685972408
0.271870765139 -0.000472501357121
0.272134440803 -0.000475462595975
0.272398116467 -0.000478572295089
0.272661792131 -0.000481833251408
0.272925467794 -0.000485251990108
0.273189143458 -0.000488833101944
0.273452819122 -0.000492580000086
0.273716494786 -0.000496495777519
0.27398017045 -0.000500584672046
0.274243846113 -0.000504848844711
0.274507521777 -0.000509290163707
0.274771197441 -0.000513912625565
0.275034873105 -0.000518719078185
0.275298548769 -0.000523715178549
0.275562224433 -0.000528904026223
0.275825900096 -0.000534288205804
0.27608957576 -0.000539874072087
0.276353251424 -0.000545663767706
0.276616927088 -0.000551657295189
0.276880602752 -0.000557854793827
0.277144278415 -0.000564258616267
0.277407954079 -0.000570869472364
0.277671629743 -0.000577689459942
0.277935305407 -0.000584717941466
0.278198981071 -0.000591955126847
0.278462656734 -0.000599401579632
0.278726332398 -0.00060705662558
0.278990008062 -0.000614918831141
0.279253683726 -0.000622987130379
0.27951735939 -0.000631256706586
0.279781035053 -0.000639721679027
0.280044710717 -0.000648377408163
0.280308386381 -0.000657222368832
0.280572062045 -0.00066625039827
0.280835737709 -0.000675455774418
0.281099413373 -0.000684834345973
0.281363089036 -0.000694382117329
0.2816267647 -0.000704096643501
0.281890440364 -0.00071397803279
0.282154116028 -0.00072402254304
0.282417791692 -0.000734229236453
0.282681467355 -0.000744593153126
0.282945143019 -0.000755107557125
0.283208818683 -0.000765770208881
0.283472494347 -0.000776574830418
0.283736170011 -0.000787517191025
0.283999845674 -0.000798592242108
0.284263521338 -0.00080979422195
0.284527197002 -0.000821120630788
0.284790872666 -0.000832569702048
0.28505454833 -0.000844142743715
0.285318223994 -0.000855838037341
0.285581899657 -0.000867659994137
0.285845575321 -0.000879610203704
0.286109250985 -0.000891683362833
0.286372926649 -0.000903881493
0.286636602313 -0.000916214794944
0.286900277976 -0.000928690150332
0.28716395364 -0.000941315267189
0.287427629304 -0.000954104555881
0.287691304968 -0.000967065371846
0.287954980632 -0.000980199687169
0.288218656295 -0.000993513028487
0.288482331959 -0.00100700560282
0.288746007623 -0.00102067297796
0.289009683287 -0.00103451197952
0.289273358951 -0.00104851854773
0.289537034615 -0.00106268955134
0.289800710278 -0.00107701530867
0.290064385942 -0.00109149169762
0.290328061606 -0.00110611196189
0.29059173727 -0.00112087342161
0.290855412934 -0.00113577083337
0.291119088597 -0.00115079907814
0.291382764261 -0.00116595001212
0.291646439925 -0.00118121500615
0.291910115589 -0.00119658224025
0.292173791253 -0.00121203435164
0.292437466916 -0.0012275693347
0.29270114258 -0.00124318428091
0.292964818244 -0.0012588760563
0.293228493908 -0.00127464033144
0.293492169572 -0.00129047465998
0.293755845235 -0.00130637593058
0.294019520899 -0.00132234130394
0.294283196563 -0.00133836640556
0.294546872227 -0.0013544447095
0.294810547891 -0.00137057168792
0.295074223555 -0.00138674344726
0.295337899218 -0.00140295612749
0.295601574882 -0.00141920563589
0.295865250546 -0.00143548700079
0.29612892621 -0.00145179468601
0.296392601874 -0.00146812373838
0.296656277537 -0.00148447973403
0.296919953201 -0.00150086005814
0.297183628865 -0.00151726146043
0.297447304529 -0.00153368152635
0.297710980193 -0.0015501175571
0.297974655856 -0.0015665689313
0.29823833152 -0.00158303076766
0.298502007184 -0.00159949747267
0.298765682848 -0.00161596360432
0.299029358512 -0.00163242388269
0.299293034176 -0.00164887198736
0.299556709839 -0.00166530158781
0.299820385503 -0.00168170591731
0.300084061167 -0.00169878706669
0.300347736831 -0.00171594120792
0.300611412495 -0.00173321771704
0.300875088158 -0.0017506142413
0.301138763822 -0.00176811181213
0.301402439486 -0.00178569311387
0.30166611515 -0.00180334087559
0.301929790814 -0.00182103700243
0.302193466477 -0.00183876825699
0.302457142141 -0.00185652437442
0.302720817805 -0.00187429146577
0.302984493469 -0.0018920565386
0.303248169133 -0.00190980848797
0.303511844797 -0.00192753827972
0.30377552046 -0.00194523856411
0.304039196124 -0.00196290322139
0.304302871788 -0.00198052541998
0.304566547452 -0.00199809820462
0.304830223116 -0.00201561430522
0.305093898779 -0.00203306633635
0.305357574443 -0.00205044584958
0.305621250107 -0.00206774396425
0.305884925771 -0.00208495157267
0.306148601435 -0.00210207110356
0.306412277098 -0.0021190995246
0.306675952762 -0.00213602960546
0.306939628426 -0.00215285365561
0.30720330409 -0.00216956355166
0.307466979754 -0.00218615042127
0.307730655417 -0.00220260541316
0.307994331081 -0.00221891973246
0.308258006745 -0.00223508401337
0.308521682409 -0.0022510900333
0.308785358073 -0.00226692940137
0.309049033737 -0.00228259342988
0.3093127094 -0.0022980738797
0.309576385064 -0.00231336150762
0.309840060728 -0.00232844809334
0.310103736392 -0.00234332463195
0.310367412056 -0.00235798214917
0.310631087719 -0.00237241208725
0.310894763383 -0.00238661131829
0.311158439047 -0.00240057693583
0.311422114711 -0.00241430864362
0.311685790375 -0.00242779984366
0.311949466038 -0.00244104406017
0.312213141702 -0.00245403504573
0.312476817366 -0.00246676621447
0.31274049303 -0.00247923142396
0.313004168694 -0.00249142533711
0.313267844358 -0.00250334330534
0.313531520021 -0.00251497969334
0.313795195685 -0.00252632905041
0.314058871349 -0.00253738598864
0.314322547013 -0.00254814565291
0.314586222677 -0.00255860339805
0.31484989834 -0.00256875423034
0.315113574004 -0.00257859483583
0.315377249668 -0.0025881310128
0.315640925332 -0.00259736523934
0.315904600996 -0.0026062943824
0.316168276659 -0.00261491514922
0.316431952323 -0.00262322390327
0.316695627987 -0.00263121492279
0.316959303651 -0.00263888404592
0.317222979315 -0.00264622795855
0.317486654979 -0.0026532423011
0.317750330642 -0.00265992221383
0.318014006306 -0.00266626225311
0.31827768197 -0.00267225816674
0.318541357634 -0.0026779061592
0.318805033298 -0.00268320493367
0.319068708961 -0.00268815594554
0.319332384625 -0.00269275776952
0.319596060289 -0.00269700856482
0.319859735953 -0.00270090411785
0.320123411617 -0.0027044391997
0.32038708728 -0.00270760945705
0.320650762944 -0.00271040806758
0.320914438608 -0.002712831837
0.321178114272 -0.00271487650269
0.321441789936 -0.00271653821263
0.321705465599 -0.00271781657026
0.321969141263 -0.00271870585681
0.322232816927 -0.00271920238883
0.322496492591 -0.00271930345381
0.322760168255 -0.00271900296205
0.323023843919 -0.00271829537928
0.323287519582 -0.0027171736363
0.323551195246 -0.00271563041016
0.32381487091 -0.00271366127391
0.324078546574 -0.00271126396297
0.324342222238 -0.00270843645496
0.324605897901 -0.00270517603183
0.324869573565 -0.00270148321065
0.325133249229 -0.00269735450101
0.325396924893 -0.0026927854478
0.325660600557 -0.00268777177512
0.32592427622 -0.00268231313362
0.326187951884 -0.00267641550163
0.326451627548 -0.00267008000408
0.326715303212 -0.00266330450825
0.326978978876 -0.00265608915546
0.32724265454 -0.00264843993121
0.327506330203 -0.00264035760431
0.327770005867 -0.00263184382018
0.328033681531 -0.0026229044236
0.328297357195 -0.00261354946284
0.328561032859 -0.00260378048696
0.328824708522 -0.00259360836267
0.329088384186 -0.00258304321977
0.32935205985 -0.00257210530683
0.329615735514 -0.00256079957007
0.329879411178 -0.00254912710389
0.330143086841 -0.00253709903944
0.330406762505 -0.00252471935958
0.330670438169 -0.00251198523192
0.330934113833 -0.0024989137889
0.331197789497 -0.00248550968967
0.331461465161 -0.00247178513892
0.331725140824 -0.00245776057942
0.331988816488 -0.00244346591869
0.332252492152 -0.00242891344435
0.332516167816 -0.00241411034969
0.33277984348 -0.0023990664643
0.333043519143 -0.00238379504663
0.333307194807 -0.00236830419966
0.333570870471 -0.00235260527921
0.333834546135 -0.00233670061476
0.334098221799 -0.00232061379112
0.334361897462 -0.00230436621133
0.334625573126 -0.00228798561048
0.33488924879 -0.00227151475884
0.335152924454 -0.00225497763035
0.335416600118 -0.00223838661209
0.335680275781 -0.00222176336881
0.335943951445 -0.00220512813338
0.336207627109 -0.00218850501436
0.336471302773 -0.00217192313464
0.336734978437 -0.00215541613926
0.336998654101 -0.00213900797597
0.337262329764 -0.00212270452321
0.337526005428 -0.00210652107957
0.337789681092 -0.00209047388982
0.338053356756 -0.00207457874003
0.33831703242 -0.00205884427873
0.338580708083 -0.00204327727415
0.338844383747 -0.00202788409609
0.339108059411 -0.00201265483374
0.339371735075 -0.00199758376868
0.339635410739 -0.00198266737461
0.339899086402 -0.00196790046838
0.340162762066 -0.00195327759989
0.34042643773 -0.00193879299949
0.340690113394 -0.00192444311749
0.340953789058 -0.00191022548957
0.341217464722 -0.00189613573616
0.341481140385 -0.00188216851692
0.341744816049 -0.00186832329524
0.342008491713 -0.00185460000864
0.342272167377 -0.00184099983497
0.342535843041 -0.00182752347079
0.342799518704 -0.00181417129258
0.343063194368 -0.00180094660937
0.343326870032 -0.00178785184717
0.343590545696 -0.0017748893694
0.34385422136 -0.00176206444335
0.344117897023 -0.00174938309955
0.344381572687 -0.00173685023172
0.344645248351 -0.0017244704298
0.344908924015 -0.00171224836128
0.345172599679 -0.00170018848512
0.345436275343 -0.00168829234086
0.345699951006 -0.00167656247691
0.34596362667 -0.00166500332863
0.346227302334 -0.00165361873147
0.346490977998 -0.00164241267531
0.346754653662 -0.00163138946405
0.347018329325 -0.0016205528504
0.347282004989 -0.00160990673881
0.347545680653 -0.00159945474375
0.347809356317 -0.00158920000582
0.348073031981 -0.00157914524707
0.348336707644 -0.00156929314537
0.348600383308 -0.00155964592603
0.348864058972 -0.00155020527859
0.349127734636 -0.0015409694712
0.3493914103 -0.00153194024284
0.349655085963 -0.00152311921399
0.349918761627 -0.00151450779406
0.350182437291 -0.00150676667378
0.350446112955 -0.00149863748689
0.350709788619 -0.00149049652381
0.350973464283 -0.00148239397822
0.351237139946 -0.00147437365479
0.35150081561 -0.00146650881341
0.351764491274 -0.00145886901393
0.352028166938 -0.0014515186909
0.352291842602 -0.00144449938438
0.352555518265 -0.00143783433937
0.352819193929 -0.00143153242571
0.353082869593 -0.00142559196473
0.353346545257 -0.0014200046452
0.353610220921 -0.00141475711885
0.353873896584 -0.00140983227899
0.354137572248 -0.00140521221899
0.354401247912 -0.00140087986802
0.354664923576 -0.00139681947669
0.35492859924 -0.00139301542484
0.355192274904 -0.00138944582973
0.355455950567 -0.00138609601408
0.355719626231 -0.00138295355142
0.355983301895 -0.00138000717716
0.356246977559 -0.00137724624696
0.356510653223 -0.0013746606173
0.356774328886 -0.00137224208904
0.35703800455 -0.00136998337294
0.357301680214 -0.00136787722782
0.357565355878 -0.0013659162785
0.357829031542 -0.00136409394285
0.358092707205 -0.00136240388642
0.358356382869 -0.00136083984898
0.358620058533 -0.0013593962484
0.358883734197 -0.0013580678219
0.359147409861 -0.00135684950613
0.359411085525 -0.00135572978203
0.359674761188 -0.00135469922937
0.359938436852 -0.00135375131967
0.360202112516 -0.00135288040138
0.36046578818 -0.00135208151824
0.360729463844 -0.00135135091922
0.360993139507 -0.00135068667545
0.361256815171 -0.00135008658065
0.361520490835 -0.00134954870651
0.361784166499 -0.00134907164014
0.362047842163 -0.00134865442898
0.362311517826 -0.00134829513449
0.36257519349 -0.00134799335792
0.362838869154 -0.00134774956845
0.363102544818 -0.00134756467832
0.363366220482 -0.00134744006111
0.363629896145 -0.00134737736574
0.363893571809 -0.00134737857592
0.364157247473 -0.00134743846299
0.364420923137 -0.00134755681223
0.364684598801 -0.00134773450356
0.364948274465 -0.00134797269581
0.365211950128 -0.00134827448998
0.365475625792 -0.00134864291111
0.365739301456 -0.00134907870309
0.36600297712 -0.00134958399483
0.366266652784 -0.00135016145864
0.366530328447 -0.00135081395743
0.366794004111 -0.00135154482023
0.367057679775 -0.00135235616547
0.367321355439 -0.00135325141953
0.367585031103 -0.00135423453835
0.367848706766 -0.00135530987164
0.36811238243 -0.00135648253473
0.368376058094 -0.00135775759928
0.368639733758 -0.00135913663585
0.368903409422 -0.00136062119037
0.369167085086 -0.00136221505838
0.369430760749 -0.00136392251751
0.369694436413 -0.00136574765498
0.369958112077 -0.00136769451561
0.370221787741 -0.00136976700266
0.370485463405 -0.00137196885809
0.370749139068 -0.00137430341494
0.371012814732 -0.00137677284403
0.371276490396 -0.00137938068312
0.37154016606 -0.00138213233177
0.371803841724 -0.00138503144922
0.372067517387 -0.00138808240797
0.372331193051 -0.00139128920204
0.372594868715 -0.0013946529635
0.372858544379 -0.00139817632336
0.373122220043 -0.00140186286061
0.373385895707 -0.00140571585931
0.37364957137 -0.00140974099775
0.373913247034 -0.0014139419865
0.374176922698 -0.00141832155053
0.374440598362 -0.00142288298309
0.374704274026 -0.00142763177996
0.374967949689 -0.00143257229765
0.375231625353 -0.00143770990025
0.375495301017 -0.00144304614206
0.375758976681 -0.00144858434754
0.376022652345 -0.00145432702451
0.376286328008 -0.00146027541667
0.376550003672 -0.00146643294077
0.376813679336 -0.00147280307901
0.377077355 -0.00147938767627
0.377341030664 -0.00148618822746
0.377604706327 -0.00149320602051
0.377868381991 -0.00150044253258
0.378132057655 -0.0015078980197
0.378395733319 -0.00151557311291
0.378659408983 -0.00152346740506
0.378923084647 -0.0015315799201
0.37918676031 -0.00153990926075
0.379450435974 -0.0015484539431
0.379714111638 -0.00155721231093
0.379977787302 -0.00156618255551
0.380241462966 -0.00157535867827
0.380505138629 -0.00158473206329
0.380768814293 -0.00159429805984
0.381032489957 -0.00160405067719
0.381296165621 -0.00161398414481
0.381559841285 -0.00162409142027
0.381823516948 -0.00163436673771
0.382087192612 -0.00164481317035
0.382350868276 -0.00165543527209
0.38261454394 -0.00166623533024
0.382878219604 -0.00167720774041
0.383141895268 -0.00168834763437
0.383405570931 -0.00169964853786
0.383669246595 -0.00171110769593
0.383932922259 -0.00172271617352
0.384196597923 -0.00173446716331
0.384460273587 -0.00174635702962
0.38472394925 -0.00175837599316
0.384987624914 -0.00177052095254
0.385251300578 -0.0017827901201
0.385514976242 -0.00179517860854
0.385778651906 -0.00180768778362
0.386042327569 -0.00182031875008
0.386306003233 -0.0018330717542
0.386569678897 -0.00184594819176
0.386833354561 -0.00185894317166
0.387097030225 -0.0018720530467
0.387360705889 -0.00188528641544
0.387624381552 -0.00189864967929
0.387888057216 -0.00191214480182
0.38815173288 -0.00192577114572
0.388415408544 -0.00193952990357
0.388679084208 -0.00195341975116
0.388942759871 -0.00196743972373
0.389206435535 -0.00198159667244
0.389470111199 -0.00199588998083
0.389733786863 -0.00201031683443
0.389997462527 -0.00202487418003
0.39026113819 -0.00203955797014
0.390524813854 -0.00205436536547
0.390788489518 -0.00206929022757
0.391052165182 -0.00208432577938
0.391315840846 -0.00209946399685
0.391579516509 -0.00211469747884
0.391843192173 -0.00213002311734
0.392106867837 -0.00214543910846
0.392370543501 -0.00216094460052
0.392634219165 -0.00217653647583
0.392897894829 -0.00219220644767
0.393161570492 -0.00220793998522
0.393425246156 -0.00222372290751
0.39368892182 -0.00223954810541
0.393952597484 -0.0022554118439
0.394216273148 -0.00227130831167
0.394479948811 -0.00228723308985
0.394743624475 -0.0023031822781
0.395007300139 -0.00231915338474
0.395270975803 -0.00233514461009
0.395534651467 -0.00235115276321
0.39579832713 -0.00236717209471
0.396062002794 -0.00238319756823
0.396325678458 -0.00239922506716
0.396589354122 -0.00241525659945
0.396853029786 -0.00243129241699
0.39711670545 -0.00244732964955
0.397380381113 -0.00246336430015
0.397644056777 -0.00247939132765
0.397907732441 -0.00249540992305
0.398171408105 -0.00251141770415
0.398435083769 -0.00252741196947
0.398698759432 -0.0025433891356
0.398962435096 -0.00255934746356
0.39922611076 -0.00257528287806
0.399489786424 -0.00259119096669
0.399753462088 -0.00260706614594
0.400017137751 -0.00262359591019
0.400280813415 -0.00264020081693
0.400544489079 -0.00265693054323
0.400808164743 -0.00267377348532
0.401071840407 -0.00269071035855
0.401335516071 -0.0027077238381
0.401599191734 -0.00272479878593
0.401862867398 -0.00274191422512
0.402126543062 -0.00275905205405
0.402390218726 -0.00277620672204
0.40265389439 -0.00279336673112
0.402917570053 -0.00281051871713
0.403181245717 -0.00282765122721
0.403444921381 -0.00284475459873
0.403708597045 -0.00286182065671
0.403972272709 -0.00287884199223
0.404235948372 -0.0028958120263
0.404499624036 -0.00291272491014
0.4047632997 -0.00292957397981
0.405026975364 -0.00294635230742
0.405290651028 -0.00296305307692
0.405554326691 -0.00297966906315
0.405818002355 -0.00299619236323
0.406081678019 -0.0030126144568
0.406345353683 -0.00302892643662
0.406609029347 -0.00304511915245
0.406872705011 -0.00306119690692
0.407136380674 -0.00307715478593
0.407400056338 -0.00309298590539
0.407663732002 -0.00310868205657
0.407927407666 -0.00312423659205
0.40819108333 -0.00313964160089
0.408454758993 -0.00315488847461
0.408718434657 -0.00316996930209
0.408982110321 -0.00318487593446
0.409245785985 -0.00319960117981
0.409509461649 -0.00321413755494
0.409773137312 -0.00322847601963
0.410036812976 -0.00324260837031
0.41030048864 -0.00325652819976
0.410564164304 -0.00327022762638
0.410827839968 -0.00328369926401
0.411091515632 -0.00329693609992
0.411355191295 -0.00330993058845
0.411618866959 -0.00332267512236
0.411882542623 -0.00333517293763
0.412146218287 -0.00334742463479
0.412409893951 -0.00335942529699
0.412673569614 -0.00337116885807
0.412937245278 -0.00338265003566
0.413200920942 -0.00339386385528
0.413464596606 -0.00340480615898
0.41372827227 -0.0034154727
0.413991947933 -0.0034258588445
0.414255623597 -0.00343596133153
0.414519299261 -0.00344577625441
0.414782974925 -0.00345529983885
0.415046650589 -0.00346452731283
0.415310326253 -0.00347345498568
0.415574001916 -0.00348207953553
0.41583767758 -0.00349039729621
0.416101353244 -0.00349841564808
0.416365028908 -0.00350613844902
0.416628704572 -0.00351356368973
0.416892380235 -0.00352068723977
0.417156055899 -0.00352750493744
0.417419731563 -0.003534012803
0.417683407227 -0.0035402074543
0.417947082891 -0.003546083164
0.418210758554 -0.00355163495522
0.418474434218 -0.00355686006321
0.418738109882 -0.00356175459477
0.419001785546 -0.00356631328718
0.41926546121 -0.00357053243483
0.419529136873 -0.00357441422485
0.419792812537 -0.00357795591898
0.420056488201 -0.00358115971453
0.420320163865 -0.00358402337305
0.420583839529 -0.00358654501763
0.420847515193 -0.00358871787875
0.421111190856 -0.00359053498503
0.42137486652 -0.00359199127969
0.421638542184 -0.0035930818425
0.421902217848 -0.0035938017773
0.422165893512 -0.00359414577027
0.422429569175 -0.00359411410468
0.422693244839 -0.00359370268613
0.422956920503 -0.00359290739528
0.423220596167 -0.00359172352334
0.423484271831 -0.00359014475312
0.423747947494 -0.00358816377008
0.424011623158 -0.00358577500381
0.424275298822 -0.00358297475525
0.424538974486 -0.00357975990416
0.42480265015 -0.00357613123822
0.425066325814 -0.00357208763402
0.425330001477 -0.00356762941836
0.425593677141 -0.00356275200228
0.425857352805 -0.00355745249517
0.426121028469 -0.00355172853037
0.426384704133 -0.00354558247539
0.426648379796 -0.0035390173231
0.42691205546 -0.00353203347656
0.427175731124 -0.00352463031196
0.427439406788 -0.00351681322146
0.427703082452 -0.0035085864819
0.427966758115 -0.00349995046147
0.428230433779 -0.00349090403481
0.428494109443 -0.00348146031957
0.428757785107 -0.00347162482744
0.429021460771 -0.00346140182878
0.429285136435 -0.00345080000384
0.429548812098 -0.00343984256957
0.429812487762 -0.00342853850663
0.430076163426 -0.0034168919819
0.43033983909 -0.00340490697653
0.430603514754 -0.00339259290193
0.430867190417 -0.00337995118759
0.431130866081 -0.00336698021449
0.431394541745 -0.0033536977774
0.431658217409 -0.00334010460556
0.431921893073 -0.00332620889185
0.432185568736 -0.00331204131508
0.4324492444 -0.00329762564755
0.432712920064 -0.00328297549437
0.432976595728 -0.00326809485301
0.433240271392 -0.00325299185863
0.433503947055 -0.00323767637146
0.433767622719 -0.00322215785381
0.434031298383 -0.00320644605211
0.434294974047 -0.00319054545948
0.434558649711 -0.00317447408276
0.434822325375 -0.00315825948168
0.435086001038 -0.00314192834424
0.435349676702 -0.00312551799408
0.435613352366 -0.00310905600644
0.43587702803 -0.00309255791115
0.436140703694 -0.00307603885465
0.436404379357 -0.00305952448785
0.436668055021 -0.00304303485497
0.436931730685 -0.00302659405605
0.437195406349 -0.00301023041803
0.437459082013 -0.00299396647151
0.437722757676 -0.00297782030903
0.43798643334 -0.00296180203004
0.438250109004 -0.00294592584161
0.438513784668 -0.00293020192261
0.438777460332 -0.00291464260493
0.439041135996 -0.00289925473714
0.439304811659 -0.00288404333309
0.439568487323 -0.00286901157919
0.439832162987 -0.00285414435194
0.440095838651 -0.00283943224153
0.440359514315 -0.00282487065416
0.440623189978 -0.0028104550379
0.440886865642 -0.00279618145307
0.441150541306 -0.00278204559487
0.44141421697 -0.00276804340835
0.441677892634 -0.00275417175779
0.441941568297 -0.00274042832036
0.442205243961 -0.00272680839381
0.442468919625 -0.00271331164326
0.442732595289 -0.00269993920791
0.442996270953 -0.00268669389676
0.443259946617 -0.00267357861609
0.44352362228 -0.00266059582809
0.443787297944 -0.00264774769398
0.444050973608 -0.00263503770061
0.444314649272 -0.0026224692299
0.444578324936 -0.00261004520168
0.444842000599 -0.00259777149591
0.445105676263 -0.0025856546546
0.445369351927 -0.00257369677807
0.445633027591 -0.00256190105821
0.445896703255 -0.00255027303665
0.446160378918 -0.00253881817565
0.446424054582 -0.0025275419687
0.446687730246 -0.00251644948248
0.44695140591 -0.00250554470232
0.447215081574 -0.002494830539
0.447478757237 -0.00248431024824
0.447742432901 -0.00247398751623
0.448006108565 -0.00246386576876
0.448269784229 -0.00245394813415
0.448533459893 -0.00244423759576
0.448797135557 -0.00243473603811
0.44906081122 -0.00242544201668
0.449324486884 -0.00241635689678
0.449588162548 -0.00240748165933
0.449851838212 -0.00239881712641
0.450115513876 -0.00239102299168
0.450379189539 -0.00238284448277
0.450642865203 -0.00237466257746
0.450906540867 -0.00236652588121
0.451170216531 -0.00235847551301
0.451433892195 -0.00235058254564
0.451697567858 -0.00234291420177
0.451961243522 -0.0023355340885
0.452224919186 -0.00232848297163
0.45248859485 -0.00232178485825
0.452752270514 -0.0023154500566
0.453015946178 -0.00230947816116
0.453279621841 -0.00230386175188
0.453543297505 -0.00229858878328
0.453806973169 -0.00229364247462
0.454070648833 -0.00228900490887
0.454334324497 -0.00228465891659
0.45459800016 -0.00228058814667
0.454861675824 -0.00227677399829
0.455125351488 -0.00227319667458
0.455389027152 -0.0022698419948
0.455652702816 -0.00226669751112
0.455916378479 -0.00226375210928
0.456180054143 -0.00226099460024
0.456443729807 -0.00225841545509
0.456707405471 -0.00225600600709
0.456971081135 -0.00225375830104
0.457234756799 -0.00225166487981
0.457498432462 -0.0022497184362
0.457762108126 -0.00224791234937
0.45802578379 -0.00224623995658
0.458289459454 -0.00224469486667
0.458553135118 -0.00224327100565
0.458816810781 -0.00224196264369
0.459080486445 -0.00224076309789
0.459344162109 -0.00223965793617
0.459607837773 -0.00223863957488
0.459871513437 -0.0022377015334
0.4601351891 -0.00223683797838
0.460398864764 -0.00223604364658
0.460662540428 -0.00223531518803
0.460926216092 -0.00223464975874
0.461189891756 -0.00223404449528
0.461453567419 -0.00223349716143
0.461717243083 -0.00223300625021
0.461980918747 -0.00223257072336
0.462244594411 -0.00223218866469
0.462508270075 -0.00223185946303
0.462771945739 -0.00223158327055
0.463035621402 -0.00223136069131
0.463299297066 -0.00223119296156
0.46356297273 -0.00223108172093
0.463826648394 -0.002231026952
0.464090324058 -0.00223102461553
0.464353999721 -0.00223107513994
0.464617675385 -0.00223117941881
0.464881351049 -0.00223133895211
0.465145026713 -0.00223155685071
0.465408702377 -0.00223183644188
0.46567237804 -0.0022321803995
0.465936053704 -0.0022325898096
0.466199729368 -0.00223306750691
0.466463405032 -0.00223361648454
0.466727080696 -0.00223423991534
0.46699075636 -0.0022349410702
0.467254432023 -0.00223572353475
0.467518107687 -0.00223659167096
0.467781783351 -0.00223755017145
0.468045459015 -0.00223860427465
0.468309134679 -0.00223975909033
0.468572810342 -0.0022410159836
0.468836486006 -0.00224237690838
0.46910016167 -0.00224384621156
0.469363837334 -0.00224542834644
0.469627512998 -0.00224712770838
0.469891188661 -0.00224894834
0.470154864325 -0.00225089419528
0.470418539989 -0.002252969156
0.470682215653 -0.00225517697659
0.470945891317 -0.00225752043627
0.471209566981 -0.0022600027198
0.471473242644 -0.00226262777603
0.471736918308 -0.00226540110028
0.472000593972 -0.00226832600085
0.472264269636 -0.0022714070876
0.4725279453 -0.00227464753951
0.472791620963 -0.00227804800508
0.473055296627 -0.00228161157834
0.473318972291 -0.00228534227842
0.473582647955 -0.0022892437083
0.473846323619 -0.00229332049127
0.474109999282 -0.00229757698359
0.474373674946 -0.0023020156826
0.47463735061 -0.00230663991688
0.474901026274 -0.0023114553662
0.475164701938 -0.00231646638388
0.475428377601 -0.00232167845063
0.475692053265 -0.0023270935553
0.475955728929 -0.00233271350048
0.476219404593 -0.0023385405424
0.476483080257 -0.00234457601748
0.476746755921 -0.00235082378657
0.477010431584 -0.00235728682824
0.477274107248 -0.00236396669021
0.477537782912 -0.00237086583465
0.477801458576 -0.00237798385795
0.47806513424 -0.00238532251131
0.478328809903 -0.00239288244469
0.478592485567 -0.00240066282185
0.478856161231 -0.00240866365612
0.479119836895 -0.00241688398058
0.479383512559 -0.00242532178348
0.479647188222 -0.00243397541418
0.479910863886 -0.00244284247003
0.48017453955 -0.00245192005956
0.480438215214 -0.00246119863331
0.480701890878 -0.00247067239372
0.480965566542 -0.0024803355685
0.481229242205 -0.00249018237016
0.481492917869 -0.00250020550587
0.481756593533 -0.00251040063212
0.482020269197 -0.00252076657023
0.482283944861 -0.00253130619366
0.482547620524 -0.00254202466943
0.482811296188 -0.00255291782241
0.483074971852 -0.00256398425762
0.483338647516 -0.00257521409712
0.48360232318 -0.00258660360985
0.483865998843 -0.00259814859355
0.484129674507 -0.00260984039605
0.484393350171 -0.00262167378986
0.484657025835 -0.00263364313608
0.484920701499 -0.00264574257343
0.485184377163 -0.00265797170981
0.485448052826 -0.00267032627514
0.48571172849 -0.00268280148188
0.485975404154 -0.00269540180919
0.486239079818 -0.00270812730188
0.486502755482 -0.00272097571649
0.486766431145 -0.0027339539449
0.487030106809 -0.00274705232459
0.487293782473 -0.00276027216576
0.487557458137 -0.00277361844401
0.487821133801 -0.00278709304952
0.488084809464 -0.00280069720331
0.488348485128 -0.00281443297999
0.488612160792 -0.00282830146869
0.488875836456 -0.00284230017849
0.48913951212 -0.00285642613112
0.489403187783 -0.00287068568339
0.489666863447 -0.00288508036109
0.489930539111 -0.00289960744024
0.490194214775 -0.00291426455924
0.490457890439 -0.00292904581927
0.490721566103 -0.00294394712362
0.490985241766 -0.00295896342696
0.49124891743 -0.00297408718107
0.491512593094 -0.00298931048405
0.491776268758 -0.0030046258023
0.492039944422 -0.00302003333669
0.492303620085 -0.00303553277306
0.492567295749 -0.0030511185923
0.492830971413 -0.00306678383319
0.493094647077 -0.00308252120705
0.493358322741 -0.00309832206561
0.493621998404 -0.003114167264
0.493885674068 -0.003130046387
0.494149349732 -0.00314595331164
0.494413025396 -0.00316188559326
0.49467670106 -0.00317783889807
0.494940376724 -0.00319380915113
0.495204052387 -0.00320979270977
0.495467728051 -0.00322578791468
0.495731403715 -0.00324179138382
0.495995079379 -0.00325780247379
0.496258755043 -0.00327382010259
0.496522430706 -0.0032898397161
0.49678610637 -0.0033058573591
0.497049782034 -0.00332187032585
0.497313457698 -0.0033378770065
0.497577133362 -0.0033538769076
0.497840809025 -0.00336986606032
0.498104484689 -0.00338583937823
0.498368160353 -0.00340179221129
0.498631836017 -0.00341772095781
0.498895511681 -0.00343362205227
0.499159187345 -0.00344949006584
0.499422863008 -0.00346532262045
0.499686538672 -0.00348111587949
0.499950214336 -0.00349686517701
0.50021389 -0.00351327202312
0.500477565664 -0.00352977144572
0.500741241327 -0.00354639260307
0.501004916991 -0.00356312444226
0.501268592655 -0.0035799494669
0.501532268319 -0.00359684779024
0.501795943983 -0.00361380107031
0.502059619646 -0.00363079711252
0.50232329531 -0.00364782491368
0.502586970974 -0.00366487056419
0.502850646638 -0.00368191864061
0.503114322302 -0.00369895431694
0.503377997965 -0.00371596439115
0.503641673629 -0.0037329377965
0.503905349293 -0.00374986451784
0.504169024957 -0.00376673689686
0.504432700621 -0.00378354758597
0.504696376285 -0.00380028949584
0.504960051948 -0.00381695569111
0.505223727612 -0.00383353917769
0.505487403276 -0.00385003247273
0.50575107894 -0.00386642795659
0.506014754604 -0.00388271781728
0.506278430267 -0.00389889658282
0.506542105931 -0.00391496460949
0.506805781595 -0.00393091881583
0.507069457259 -0.00394675221266
0.507333132923 -0.00396245723718
0.507596808586 -0.00397802603219
0.50786048425 -0.00399345057958
0.508124159914 -0.00400872267925
0.508387835578 -0.00402383342396
0.508651511242 -0.00403877522666
0.508915186906 -0.00405354002902
0.509178862569 -0.00406812186596
0.509442538233 -0.00408251194637
0.509706213897 -0.00409670135689
0.509969889561 -0.00411068286619
0.510233565225 -0.00412444914458
0.510497240888 -0.00413799287063
0.510760916552 -0.00415130646318
0.511024592216 -0.00416438229318
0.51128826788 -0.00417721287923
0.511551943544 -0.00418979171484
0.511815619207 -0.00420212080701
0.512079294871 -0.00421420157315
0.512342970535 -0.00422602892703
0.512606646199 -0.00423759782943
0.512870321863 -0.00424890297277
0.513133997527 -0.00425993885309
0.51339767319 -0.00427070058187
0.513661348854 -0.0042811836237
0.513925024518 -0.00429138333028
0.514188700182 -0.00430129590828
0.514452375846 -0.00431091883206
0.514716051509 -0.00432024837597
0.514979727173 -0.00432927996191
0.515243402837 -0.00433800962582
0.515507078501 -0.00434643365504
0.515770754165 -0.00435454877358
0.516034429828 -0.00436235989617
0.516298105492 -0.00436986926349
0.516561781156 -0.00437707917418
0.51682545682 -0.00438398553363
0.517089132484 -0.00439058531142
0.517352808147 -0.00439687536348
0.517616483811 -0.00440285241276
0.517880159475 -0.0044085125656
0.518143835139 -0.00441385063114
0.518407510803 -0.0044188631719
0.518671186467 -0.00442354752196
0.51893486213 -0.0044278991021
0.519198537794 -0.00443191420767
0.519462213458 -0.00443559224601
0.519725889122 -0.00443893386605
0.519989564786 -0.00444193904581
0.520253240449 -0.00444460599424
0.520516916113 -0.00444693369547
0.520780591777 -0.00444891910925
0.521044267441 -0.00445055496867
0.521307943105 -0.00445183663475
0.521571618768 -0.0044527595988
0.521835294432 -0.0044533189777
0.522098970096 -0.0044535084822
0.52236264576 -0.00445332673046
0.522626321424 -0.00445277287092
0.522889997088 -0.00445184465021
0.523153672751 -0.00445053651754
0.523417348415 -0.00444884382993
0.523681024079 -0.00444675900214
0.523944699743 -0.0044442761404
0.524208375407 -0.00444139126444
0.52447205107 -0.00443810189204
0.524735726734 -0.00443440534143
0.524999402398 -0.00443030258876
0.525263078062 -0.00442579462093
0.525526753726 -0.00442087871387
0.525790429389 -0.00441555216364
0.526054105053 -0.00440981294576
0.526317780717 -0.00440366065152
0.526581456381 -0.00439709829779
0.526845132045 -0.00439012807235
0.527108807709 -0.00438274864209
0.527372483372 -0.00437496151198
0.527636159036 -0.00436677613016
0.5278998347 -0.00435819399827
