0.000812182741117 0
0.00107613686917 0
0.00134009099722 0
0.00160404512528 0
0.00186799925333 0
0.00213195338139 0
0.00239590750944 0
0.00265986163749 0
0.00292381576555 0
0.0031877698936 0
0.00345172402166 0
0.00371567814971 0
0.00397963227776 0
0.00424358640582 0
0.00450754053387 0
0.00477149466193 0
0.00503544878998 0
0.00529940291803 0
0.00556335704609 0
0.00582731117414 0
0.0060912653022 0
0.00635521943025 0
0.00661917355831 0
0.00688312768636 0
0.00714708181441 0
0.00741103594247 0
0.00767499007052 0
0.00793894419858 0
0.00820289832663 0
0.00846685245468 0
0.00873080658274 0
0.00899476071079 0
0.00925871483885 0
0.0095226689669 0
0.00978662309495 0
0.010050577223 0
0.0103145313511 0
0.0105784854791 0
0.0108424396072 0
0.0111063937352 0
0.0113703478633 0
0.0116343019913 0
0.0118982561194 0
0.0121622102474 0
0.0124261643755 0
0.0126901185035 0
0.0129540726316 0
0.0132180267597 0
0.0134819808877 0
0.0137459350158 0
0.0140098891438 0
0.0142738432719 -4.3845709975e-06
0.0145377973999 -8.54788633671e-06
0.014801751528 -1.24938332908e-05
0.015065705656 -1.62283388293e-05
0.0153296597841 -1.97555205442e-05
0.0155936139121 -2.30783515233e-05
0.0158575680402 -2.61998165643e-05
0.0161215221682 -2.9122812043e-05
0.0163854762963 -3.18494398297e-05
0.0166494304244 -3.43815688042e-05
0.0169133845524 -3.67214671073e-05
0.0171773386805 -3.88709802309e-05
0.0174412928085 -4.08353370402e-05
0.0177052469366 -4.26162288678e-05
0.0179692010646 -4.42136906579e-05
0.0182331551927 -4.56274172075e-05
0.0184971093207 -4.68609789955e-05
0.0187610634488 -4.79151927217e-05
0.0190250175768 -4.87904222089e-05
0.0192889717049 -4.94866842253e-05
0.019552925833 -5.00065207542e-05
0.019816879961 -5.03490420845e-05
0.0200808340891 -5.05141886953e-05
0.0203447882171 -5.04987261684e-05
0.0206087423452 -5.02987386413e-05
0.0208726964732 -4.99110773121e-05
0.0211366506013 -4.93322557782e-05
0.0214006047293 -4.85594362264e-05
0.0216645588574 -4.7589040719e-05
0.0219285129854 -4.64182550963e-05
0.0221924671135 -4.50423360829e-05
0.0224564212415 -4.346090516e-05
0.0227203753696 -4.1669816021e-05
0.0229843294977 -3.96648548944e-05
0.0232482836257 -3.74422511971e-05
0.0235122377538 -3.4997809949e-05
0.0237761918818 -3.23272518338e-05
0.0240401460099 -2.94277864906e-05
0.0243041001379 -2.62970832992e-05
0.024568054266 -2.29320786438e-05
0.024832008394 -1.93316654962e-05
0.0250959625221 -1.54933565237e-05
0.0253599166501 -1.14141332648e-05
0.0256238707782 -7.09120094766e-06
0.0258878249062 -2.5216827005e-06
0.0261517790343 2.29719047296e-06
0.0264157331624 7.36627488558e-06
0.0266796872904 1.26873395277e-05
0.0269436414185 1.8262811528e-05
0.0272075955465 2.40949826359e-05
0.0274715496746 3.01859709266e-05
0.0277355038026 3.6536786814e-05
0.0279994579307 4.3150274812e-05
0.0282634120587 5.00266645893e-05
0.0285273661868 5.71683705036e-05
0.0287913203148 6.457649492e-05
0.0290552744429 7.22527146181e-05
0.029319228571 8.01975126477e-05
0.029583182699 8.84104794348e-05
0.0298471368271 9.68917093031e-05
0.0301110909551 0.000105642537946
0.0303750450832 0.000114664519103
0.0306389992112 0.000123960530481
0.0309029533393 0.000133529248495
0.0311669074673 0.000143364886405
0.0314308615954 0.000153466038089
0.0316948157234 0.000163836501231
0.0319587698515 0.000174451803295
0.0322227239795 0.000185303759295
0.0324866781076 0.000196374030283
0.0327506322357 0.000207651852849
0.0330145863637 0.000219133100179
0.0332785404918 0.000230813237755
0.0335424946198 0.000242688425974
0.0338064487479 0.000254751943603
0.0340704028759 0.000266990670543
0.034334357004 0.000279411439215
0.034598311132 0.000292033373673
0.0348622652601 0.00030485360708
0.0351262193881 0.000317864070054
0.0353901735162 0.000331063658195
0.0356541276442 0.000344453000283
0.0359180817723 0.000358023240807
0.0361820359004 0.000371764167156
0.0364459900284 0.000385667815927
0.0367099441565 0.000399726932243
0.0369738982845 0.000413932700622
0.0372378524126 0.0004282733137
0.0375018065406 0.000442736066463
0.0377657606687 0.000457316895313
0.0380297147967 0.000472003738999
0.0382936689248 0.000486787630138
0.0385576230528 0.00050165023271
0.0388215771809 0.000516584632083
0.0390855313089 0.000531578046855
0.039349485437 0.000546612419955
0.0396134395651 0.000561667046761
0.0398773936931 0.000576719404074
0.0401413478212 0.000591740235502
0.0404053019492 0.000606706384555
0.0406692560773 0.00062160261043
0.0409332102053 0.0006364274576
0.0411971643334 0.000651166531069
0.0414611184614 0.000665802960665
0.0417250725895 0.000680318319168
0.0419890267175 0.000694701982676
0.0422529808456 0.000708943664541
0.0425169349737 0.000723032834179
0.0427808891017 0.000736962448578
0.0430448432298 0.000750741354349
0.0433087973578 0.000764362290708
0.0435727514859 0.000777820049377
0.0438367056139 0.000791108043881
0.044100659742 0.000804222238487
0.04436461387 0.000817161577636
0.0446285679981 0.000829927309508
0.0448925221261 0.000842520406774
0.0451564762542 0.000854943264495
0.0454204303822 0.000867209723029
0.0456843845103 0.000879328865898
0.0459483386384 0.000891303921159
0.0462122927664 0.000903136373561
0.0464762468945 0.000914825888609
0.0467402010225 0.000926370682231
0.0470041551506 0.000937768181465
0.0472681092786 0.000949015730352
0.0475320634067 0.000960108268959
0.0477960175347 0.000971040173117
0.0480599716628 0.000981805702715
0.0483239257908 0.000992400067223
0.0485878799189 0.00100281576098
0.0488518340469 0.00101304430373
0.049115788175 0.00102307695792
0.0493797423031 0.00103290555211
0.0496436964311 0.00104252260105
0.0499076505592 0.00105192147444
0.0501716046872 0.00106054118658
0.0504355588153 0.00106939566594
0.0506995129433 0.0010781581742
0.0509634670714 0.00108680617965
0.0512274211994 0.00109531432758
0.0514913753275 0.00110365434414
0.0517553294555 0.00111178091533
0.0520192835836 0.00111964528501
0.0522832377116 0.00112720907197
0.0525471918397 0.00113444185503
0.0528111459678 0.00114132458861
0.0530751000958 0.00114784765139
0.0533390542239 0.00115400636087
0.0536030083519 0.00115980162235
0.05386696248 0.00116524018289
0.054130916608 0.00117033147493
0.0543948707361 0.00117508609013
0.0546588248641 0.00117951584213
0.0549227789922 0.00118363289468
0.0551867331202 0.0011874493404
0.0554506872483 0.00119097675196
0.0557146413764 0.00119422593604
0.0559785955044 0.00119720693498
0.0562425496325 0.00119992881217
0.0565065037605 0.00120239989734
0.0567704578886 0.00120462786199
0.0570344120166 0.001206620053
0.0572983661447 0.00120838601669
0.0575623202727 0.00120993880047
0.0578262744008 0.0012112872623
0.0580902285288 0.00121243968759
0.0583541826569 0.00121340422906
0.0586181367849 0.00121419032721
0.058882090913 0.00121480538864
0.0591460450411 0.0012152559512
0.0594099991691 0.00121554832395
0.0596739532972 0.00121568869919
0.0599379074252 0.00121568348823
0.0602018615533 0.00121553870043
0.0604658156813 0.00121525999221
0.0607297698094 0.00121485237985
0.0609937239374 0.00121432003177
0.0612576780655 0.00121366684756
0.0615216321935 0.00121289640469
0.0617855863216 0.00121201188309
0.0620495404496 0.00121101597143
0.0623134945777 0.00120991824926
0.0625774487058 0.00120872348726
0.0628414028338 0.00120743538548
0.0631053569619 0.00120605722483
0.0633693110899 0.00120459089556
0.063633265218 0.00120303781175
0.063897219346 0.00120139930023
0.0641611734741 0.0011996766359
0.0644251276021 0.00119787175694
0.0646890817302 0.00119598557638
0.0649530358582 0.00119401893215
0.0652169899863 0.00119197247113
0.0654809441143 0.00118984614264
0.0657448982424 0.00118763900719
0.0660088523705 0.00118534900933
0.0662728064985 0.00118297448646
0.0665367606266 0.00118051383683
0.0668007147546 0.00117796538274
0.0670646688827 0.00117532770384
0.0673286230107 0.0011726036397
0.0675925771388 0.00116979403284
0.0678565312668 0.00116689736986
0.0681204853949 0.00116391159539
0.0683844395229 0.00116083501661
0.068648393651 0.00115766606386
0.0689123477791 0.00115440345934
0.0691763019071 0.00115104590721
0.0694402560352 0.00114759146193
0.0697042101632 0.00114403856562
0.0699681642913 0.00114038526781
0.0702321184193 0.00113662938357
0.0704960725474 0.00113276874716
0.0707600266754 0.0011288008593
0.0710239808035 0.00112472334346
0.0712879349315 0.00112053375968
0.0715518890596 0.00111622959446
0.0718158431876 0.00111180971654
0.0720797973157 0.00110727119885
0.0723437514438 0.00110261127515
0.0726077055718 0.00109782807499
0.0728716596999 0.0010929200396
0.0731356138279 0.00108788588271
0.073399567956 0.00108272342947
0.073663522084 0.00107742999599
0.0739274762121 0.00107200113222
0.0741914303401 0.00106643350967
0.0744553844682 0.00106072349105
0.0747193385962 0.00105486843969
0.0749832927243 0.00104886464517
0.0752472468523 0.0010427062315
0.0755112009804 0.00103639142484
0.0757751551085 0.00102991762348
0.0760391092365 0.00102328388675
0.0763030633646 0.00101648742303
0.0765670174926 0.00100952412608
0.0768309716207 0.00100239317186
0.0770949257487 0.000995092837854
0.0773588798768 0.000987619992015
0.0776228340048 0.000979970962996
0.0778867881329 0.000972144816692
0.0781507422609 0.000964140468286
0.078414696389 0.000955956566556
0.078678650517 0.000947592620912
0.0789426046451 0.000939048335737
0.0792065587732 0.000930323906914
0.0794705129012 0.00092142016848
0.0797344670293 0.000912337609274
0.0799984211573 0.000903075138071
0.0802623752854 0.000893633848346
0.0805263294134 0.000884014189995
0.0807902835415 0.000874220198801
0.0810542376695 0.000864256832437
0.0813181917976 0.000854134545432
0.0815821459256 0.000843858116735
0.0818461000537 0.000833432599054
0.0821100541818 0.000822862529036
0.0823740083098 0.000812149812211
0.0826379624379 0.000801293645935
0.0829019165659 0.000790301298752
0.083165870694 0.00077917326011
0.083429824822 0.00076790207135
0.0836937789501 0.000756484533626
0.0839577330781 0.000744923193933
0.0842216872062 0.000733230896735
0.0844856413342 0.000721414786631
0.0847495954623 0.000709478782408
0.0850135495903 0.00069742589684
0.0852775037184 0.000685261826475
0.0855414578465 0.000672991184243
0.0858054119745 0.000660619551873
0.0860693661026 0.000648153852957
0.0863333202306 0.000635602920925
0.0865972743587 0.000622970145259
0.0868612284867 0.00061025881967
0.0871251826148 0.000597469040325
0.0873891367428 0.000584600117511
0.0876530908709 0.000571653516066
0.0879170449989 0.000558633705268
0.088180999127 0.000545542596801
0.088444953255 0.000532389429631
0.0887089073831 0.000519181398903
0.0889728615112 0.000505926844759
0.0892368156392 0.00049263336298
0.0895007697673 0.000479306681357
0.0897647238953 0.000465949124778
0.0900286780234 0.000452560194274
0.0902926321514 0.000439141020606
0.0905565862795 0.000425692288447
0.0908205404075 0.000412215292405
0.0910844945356 0.000398708858205
0.0913484486636 0.000385174562224
0.0916124027917 0.000371614246353
0.0918763569198 0.000358033397
0.0921403110478 0.000344436733595
0.0924042651759 0.000330827976602
0.0926682193039 0.00031721220811
0.092932173432 0.000303594871625
0.09319612756 0.000289980106809
0.0934600816881 0.0002763689722
0.0937240358161 0.000262758968849
0.0939879899442 0.000249151726028
0.0942519440722 0.000235550665321
0.0945158982003 0.000221961524768
0.0947798523283 0.000208393574799
0.0950438064564 0.000194859217397
0.0953077605845 0.000181363982083
0.0955717147125 0.000167911991045
0.0958356688406 0.000154505967297
0.0960996229686 0.000141146797275
0.0963635770967 0.000127837765197
0.0966275312247 0.00011458188425
0.0968914853528 0.000101383739747
0.0971554394808 8.82458517345e-05
0.0974193936089 7.51707766546e-05
0.0976833477369 6.21629920066e-05
0.097947301865 4.92231570223e-05
0.098211255993 3.63477011701e-05
0.0984752101211 2.35391488689e-05
0.0987391642492 1.0800133815e-05
0.0990031183772 -1.86694684849e-06
0.0992670725053 -1.44623292164e-05
0.0995310266333 -2.69842900284e-05
0.0997949807614 -3.94302424241e-05
0.100058934889 -5.2428461583e-05
0.100322889017 -6.54288722298e-05
0.100586843146 -7.84984263868e-05
0.100850797274 -9.16154623203e-05
0.101114751402 -0.000104768422537
0.10137870553 -0.000117951843767
0.101642659658 -0.000131155247765
0.101906613786 -0.00014436065943
0.102170567914 -0.000157553249181
0.102434522042 -0.000170721431969
0.10269847617 -0.000183852740988
0.102962430298 -0.000196937049611
0.103226384426 -0.000209969083368
0.103490338554 -0.000222945129651
0.103754292682 -0.000235868315177
0.10401824681 -0.00024873469552
0.104282200938 -0.00026153964261
0.104546155066 -0.000274278699681
0.104810109194 -0.000286947284567
0.105074063322 -0.000299540396115
0.105338017451 -0.00031205278043
0.105601971579 -0.00032447918978
0.105865925707 -0.000336814217272
0.106129879835 -0.000349052611237
0.106393833963 -0.000361188609243
0.106657788091 -0.000373216393361
0.106921742219 -0.000385131093602
0.107185696347 -0.000396927288136
0.107449650475 -0.000408598821732
0.107713604603 -0.000420139500643
0.107977558731 -0.000431543015973
0.108241512859 -0.000442803123545
0.108505466987 -0.000453913468669
0.108769421115 -0.000464867678367
0.109033375243 -0.000475666776957
0.109297329371 -0.000486310095689
0.109561283499 -0.000496795715259
0.109825237627 -0.000507119039654
0.110089191755 -0.000517274902451
0.110353145884 -0.000527258044524
0.110617100012 -0.000537063072833
0.11088105414 -0.000546685144992
0.111145008268 -0.000556120254203
0.111408962396 -0.000565364199275
0.111672916524 -0.000574413053612
0.111936870652 -0.000583262600928
0.11220082478 -0.000591907234751
0.112464778908 -0.000600342144533
0.112728733036 -0.000608563688821
0.112992687164 -0.000616566629407
0.113256641292 -0.000624346452736
0.11352059542 -0.00063189920862
0.113784549548 -0.000639222817452
0.114048503676 -0.000646318754122
0.114312457804 -0.000653189818319
0.114576411932 -0.00065983384015
0.11484036606 -0.000666248427531
0.115104320189 -0.00067243194733
0.115368274317 -0.000678383347025
0.115632228445 -0.000684100743443
0.115896182573 -0.000689583717648
0.116160136701 -0.00069482957049
0.116424090829 -0.000699835027261
0.116688044957 -0.000704598028337
0.116951999085 -0.000709116292717
0.117215953213 -0.000713387625099
0.117479907341 -0.000717409898042
0.117743861469 -0.000721181207307
0.118007815597 -0.000724700040257
0.118271769725 -0.000727972553784
0.118535723853 -0.000731000776252
0.118799677981 -0.000733782222368
0.119063632109 -0.000736313343588
0.119327586237 -0.000738591054984
0.119591540365 -0.000740610789243
0.119855494493 -0.000742373940728
0.120119448622 -0.000743878472359
0.12038340275 -0.000745120779285
0.120647356878 -0.000746098108055
0.120911311006 -0.000746807212474
0.121175265134 -0.000747244602519
0.121439219262 -0.000747407516232
0.12170317339 -0.000747294100252
0.121967127518 -0.000746900346026
0.122231081646 -0.000746222987974
0.122495035774 -0.00074525769783
0.122758989902 -0.000743997261589
0.12302294403 -0.000742435147298
0.123286898158 -0.000740567501242
0.123550852286 -0.000738390098203
0.123814806414 -0.000735898670571
0.124078760542 -0.000733087553042
0.12434271467 -0.000729955578339
0.124606668798 -0.000726499547739
0.124870622927 -0.000722716527776
0.125134577055 -0.000718601319195
0.125398531183 -0.000714150281106
0.125662485311 -0.000709359201996
0.125926439439 -0.000704225192184
0.126190393567 -0.000698746276756
0.126454347695 -0.000692924210841
0.126718301823 -0.000686758160745
0.126982255951 -0.000680243069279
0.127246210079 -0.000673374852273
0.127510164207 -0.000666156705932
0.127774118335 -0.000658588142148
0.128038072463 -0.000650667941999
0.128302026591 -0.000642393444637
0.128565980719 -0.000633768665239
0.128829934847 -0.000624797685518
0.129093888975 -0.000615477464493
0.129357843103 -0.000605810546773
0.129621797231 -0.000595801525945
0.12988575136 -0.000585456495757
0.130149705488 -0.000574784978557
0.130413659616 -0.00056380114122
0.130677613744 -0.000552512765326
0.130941567872 -0.000540923277616
0.131205522 -0.00052903098502
0.131469476128 -0.000516842795067
0.131733430256 -0.000504366089387
0.131997384384 -0.000491597851764
0.132261338512 -0.000478532080273
0.13252529264 -0.00046517793838
0.132789246768 -0.00045153305179
0.133053200896 -0.000437612396563
0.133317155024 -0.000423442264299
0.133581109152 -0.000409028416611
0.13384506328 -0.000394379478128
0.134109017408 -0.000379509457514
0.134372971536 -0.000364431573141
0.134636925665 -0.000349154661505
0.134900879793 -0.000333684019979
0.135164833921 -0.000318035612088
0.135428788049 -0.000302220294899
0.135692742177 -0.000286255641109
0.135956696305 -0.000270154024182
0.136220650433 -0.000253932129433
0.136484604561 -0.000237611618414
0.136748558689 -0.000221225219859
0.137012512817 -0.000204804266392
0.137276466945 -0.000188370620076
0.137540421073 -0.000171946831591
0.137804375201 -0.000155545984753
0.138068329329 -0.000139186016097
0.138332283457 -0.000122886955132
0.138596237585 -0.000106670087903
0.138860191713 -9.05603362824e-05
0.139124145841 -7.45850936436e-05
0.139388099969 -5.87656064742e-05
0.139652054098 -4.31148558036e-05
0.139916008226 -2.76358705871e-05
0.140179962354 -1.2339400661e-05
0.140443916482 2.76651448199e-06
0.14070787061 1.76736563512e-05
0.140971824738 3.23764575282e-05
0.141235778866 4.68717817249e-05
0.141499732994 6.11567021416e-05
0.141763687122 7.5233054013e-05
0.14202764125 8.91165800248e-05
0.142291595378 0.000102814139052
0.142555549506 0.000116331096009
0.142819503634 0.000129672382705
0.143083457762 0.000142842336947
0.14334741189 0.000155845201881
0.143611366018 0.00016868493747
0.143875320146 0.000181365026195
0.144139274274 0.000193888364443
0.144403228402 0.000206260430138
0.144667182531 0.000218483935474
0.144931136659 0.000230560843337
0.145195090787 0.000242491500017
0.145459044915 0.000254273830193
0.145722999043 0.000265907255159
0.145986953171 0.000277389083515
0.146250907299 0.000288715771807
0.146514861427 0.000299883739226
0.146778815555 0.000310891207652
0.147042769683 0.000321737805875
0.147306723811 0.000332418837276
0.147570677939 0.000342930376185
0.147834632067 0.000353268810349
0.148098586195 0.000363430614324
0.148362540323 0.000373412885746
0.148626494451 0.000383213112397
0.148890448579 0.000392828741498
0.149154402707 0.000402256838056
0.149418356836 0.000411495297461
0.149682310964 0.000420542519479
0.149946265092 0.000429402820655
0.15021021922 0.000437487755952
0.150474173348 0.000445855465431
0.150738127476 0.000454143580291
0.151002081604 0.000462333741341
0.151266035732 0.000470424019815
0.15152998986 0.000478383294648
0.151793943988 0.000486172157903
0.152057898116 0.000493749033778
0.152321852244 0.000501077976966
0.152585806372 0.000508133052372
0.1528497605 0.000514894600525
0.153113714628 0.000521349687225
0.153377668756 0.000527491834633
0.153641622884 0.000533321488814
0.153905577012 0.000538843967232
0.15416953114 0.000544065080355
0.154433485269 0.000548996455121
0.154697439397 0.000553653240274
0.154961393525 0.000558048245554
0.155225347653 0.000562193073654
0.155489301781 0.000566098432435
0.155753255909 0.000569774230288
0.156017210037 0.000573228991225
0.156281164165 0.000576469558846
0.156545118293 0.000579502823821
0.156809072421 0.000582334915165
0.157073026549 0.000584971463497
0.157336980677 0.000587417888253
0.157600934805 0.000589679439865
0.157864888933 0.000591760781107
0.158128843061 0.000593666436305
0.158392797189 0.000595400668301
0.158656751317 0.000596973352314
0.158920705445 0.000598393734934
0.159184659574 0.000599668557281
0.159448613702 0.000600804120951
0.15971256783 0.000601807137711
0.159976521958 0.000602683843611
0.160240476086 0.000603439177595
0.160504430214 0.000604077059633
0.160768384342 0.000604601441909
0.16103233847 0.000605015840917
0.161296292598 0.000605323190645
0.161560246726 0.000605526573954
0.161824200854 0.000605629033906
0.162088154982 0.000605633307115
0.16235210911 0.000605541398759
0.162616063238 0.000605354920847
0.162880017366 0.000605079227235
0.163143971494 0.00060472216637
0.163407925622 0.000604286426353
0.16367187975 0.00060377419571
0.163935833878 0.000603187474768
0.164199788007 0.000602527673016
0.164463742135 0.000601795990662
0.164727696263 0.000600992961494
0.164991650391 0.000600118465735
0.165255604519 0.000599172247253
0.165519558647 0.000598153697271
0.165783512775 0.000597061404099
0.166047466903 0.000595894245437
0.166311421031 0.000594650973953
0.166575375159 0.000593329848696
0.166839329287 0.000591928806406
0.167103283415 0.000590449622949
0.167367237543 0.000588894383205
0.167631191671 0.000587262578276
0.167895145799 0.000585552190853
0.168159099927 0.000583760811597
0.168423054055 0.000581885754892
0.168687008183 0.000579923832634
0.168950962312 0.000577872938856
0.16921491644 0.000575729987245
0.169478870568 0.000573491773151
0.169742824696 0.00057115509948
0.170006778824 0.000568716915984
0.170270732952 0.000566172209997
0.17053468708 0.000563516858642
0.170798641208 0.000560749924203
0.171062595336 0.000557871906647
0.171326549464 0.000554880079129
0.171590503592 0.000551772575072
0.17185445772 0.000548547266279
0.172118411848 0.000545201444208
0.172382365976 0.000541729728854
0.172646320104 0.000538128320503
0.172910274232 0.000534395825487
0.17317422836 0.000530529668398
0.173438182488 0.000526526200474
0.173702136616 0.000522380350311
0.173966090745 0.000518091863822
0.174230044873 0.000513659438687
0.174493999001 0.000509080528947
0.174757953129 0.000504350938188
0.175021907257 0.000499466701607
0.175285861385 0.000494426167495
0.175549815513 0.000489225598694
0.175813769641 0.000483860900514
0.176077723769 0.000478331607547
0.176341677897 0.000472636291512
0.176605632025 0.000466773335381
0.176869586153 0.00046074087715
0.177133540281 0.000454539294889
0.177397494409 0.000448166651129
0.177661448537 0.000441623789312
0.177925402665 0.000434909392267
0.178189356793 0.00042802345291
0.178453310921 0.000420965213854
0.17871726505 0.000413735935871
0.178981219178 0.000406336805075
0.179245173306 0.000398770692519
0.179509127434 0.000391040217249
0.179773081562 0.000383148068778
0.18003703569 0.000375097573734
0.180300989818 0.000366893602419
0.180564943946 0.000358540797404
0.180828898074 0.000350042015558
0.181092852202 0.000341399172816
0.18135680633 0.000332617008768
0.181620760458 0.000323695742558
0.181884714586 0.000314635864682
0.182148668714 0.000305445204421
0.182412622842 0.000296130032588
0.18267657697 0.000286694078661
0.182940531098 0.000277141408353
0.183204485226 0.000267475029808
0.183468439354 0.000257702076152
0.183732393483 0.000247826413072
0.183996347611 0.000237850700807
0.184260301739 0.000227781470222
0.184524255867 0.000217621805687
0.184788209995 0.000207373548023
0.185052164123 0.000197035554037
0.185316118251 0.000186610952291
0.185580072379 0.000176098271104
0.185844026507 0.000165496924421
0.186107980635 0.000154810160459
0.186371934763 0.000144037269954
0.186635888891 0.000133177759562
0.186899843019 0.000122224733022
0.187163797147 0.000111170996924
0.187427751275 0.000100009748761
0.187691705403 8.87340570217e-05
0.187955659531 7.7334366944e-05
0.188219613659 6.58032168114e-05
0.188483567788 5.41370541709e-05
0.188747521916 4.23314472315e-05
0.189011476044 3.03886343393e-05
0.189275430172 1.83096553108e-05
0.1895393843 6.09599461247e-06
0.189803338428 -6.2449423038e-06
0.190067292556 -1.87091915308e-05
0.190331246684 -3.12946384396e-05
0.190595200812 -4.39988910715e-05
0.19085915494 -5.68169559033e-05
0.191123109068 -6.97453345423e-05
0.191387063196 -8.27776970079e-05
0.191651017324 -9.5907058249e-05
0.191914971452 -0.000109119351262
0.19217892558 -0.000122403793003
0.192442879708 -0.000135753883246
0.192706833836 -0.000149164798061
0.192970787964 -0.000162631618903
0.193234742092 -0.000176153819794
0.193498696221 -0.000189731236309
0.193762650349 -0.000203361884671
0.194026604477 -0.000217043747191
0.194290558605 -0.000230772735761
0.194554512733 -0.000244544223906
0.194818466861 -0.000258353501818
0.195082420989 -0.000272196391716
0.195346375117 -0.000286069086315
0.195610329245 -0.000299966946215
0.195874283373 -0.000313885040659
0.196138237501 -0.000327818649955
0.196402191629 -0.000341763665188
0.196666145757 -0.000355718054444
0.196930099885 -0.000369678629215
0.197194054013 -0.000383642147322
0.197458008141 -0.000397604769657
0.197721962269 -0.000411570105205
0.197985916397 -0.000425534529135
0.198249870526 -0.000439494021853
0.198513824654 -0.000453443796829
0.198777778782 -0.000467381819946
0.19904173291 -0.000481305211992
0.199305687038 -0.000495209048582
0.199569641166 -0.000509088512386
0.199833595294 -0.00052293863727
0.200097549422 -0.00053742776844
0.20036150355 -0.000551954391053
0.200625457678 -0.000566580525812
0.200889411806 -0.000581290758105
0.201153365934 -0.000596069416914
0.201417320062 -0.000610911906398
0.20168127419 -0.000625801428663
0.201945228318 -0.000640716244704
0.202209182446 -0.000655640621316
0.202473136574 -0.000670559448404
0.202737090702 -0.000685469033454
0.20300104483 -0.000700368469401
0.203264998959 -0.000715251419246
0.203528953087 -0.000730112206873
0.203792907215 -0.00074494588666
0.204056861343 -0.000759748025634
0.204320815471 -0.000774514054132
0.204584769599 -0.000789239650981
0.204848723727 -0.000803919871821
0.205112677855 -0.000818549267221
0.205376631983 -0.000833121703373
0.205640586111 -0.000847630489282
0.205904540239 -0.000862068587943
0.206168494367 -0.000876428427537
0.206432448495 -0.000890702477203
0.206696402623 -0.000904884363111
0.206960356751 -0.000918972454506
0.207224310879 -0.000932963872874
0.207488265007 -0.000946853637593
0.207752219135 -0.000960634673376
0.208016173264 -0.000974299861114
0.208280127392 -0.000987841826186
0.20854408152 -0.00100125320759
0.208808035648 -0.00101452749475
0.209071989776 -0.00102765852605
0.209335943904 -0.00104063952469
0.209599898032 -0.00105346371575
0.20986385216 -0.0010661241604
0.210127806288 -0.0010786139367
0.210391760416 -0.00109092671465
0.210655714544 -0.00110305578349
0.210919668672 -0.00111499264114
0.2111836228 -0.00112672967389
0.211447576928 -0.0011382652028
0.211711531056 -0.00114959473085
0.211975485184 -0.00116071503446
0.212239439312 -0.00117162419443
0.21250339344 -0.00118231606642
0.212767347568 -0.00119278462567
0.213031301697 -0.00120302464729
0.213295255825 -0.00121303173151
0.213559209953 -0.00122280111862
0.213823164081 -0.001232328084
0.214087118209 -0.00124160792159
0.214351072337 -0.00125063645723
0.214615026465 -0.00125940891909
0.214878980593 -0.00126792100433
0.215142934721 -0.00127616801972
0.215406888849 -0.00128414586819
0.215670842977 -0.00129185481588
0.215934797105 -0.00129929437757
0.216198751233 -0.00130646563011
0.216462705361 -0.00131336743158
0.216726659489 -0.00131999630693
0.216990613617 -0.00132634847575
0.217254567745 -0.00133242135978
0.217518521873 -0.00133820999182
0.217782476002 -0.00134370938783
0.21804643013 -0.00134891468123
0.218310384258 -0.00135382182903
0.218574338386 -0.00135842716589
0.218838292514 -0.00136272606036
0.219102246642 -0.00136671420647
0.21936620077 -0.00137039227423
0.219630154898 -0.00137376037887
0.219894109026 -0.00137681521718
0.220158063154 -0.0013795560135
0.220422017282 -0.00138198194239
0.22068597141 -0.00138409113465
0.220949925538 -0.00138587989524
0.221213879666 -0.00138734385977
0.221477833794 -0.00138847637154
0.221741787922 -0.0013892723061
0.22200574205 -0.00138972625454
0.222269696178 -0.00138983483891
0.222533650306 -0.00138959354515
0.222797604435 -0.00138899828491
0.223061558563 -0.00138804429335
0.223325512691 -0.0013867284257
0.223589466819 -0.00138504697842
0.223853420947 -0.00138299436218
0.224117375075 -0.00138056348238
0.224381329203 -0.00137774879497
0.224645283331 -0.00137454824898
0.224909237459 -0.00137095968189
0.225173191587 -0.00136698078891
0.225437145715 -0.00136261103538
0.225701099843 -0.00135784702977
0.225965053971 -0.00135268389225
0.226229008099 -0.00134711981595
0.226492962227 -0.00134115776358
0.226756916355 -0.00133479806527
0.227020870483 -0.00132803914333
0.227284824611 -0.00132087910172
0.22754877874 -0.00131332192668
0.227812732868 -0.00130536798562
0.228076686996 -0.00129701697381
0.228340641124 -0.0012882751876
0.228604595252 -0.00127914688397
0.22886854938 -0.0012696386985
0.229132503508 -0.00125975544478
0.229396457636 -0.00124951041354
0.229660411764 -0.00123891590857
0.229924365892 -0.00122797344771
0.23018832002 -0.00121668568792
0.230452274148 -0.00120505988325
0.230716228276 -0.00119309822386
0.230980182404 -0.0011807974261
0.231244136532 -0.00116816972609
0.23150809066 -0.00115522580037
0.231772044788 -0.00114197969719
0.232035998916 -0.00112843990447
0.232299953044 -0.00111463245496
0.232563907173 -0.0011005681341
0.232827861301 -0.00108625835663
0.233091815429 -0.00107171149254
0.233355769557 -0.00105693123909
0.233619723685 -0.00104192330852
0.233883677813 -0.00102669665264
0.234147631941 -0.00101127260957
0.234411586069 -0.000995664199689
0.234675540197 -0.000979887682131
0.234939494325 -0.000963962483947
0.235203448453 -0.000947917016319
0.235467402581 -0.000931786582193
0.235731356709 -0.000915595706531
0.235995310837 -0.000899360237849
0.236259264965 -0.000883093638552
0.236523219093 -0.000866817842304
0.236787173221 -0.000850558798955
0.237051127349 -0.000834346174495
0.237315081478 -0.000818207930125
0.237579035606 -0.000802166713371
0.237842989734 -0.000786235103652
0.238106943862 -0.00077042455049
0.23837089799 -0.000754751896753
0.238634852118 -0.000739233431051
0.238898806246 -0.000723879525169
0.239162760374 -0.000708699796339
0.239426714502 -0.000693702356376
0.23969066863 -0.000678893868738
0.239954622758 -0.000664261726491
0.240218576886 -0.000649801740832
0.240482531014 -0.0006355086594
0.240746485142 -0.000621379351682
0.24101043927 -0.000607409934568
0.241274393398 -0.000593596469329
0.241538347526 -0.000579934805042
0.241802301654 -0.0005664204696
0.242066255782 -0.00055304493698
0.242330209911 -0.000539802956159
0.242594164039 -0.00052669280414
0.242858118167 -0.000513713190296
0.243122072295 -0.000500862102058
0.243386026423 -0.000488138743875
0.243649980551 -0.000475543944825
0.243913934679 -0.000463078481451
0.244177888807 -0.000450742654683
0.244441842935 -0.000438539059545
0.244705797063 -0.000426470770205
0.244969751191 -0.000414541202072
0.245233705319 -0.000402753658906
0.245497659447 -0.000391111202329
0.245761613575 -0.000379613718143
0.246025567703 -0.000368263443541
0.246289521831 -0.000357064049345
0.246553475959 -0.000346019158449
0.246817430087 -0.000335131762015
0.247081384216 -0.00032440435522
0.247345338344 -0.000313839125719
0.247609292472 -0.000303438718028
0.2478732466 -0.00029320610024
0.248137200728 -0.000283144029767
0.248401154856 -0.000273251804509
0.248665108984 -0.000263531064902
0.248929063112 -0.000253983731743
0.24919301724 -0.000244611918152
0.249456971368 -0.000235417341154
0.249720925496 -0.000226401277607
0.249984879624 -0.000217565827775
0.250248833752 -0.000209511313852
0.25051278788 -0.000201151712867
0.250776742008 -0.000192829289143
0.251040696136 -0.0001845689671
0.251304650264 -0.000176383029741
0.251568604392 -0.000168313052411
0.25183255852 -0.000160408266646
0.252096512649 -0.000152717538788
0.252360466777 -0.00014528158267
0.252624420905 -0.000138129512283
0.252888375033 -0.000131281141639
0.253152329161 -0.000124747473822
0.253416283289 -0.000118532621046
0.253680237417 -0.000112634911806
0.253944191545 -0.000107048045887
0.254208145673 -0.00010176334096
0.254472099801 -9.6770858734e-05
0.254736053929 -9.20590314103e-05
0.255000008057 -8.76150482144e-05
0.255263962185 -8.34228091146e-05
0.255527916313 -7.94674804385e-05
0.255791870441 -7.57375628731e-05
0.256055824569 -7.22222577251e-05
0.256319778697 -6.89123515722e-05
0.256583732825 -6.57997536192e-05
0.256847686954 -6.28784195972e-05
0.257111641082 -6.01420710576e-05
0.25737559521 -5.75845448231e-05
0.257639549338 -5.52003038799e-05
0.257903503466 -5.29838733849e-05
0.258167457594 -5.09300782234e-05
0.258431411722 -4.90342510407e-05
0.25869536585 -4.72919204863e-05
0.258959319978 -4.56988267635e-05
0.259223274106 -4.42509680496e-05
0.259487228234 -4.29374262637e-05
0.259751182362 -4.17499334757e-05
0.26001513649 -4.06825013969e-05
0.260279090618 -3.97295923519e-05
0.260543044746 -3.88859192805e-05
0.260806998874 -3.81467704499e-05
0.261070953002 -3.75081945386e-05
0.26133490713 -3.69666071658e-05
0.261598861258 -3.651871511e-05
0.261862815387 -3.61616888888e-05
0.262126769515 -3.5893232766e-05
0.262390723643 -3.57113387839e-05
0.262654677771 -3.56142547786e-05
0.262918631899 -3.56009897515e-05
0.263182586027 -3.5670932454e-05
0.263446540155 -3.58236530193e-05
0.263710494283 -3.60562659555e-05
0.263974448411 -3.63632667148e-05
0.264238402539 -3.67416179968e-05
0.264502356667 -3.71904490596e-05
0.264766310795 -3.77092769334e-05
0.265030264923 -3.82986193849e-05
0.265294219051 -3.89595900153e-05
0.265558173179 -3.96923247982e-05
0.265822127307 -4.04974033838e-05
0.266086081435 -4.13761281007e-05
0.266350035563 -4.23299556108e-05
0.266613989692 -4.3360501742e-05
0.26687794382 -4.4469305719e-05
0.267141897948 -4.5658972048e-05
0.267405852076 -4.69326163113e-05
0.267669806204 -4.82936980547e-05
0.267933760332 -4.97424495793e-05
0.26819771446 -5.12789884902e-05
0.268461668588 -5.29054403981e-05
0.268725622716 -5.46247112387e-05
0.268989576844 -5.64402992096e-05
0.269253530972 -5.83552357866e-05
0.2695174851 -6.03710911363e-05
0.269781439228 -6.24903892398e-05
0.270045393356 -6.47146431983e-05
0.270309347484 -6.70462042044e-05
0.270573301612 -6.94891951431e-05
0.27083725574 -7.20481240121e-05
0.271101209868 -7.47259346172e-05
0.271365163996 -7.75258972389e-05
0.271629118125 -8.04481029928e-05
0.271893072253 -8.34938236356e-05
0.272157026381 -8.66656670175e-05
0.272420980509 -8.99658613553e-05
0.272684934637 -9.33976610011e-05
0.272948888765 -9.69660536737e-05
0.273212842893 -0.000100673611508
0.273476797021 -0.000104522634195
0.273740751149 -0.000108515962642
0.274004705277 -0.000112658611435
0.274268659405 -0.000116952932358
0.274532613533 -0.000121402553237
0.274796567661 -0.000126007545897
0.275060521789 -0.000130771678507
0.275324475917 -0.000135698904383
0.275588430045 -0.00014079042027
0.275852384173 -0.000146048415054
0.276116338301 -0.000151478435541
0.27638029243 -0.000157081360198
0.276644246558 -0.000162857215321
0.276908200686 -0.000168809017269
0.277172154814 -0.000174939002496
0.277436108942 -0.000181246424274
0.27770006307 -0.000187732216518
0.277964017198 -0.000194396133916
0.278227971326 -0.000201238126791
0.278491925454 -0.000208258329811
0.278755879582 -0.000215456262429
0.27901983371 -0.000222831753683
0.279283787838 -0.000230385602337
0.279547741966 -0.000238113304209
0.279811696094 -0.000246011814736
0.280075650222 -0.000254075279725
0.28033960435 -0.000262300699816
0.280603558478 -0.000270685955929
0.280867512606 -0.000279225519938
0.281131466734 -0.000287914877947
0.281395420863 -0.000296751994893
0.281659374991 -0.000305731103198
0.281923329119 -0.000314851583151
0.282187283247 -0.000324114798952
0.282451237375 -0.000333513132956
0.282715191503 -0.000343044792947
0.282979145631 -0.000352706860116
0.283243099759 -0.000362492591566
0.283507053887 -0.000372399861914
0.283771008015 -0.000382421609877
0.284034962143 -0.000392553610178
0.284298916271 -0.000402791283707
0.284562870399 -0.000413127258152
0.284826824527 -0.00042355967511
0.285090778655 -0.000434083355527
0.285354732783 -0.000444697998227
0.285618686911 -0.000455401658765
0.285882641039 -0.000466195518898
0.286146595168 -0.000477080016783
0.286410549296 -0.000488052769697
0.286674503424 -0.000499109083452
0.286938457552 -0.000510251753041
0.28720241168 -0.000521487764292
0.287466365808 -0.000532822427484
0.287730319936 -0.000544261198518
0.287994274064 -0.000555807478977
0.288258228192 -0.000567469923615
0.28852218232 -0.000579263770216
0.288786136448 -0.000591190465111
0.289050090576 -0.000603249336521
0.289314044704 -0.000615436030125
0.289577998832 -0.00062774721667
0.28984195296 -0.000640181369721
0.290105907088 -0.000652733963432
0.290369861216 -0.000665398848098
0.290633815344 -0.00067817146382
0.290897769472 -0.000691048186553
0.291161723601 -0.000704027429378
0.291425677729 -0.000717105175087
0.291689631857 -0.000730275803272
0.291953585985 -0.000743533155831
0.292217540113 -0.000756869899354
0.292481494241 -0.000770271195938
0.292745448369 -0.000783726417539
0.293009402497 -0.00079722843973
0.293273356625 -0.000810778049884
0.293537310753 -0.000824372970501
0.293801264881 -0.000838009654179
0.294065219009 -0.000851685546794
0.294329173137 -0.000865398129253
0.294593127265 -0.000879144303781
0.294857081393 -0.000892918839056
0.295121035521 -0.000906716949343
0.295384989649 -0.000920534512122
0.295648943777 -0.000934367298433
0.295912897906 -0.000948212067145
0.296176852034 -0.000962065242497
0.296440806162 -0.000975922579408
0.29670476029 -0.000989779234309
0.296968714418 -0.00100363094355
0.297232668546 -0.00101747505285
0.297496622674 -0.00103130975961
0.297760576802 -0.00104513931782
0.29802453093 -0.00105896165904
0.298288485058 -0.00107277323683
0.298552439186 -0.00108657045924
0.298816393314 -0.00110035247549
0.299080347442 -0.00111411571959
0.29934430157 -0.00112785568027
0.299608255698 -0.0011415681522
0.299872209826 -0.00115524819905
0.300136163954 -0.00116955927923
0.300400118082 -0.00118390944642
0.30066407221 -0.00119835933527
0.300928026339 -0.00121289314768
0.301191980467 -0.00122749432165
0.301455934595 -0.0012421575483
0.301719888723 -0.0012568679931
0.301983842851 -0.00127160436202
0.302247796979 -0.00128635105571
0.302511751107 -0.00130109236884
0.302775705235 -0.00131582662936
0.303039659363 -0.00133055147521
0.303303613491 -0.00134525977847
0.303567567619 -0.00135994565306
0.303831521747 -0.00137460414035
0.304095475875 -0.001389230628
0.304359430003 -0.00140382021465
0.304623384131 -0.00141836851276
0.304887338259 -0.00143287085057
0.305151292387 -0.00144732165536
0.305415246515 -0.00146171489422
0.305679200644 -0.00147604423252
0.305943154772 -0.00149030265843
0.3062071089 -0.00150448284279
0.306471063028 -0.00151857736837
0.306735017156 -0.00153257820275
0.306998971284 -0.00154648421009
0.307262925412 -0.00156029472748
0.30752687954 -0.00157400466514
0.307790833668 -0.00158760719578
0.308054787796 -0.00160109537767
0.308318741924 -0.00161446204963
0.308582696052 -0.00162770019404
0.30884665018 -0.00164080261202
0.309110604308 -0.00165376347361
0.309374558436 -0.00166657661004
0.309638512564 -0.00167923481859
0.309902466692 -0.00169173129786
0.31016642082 -0.00170405961143
0.310430374948 -0.00171621378061
0.310694329077 -0.00172818595227
0.310958283205 -0.0017399683321
0.311222237333 -0.00175155335157
0.311486191461 -0.00176293522388
0.311750145589 -0.00177411318378
0.312014099717 -0.00178508503136
0.312278053845 -0.00179584801149
0.312542007973 -0.00180639619268
0.312805962101 -0.0018167238799
0.313069916229 -0.0018268256064
0.313333870357 -0.00183669634649
0.313597824485 -0.0018463323123
0.313861778613 -0.00185572854673
0.314125732741 -0.00186488039923
0.314389686869 -0.00187378289785
0.314653640997 -0.00188243197319
0.314917595125 -0.00189082354207
0.315181549253 -0.00189895337524
0.315445503382 -0.00190681714994
0.31570945751 -0.00191441182798
0.315973411638 -0.00192174050473
0.316237365766 -0.0019288051103
0.316501319894 -0.00193560282746
0.316765274022 -0.0019421304511
0.31702922815 -0.00194838470682
0.317293182278 -0.00195435993505
0.317557136406 -0.00196005251469
0.317821090534 -0.00196545777992
0.318085044662 -0.00197057150853
0.31834899879 -0.00197538962798
0.318612952918 -0.0019799071037
0.318876907046 -0.00198411960315
0.319140861174 -0.00198802259788
0.319404815302 -0.00199161810416
0.31966876943 -0.0019949057868
0.319932723558 -0.00199788320129
0.320196677686 -0.00200055037762
0.320460631815 -0.00200290440657
0.320724585943 -0.00200494250451
0.320988540071 -0.00200666044661
0.321252494199 -0.0020080527928
0.321516448327 -0.0020091141674
0.321780402455 -0.00200983986459
0.322044356583 -0.00201022437652
0.322308310711 -0.00201026559334
0.322572264839 -0.00200995763233
0.322836218967 -0.00200929702562
0.323100173095 -0.00200828055294
0.323364127223 -0.00200690414748
0.323628081351 -0.00200516248751
0.323892035479 -0.00200304861495
0.324155989607 -0.00200055712559
0.324419943735 -0.00199768362537
0.324683897863 -0.00199442797772
0.324947851991 -0.00199078704744
0.32521180612 -0.00198675977354
0.325475760248 -0.00198234586771
0.325739714376 -0.0019775388873
0.326003668504 -0.00197233504031
0.326267622632 -0.00196673558474
0.32653157676 -0.00196074318811
0.326795530888 -0.00195435815367
0.327059485016 -0.00194757783688
0.327323439144 -0.00194040305561
0.327587393272 -0.00193283808282
0.3278513474 -0.00192488210879
0.328115301528 -0.00191653646852
0.328379255656 -0.00190780761041
0.328643209784 -0.00189870109982
0.328907163912 -0.00188922297495
0.32917111804 -0.00187937897241
0.329435072168 -0.00186918505914
0.329699026296 -0.00185865012441
0.329962980424 -0.0018477770005
0.330226934553 -0.00183656878175
0.330490888681 -0.00182503375015
0.330754842809 -0.00181317182748
0.331018796937 -0.0018009811504
0.331282751065 -0.00178847870305
0.331546705193 -0.00177567199291
0.331810659321 -0.00176257171407
0.332074613449 -0.00174919405491
0.332338567577 -0.00173556220189
0.332602521705 -0.0017216869102
0.332866475833 -0.00170757986438
0.333130429961 -0.001693246055
0.333394384089 -0.00167869517008
0.333658338217 -0.00166392946413
0.333922292345 -0.00164896096448
0.334186246473 -0.00163380237564
0.334450200601 -0.00161847111584
0.334714154729 -0.00160298476527
0.334978108858 -0.0015873627846
0.335242062986 -0.00157163915709
0.335506017114 -0.0015558443066
0.335769971242 -0.00154000066864
0.33603392537 -0.00152411708267
0.336297879498 -0.00150821280705
0.336561833626 -0.00149230959881
0.336825787754 -0.00147643281827
0.337089741882 -0.00146061112309
0.33735369601 -0.00144487254937
0.337617650138 -0.00142923813698
0.337881604266 -0.00141371354796
0.338145558394 -0.00139831427977
0.338409512522 -0.00138305620543
0.33867346665 -0.00136795296113
0.338937420778 -0.00135301374533
0.339201374906 -0.00133824697605
0.339465329034 -0.00132365968948
0.339729283162 -0.00130924926436
0.339993237291 -0.00129500757991
0.340257191419 -0.00128093041576
0.340521145547 -0.00126701358488
0.340785099675 -0.00125325132047
0.341049053803 -0.00123963936626
0.341313007931 -0.00122617407903
0.341576962059 -0.00121285208665
0.341840916187 -0.00119966875251
0.342104870315 -0.00118661600171
0.342368824443 -0.00117369077107
0.342632778571 -0.00116089044796
0.342896732699 -0.00114821474307
0.343160686827 -0.0011356623635
0.343424640955 -0.00112323312896
0.343688595083 -0.00111092822186
0.343952549211 -0.00109874877798
0.344216503339 -0.0010866956746
0.344480457467 -0.0010747722219
0.344744411596 -0.00106298278136
0.345008365724 -0.00105133080651
0.345272319852 -0.0010398197643
0.34553627398 -0.00102845281333
0.345800228108 -0.00101723268265
0.346064182236 -0.00100615883831
0.346328136364 -0.000995234400583
0.346592090492 -0.000984463154567
0.34685604462 -0.000973848291947
0.347119998748 -0.000963391492537
0.347383952876 -0.000953095655778
0.347647907004 -0.000942963589891
0.347911861132 -0.000932997970343
0.34817581526 -0.000923201308183
0.348439769388 -0.000913576370548
0.348703723516 -0.000904125526381
0.348967677644 -0.000894847240736
0.349231631772 -0.000885743520961
0.3494955859 -0.000876815573782
0.349759540029 -0.00086806466519
0.350023494157 -0.000860091213874
0.350287448285 -0.000851810726257
0.350551402413 -0.000843553690269
0.350815356541 -0.000835347170296
0.351079310669 -0.000827210173419
0.351343264797 -0.000819181362185
0.351607218925 -0.000811314386727
0.351871173053 -0.000803661305706
0.352135127181 -0.000796261003016
0.352399081309 -0.000789143491317
0.352663035437 -0.000782328226141
0.352926989565 -0.000775826970666
0.353190943693 -0.000769643460312
0.353454897821 -0.000763775000284
0.353718851949 -0.000758216394987
0.353982806077 -0.000752957986092
0.354246760205 -0.000747988218111
0.354510714334 -0.000743294747502
0.354774668462 -0.000738865751368
0.35503862259 -0.000734690263089
0.355302576718 -0.000730758136507
0.355566530846 -0.000727054744524
0.355830484974 -0.000723566293295
0.356094439102 -0.000720281979637
0.35635839323 -0.000717193193526
0.356622347358 -0.000714291366577
0.356886301486 -0.000711569470673
0.357150255614 -0.000709021840592
0.357414209742 -0.000706642767685
0.35767816387 -0.000704426877357
0.357942117998 -0.000702369071281
0.358206072126 -0.000700464544209
0.358470026254 -0.000698708717973
0.358733980382 -0.000697097021683
0.35899793451 -0.000695625006054
0.359261888638 -0.000694288469166
0.359525842767 -0.000693083400442
0.359789796895 -0.000692002162843
0.360053751023 -0.000691035106307
0.360317705151 -0.000690176215038
0.360581659279 -0.000689420596772
0.360845613407 -0.000688763585053
0.361109567535 -0.000688201094044
0.361373521663 -0.0006877306578
0.361637475791 -0.000687349001431
0.361901429919 -0.000687053034285
0.362165384047 -0.000686840602524
0.362429338175 -0.000686709941478
0.362693292303 -0.00068665962208
0.362957246431 -0.000686688351734
0.363221200559 -0.000686795450857
0.363485154687 -0.000686980603236
0.363749108815 -0.000687244014153
0.364013062943 -0.000687586212245
0.364277017071 -0.000688002927007
0.3645409712 -0.000688491457989
0.364804925328 -0.000689049964068
0.365068879456 -0.000689677604232
0.365332833584 -0.000690374772305
0.365596787712 -0.000691143084953
0.36586074184 -0.000691984415019
0.366124695968 -0.000692899789604
0.366388650096 -0.000693889356691
0.366652604224 -0.000694954659821
0.366916558352 -0.000696098205756
0.36718051248 -0.000697322511626
0.367444466608 -0.000698630740566
0.367708420736 -0.00070002634054
0.367972374864 -0.00070151276998
0.368236328992 -0.000703093664807
0.36850028312 -0.000704769410449
0.368764237248 -0.000706540123099
0.369028191376 -0.000708407610343
0.369292145505 -0.000710374942895
0.369556099633 -0.000712445121063
0.369820053761 -0.000714620951399
0.370084007889 -0.00071690411269
0.370347962017 -0.000719297086026
0.370611916145 -0.000721801480679
0.370875870273 -0.00072442052368
0.371139824401 -0.000727158193497
0.371403778529 -0.000730018010014
0.371667732657 -0.000733002703381
0.371931686785 -0.000736115207784
0.372195640913 -0.00073935672181
0.372459595041 -0.000742728426951
0.372723549169 -0.000746232714836
0.372987503297 -0.000749873799605
0.373251457425 -0.000753655244376
0.373515411553 -0.000757579948356
0.373779365681 -0.000761649913236
0.374043319809 -0.000765868343526
0.374307273938 -0.000770240605857
0.374571228066 -0.000774768593605
0.374835182194 -0.000779455519672
0.375099136322 -0.000784304605795
0.37536309045 -0.000789318353826
0.375627044578 -0.000794499767705
0.375890998706 -0.000799849468195
0.376154952834 -0.0008053700615
0.376418906962 -0.000811066110722
0.37668286109 -0.000816938791434
0.376946815218 -0.000822988596958
0.377210769346 -0.000829217150145
0.377474723474 -0.000835626930745
0.377738677602 -0.000842218360023
0.37800263173 -0.000848991902388
0.378266585858 -0.000855947017325
0.378530539986 -0.000863083146788
0.378794494114 -0.00087040012176
0.379058448243 -0.000877897045109
0.379322402371 -0.000885572551149
0.379586356499 -0.000893428268759
0.379850310627 -0.000901460744497
0.380114264755 -0.000909664985443
0.380378218883 -0.000918034011112
0.380642173011 -0.000926564326007
0.380906127139 -0.000935254651727
0.381170081267 -0.000944099735743
0.381434035395 -0.00095309424547
0.381697989523 -0.000962233394765
0.381961943651 -0.000971513144419
0.382225897779 -0.000980934103627
0.382489851907 -0.000990499738799
0.382753806035 -0.00100020744735
0.383017760163 -0.00101005205221
0.383281714291 -0.00102002823647
0.383545668419 -0.00103013092899
0.383809622547 -0.00104035575005
0.384073576676 -0.00105069753126
0.384337530804 -0.00106115206708
0.384601484932 -0.00107171146495
0.38486543906 -0.00108236683795
0.385129393188 -0.00109311801335
0.385393347316 -0.00110396159822
0.385657301444 -0.00111489493225
0.385921255572 -0.00112591652059
0.3861852097 -0.00113702740332
0.386449163828 -0.00114822731943
0.386713117956 -0.00115951603846
0.386977072084 -0.00117088669663
0.387241026212 -0.00118234221321
0.38750498034 -0.00119388750407
0.387768934468 -0.00120552591738
0.388032888596 -0.00121726389628
0.388296842724 -0.00122911266753
0.388560796852 -0.00124107422215
0.388824750981 -0.00125315352549
0.389088705109 -0.00126535458713
0.389352659237 -0.00127767541658
0.389616613365 -0.00129011203798
0.389880567493 -0.001302661279
0.390144521621 -0.00131532110199
0.390408475749 -0.00132808852656
0.390672429877 -0.00134095855257
0.390936384005 -0.00135392559073
0.391200338133 -0.00136698435073
0.391464292261 -0.00138013164781
0.391728246389 -0.00139336454498
0.391992200517 -0.00140667930279
0.392256154645 -0.00142006957841
0.392520108773 -0.00143352915089
0.392784062901 -0.00144705030814
0.393048017029 -0.00146061997078
0.393311971157 -0.00147423313234
0.393575925285 -0.00148788500899
0.393839879414 -0.00150157146565
0.394103833542 -0.00151528755903
0.39436778767 -0.00152902919963
0.394631741798 -0.00154279354388
0.394895695926 -0.00155657745371
0.395159650054 -0.00157037746807
0.395423604182 -0.00158418892818
0.39568755831 -0.00159800698864
0.395951512438 -0.0016118276318
0.396215466566 -0.00162564694479
0.396479420694 -0.00163946193987
0.396743374822 -0.00165326910856
0.39700732895 -0.00166706435058
0.397271283078 -0.00168084477687
0.397535237206 -0.00169461184534
0.397799191334 -0.0017083631421
0.398063145462 -0.00172209655995
0.39832709959 -0.00173580994792
0.398591053719 -0.00174950455596
0.398855007847 -0.00176317801813
0.399118961975 -0.00177682702235
0.399382916103 -0.00179044783808
0.399646870231 -0.00180403620218
0.399910824359 -0.00181758729646
0.400174778487 -0.001831767994
0.400438732615 -0.0018459899431
0.400702686743 -0.00186030994434
0.400966640871 -0.00187471413215
0.401230594999 -0.00188918638958
0.401494549127 -0.00190371844804
0.401758503255 -0.00191829647278
0.402022457383 -0.00193290041563
0.402286411511 -0.00194751437623
0.402550365639 -0.00196212509258
0.402814319767 -0.00197673288223
0.403078273895 -0.00199133034797
0.403342228023 -0.00200590983173
0.403606182152 -0.00202046460482
0.40387013628 -0.00203498875764
0.404134090408 -0.002049477005
0.404398044536 -0.00206392421639
0.404661998664 -0.0020783261866
0.404925952792 -0.00209267816312
0.40518990692 -0.00210697459485
0.405453861048 -0.00212120967078
0.405717815176 -0.00213537697428
0.405981769304 -0.00214946967741
0.406245723432 -0.00216348065916
0.40650967756 -0.00217740238593
0.406773631688 -0.00219122811061
0.407037585816 -0.0022049599332
0.407301539944 -0.00221859456622
0.407565494072 -0.00223212570988
0.4078294482 -0.00224554701569
0.408093402328 -0.00225885186318
0.408357356457 -0.00227203321348
0.408621310585 -0.00228508402112
0.408885264713 -0.00229799749408
0.409149218841 -0.00231076770862
0.409413172969 -0.00232338779734
0.409677127097 -0.00233585127832
0.409941081225 -0.00234815167584
0.410205035353 -0.00236028216635
0.410468989481 -0.00237223582712
0.410732943609 -0.00238400597702
0.410996897737 -0.00239558516867
0.411260851865 -0.00240696605132
0.411524805993 -0.00241814175811
0.411788760121 -0.00242911248872
0.412052714249 -0.00243987864318
0.412316668377 -0.00245043520045
0.412580622505 -0.00246077643128
0.412844576633 -0.00247089646417
0.413108530761 -0.00248079021897
0.41337248489 -0.00249045263826
0.413636439018 -0.00249987971207
0.413900393146 -0.00250906708592
0.414164347274 -0.00251800961004
0.414428301402 -0.00252670256946
0.41469225553 -0.00253514175328
0.414956209658 -0.00254332335117
0.415220163786 -0.00255124337039
0.415484117914 -0.00255889778375
0.415748072042 -0.00256628159376
0.41601202617 -0.00257340053398
0.416275980298 -0.00258025619579
0.416539934426 -0.0025868456227
0.416803888554 -0.00259316592389
0.417067842682 -0.0025992129335
0.41733179681 -0.00260498153211
0.417595750938 -0.00261046753456
0.417859705066 -0.00261566722122
0.418123659195 -0.00262057697797
0.418387613323 -0.00262519263342
0.418651567451 -0.00262950945226
0.418915521579 -0.00263352325382
0.419179475707 -0.00263722927172
0.419443429835 -0.00264062906173
0.419707383963 -0.00264372243737
0.419971338091 -0.00264650898184
0.420235292219 -0.00264898767004
0.420499246347 -0.00265115542226
0.420763200475 -0.00265300969595
0.421027154603 -0.00265454563117
0.421291108731 -0.00265575834541
0.421555062859 -0.00265664324616
0.421819016987 -0.00265719563142
0.422082971115 -0.00265741005592
0.422346925243 -0.00265728574015
0.422610879371 -0.00265681616575
0.422874833499 -0.00265599829521
0.423138787628 -0.0026548292068
0.423402741756 -0.00265330494213
0.423666695884 -0.00265141902863
0.423930650012 -0.00264916494678
0.42419460414 -0.0026465385795
0.424458558268 -0.00264353533977
0.424722512396 -0.0026401558726
0.424986466524 -0.00263639742492
0.425250420652 -0.00263225929755
0.42551437478 -0.00262774017915
0.425778328908 -0.00262283462597
0.426042283036 -0.00261753898206
0.426306237164 -0.00261185449859
0.426570191292 -0.00260578404218
0.42683414542 -0.00259932896208
0.427098099548 -0.00259248602509
0.427362053676 -0.00258525653368
0.427626007804 -0.00257764601519
0.427889961933 -0.00256965320241
0.428153916061 -0.00256127853002
0.428417870189 -0.00255252933551
0.428681824317 -0.0025434121778
0.428945778445 -0.002533931105
0.429209732573 -0.00252409261646
0.429473686701 -0.00251391356862
0.429737640829 -0.00250340340582
0.430001594957 -0.00249256547553
0.430265549085 -0.00248140270661
0.430529503213 -0.00246992394657
0.430793457341 -0.00245813003195
0.431057411469 -0.00244601843675
0.431321365597 -0.00243360454205
0.431585319725 -0.00242089527986
0.431849273853 -0.00240789883852
0.432113227981 -0.00239463051883
0.432377182109 -0.00238111759029
0.432641136237 -0.00236737039956
0.432905090366 -0.00235340098509
0.433169044494 -0.00233921334681
0.433432998622 -0.00232481768335
0.43369695275 -0.00231021803218
0.433960906878 -0.00229542313031
0.434224861006 -0.00228044488487
0.434488815134 -0.00226529623881
0.434752769262 -0.00224999792789
0.43501672339 -0.00223456883318
0.435280677518 -0.00221903698072
0.435544631646 -0.00220343687367
0.435808585774 -0.00218779027285
0.436072539902 -0.00217210782678
0.43633649403 -0.00215640842345
0.436600448158 -0.00214071036829
0.436864402286 -0.0021250376978
0.437128356414 -0.00210941395808
0.437392310542 -0.00209387045895
0.437656264671 -0.00207842948802
0.437920218799 -0.00206309999811
0.438184172927 -0.00204789434238
0.438448127055 -0.00203282644998
0.438712081183 -0.0020179107006
0.438976035311 -0.00200315711544
0.439239989439 -0.00198857333152
0.439503943567 -0.00197416638137
0.439767897695 -0.00195993870859
0.440031851823 -0.00194587925682
0.440295805951 -0.00193198322161
0.440559760079 -0.00191824638058
0.440823714207 -0.00190466285715
0.441087668335 -0.001891227828
0.441351622463 -0.00187793711337
0.441615576591 -0.00186478686206
0.441879530719 -0.00185177420305
0.442143484847 -0.00183889376779
0.442407438975 -0.00182613997111
0.442671393104 -0.00181351010538
0.442935347232 -0.00180100354552
0.44319930136 -0.00178862070771
0.443463255488 -0.00177636138118
0.443727209616 -0.00176422622059
0.443991163744 -0.00175221699143
0.444255117872 -0.00174033473061
0.444519072 -0.00172858114037
0.444783026128 -0.00171695991368
0.445046980256 -0.00170547591892
0.445310934384 -0.00169413276946
0.445574888512 -0.00168293394298
0.44583884264 -0.0016718830191
0.446102796768 -0.00166098059751
0.446366750896 -0.00165022870591
0.446630705024 -0.00163963073593
0.446894659152 -0.00162919051213
0.44715861328 -0.001618911197
0.447422567409 -0.00160879472634
0.447686521537 -0.00159884387249
0.447950475665 -0.00158906151103
0.448214429793 -0.00157945013882
0.448478383921 -0.00157001214558
0.448742338049 -0.00156075022745
0.449006292177 -0.00155166554068
0.449270246305 -0.00154275706925
0.449534200433 -0.00153402630908
0.449798154561 -0.0015254742138
0.450062108689 -0.0015177007884
0.450326062817 -0.00150962064687
0.450590016945 -0.00150155980115
0.450853971073 -0.0014935459429
0.451117925201 -0.00148560081162
0.451381879329 -0.00147776306383
0.451645833457 -0.00147008690952
0.451909787585 -0.00146262705553
0.452173741713 -0.00145542188668
0.452437695842 -0.0014485006555
0.45270164997 -0.0014418827555
0.452965604098 -0.00143557876605
0.453229558226 -0.00142959201918
0.453493512354 -0.00142392049643
0.453757466482 -0.0014185571389
0.45402142061 -0.00141349131456
0.454285374738 -0.0014087109326
0.454549328866 -0.00140420372544
0.454813282994 -0.00139995736207
0.455077237122 -0.00139596017008
0.45534119125 -0.00139220178211
0.455605145378 -0.00138867202802
0.455869099506 -0.00138535499751
0.456133053634 -0.00138224059442
0.456397007762 -0.00137931828693
0.45666096189 -0.00137657944959
0.456924916018 -0.00137401611653
0.457188870147 -0.00137162242721
0.457452824275 -0.00136939283849
0.457716778403 -0.00136732231297
0.457980732531 -0.00136540595602
0.458244686659 -0.00136363871624
0.458508640787 -0.00136201549229
0.458772594915 -0.00136053154323
0.459036549043 -0.0013591824822
0.459300503171 -0.00135796420945
0.459564457299 -0.00135687255321
0.459828411427 -0.00135590363728
0.460092365555 -0.00135504841115
0.460356319683 -0.00135429920043
0.460620273811 -0.00135365074895
0.460884227939 -0.00135309842217
0.461148182067 -0.00135263806053
0.461412136195 -0.00135226646037
0.461676090323 -0.00135198146571
0.461940044451 -0.00135178085586
0.46220399858 -0.00135166173183
0.462467952708 -0.00135162241242
0.462731906836 -0.00135166155411
0.462995860964 -0.00135177797653
0.463259815092 -0.00135197070298
0.46352376922 -0.00135223930433
0.463787723348 -0.00135258394504
0.464051677476 -0.0013530051742
0.464315631604 -0.00135350379341
0.464579585732 -0.00135407674908
0.46484353986 -0.00135472136369
0.465107493988 -0.00135543713014
0.465371448116 -0.00135622215596
0.465635402244 -0.00135707726198
0.465899356372 -0.0013580046991
0.4661633105 -0.00135900600096
0.466427264628 -0.00136008273342
0.466691218756 -0.0013612361896
0.466955172885 -0.00136246835678
0.467219127013 -0.00136378205734
0.467483081141 -0.00136518005344
0.467747035269 -0.00136666536735
0.468010989397 -0.0013682412807
0.468274943525 -0.00136991135049
0.468538897653 -0.00137167888192
0.468802851781 -0.00137354587152
0.469066805909 -0.00137551110767
0.469330760037 -0.00137757625725
0.469594714165 -0.00137974430255
0.469858668293 -0.00138201818515
0.470122622421 -0.00138440064837
0.470386576549 -0.00138689392081
0.470650530677 -0.00138949982397
0.470914484805 -0.00139222133968
0.471178438933 -0.00139506079508
0.471442393061 -0.001398021859
0.471706347189 -0.00140110783095
0.471970301318 -0.00140432157104
0.472234255446 -0.00140766576518
0.472498209574 -0.0014111436541
0.472762163702 -0.00141475526135
0.47302611783 -0.00141850311819
0.473290071958 -0.00142239181485
0.473554026086 -0.00142642482167
0.473817980214 -0.00143060434626
0.474081934342 -0.00143493235749
0.47434588847 -0.00143941303272
0.474609842598 -0.00144405124794
0.474873796726 -0.00144884924807
0.475137750854 -0.00145380923652
0.475401704982 -0.00145893420804
0.47566565911 -0.00146422951162
0.475929613238 -0.00146969555752
0.476193567366 -0.00147533294182
0.476457521494 -0.0014811452407
0.476721475623 -0.00148713593567
0.476985429751 -0.00149330546628
0.477249383879 -0.0014996549867
0.477513338007 -0.00150618541299
0.477777292135 -0.00151289889376
0.478041246263 -0.00151979600655
0.478305200391 -0.00152687761293
0.478569154519 -0.00153414238983
0.478833108647 -0.00154158996967
0.479097062775 -0.00154921963626
0.479361016903 -0.00155702993205
0.479624971031 -0.00156501979376
0.479888925159 -0.00157318935195
0.480152879287 -0.00158153477783
0.480416833415 -0.00159004891985
0.480680787543 -0.00159872666878
0.480944741671 -0.00160756470285
0.481208695799 -0.00161655938535
0.481472649927 -0.00162570525895
0.481736604056 -0.0016349966128
0.482000558184 -0.00164442948702
0.482264512312 -0.00165400255643
0.48252846644 -0.00166372306815
0.482792420568 -0.00167358940316
0.483056374696 -0.00168359718589
0.483320328824 -0.00169374245701
0.483584282952 -0.00170401791393
0.48384823708 -0.00171442061782
0.484112191208 -0.00172494306499
0.484376145336 -0.0017355809328
0.484640099464 -0.00174632869388
0.484904053592 -0.00175717596741
0.48516800772 -0.00176811892668
0.485431961848 -0.00177915725373
0.485695915976 -0.00179028686217
0.485959870104 -0.00180150542187
0.486223824232 -0.00181281113238
0.486487778361 -0.00182420549339
0.486751732489 -0.00183569111556
0.487015686617 -0.00184726353465
0.487279640745 -0.00185891506688
0.487543594873 -0.00187064750108
0.487807549001 -0.00188246671828
0.488071503129 -0.00189438626481
0.488335457257 -0.00190640805124
0.488599411385 -0.00191853446597
0.488863365513 -0.00193076566345
0.489127319641 -0.00194310359527
0.489391273769 -0.00195555330694
0.489655227897 -0.0019681132675
0.489919182025 -0.00198077972717
0.490183136153 -0.00199354975805
0.490447090281 -0.00200642071339
0.490711044409 -0.00201939016577
0.490974998537 -0.00203245356503
0.491238952665 -0.00204560495556
0.491502906794 -0.00205883807376
0.491766860922 -0.00207214776028
0.49203081505 -0.0020855327127
0.492294769178 -0.0020989890684
0.492558723306 -0.00211251077128
0.492822677434 -0.00212609566921
0.493086631562 -0.002139739687
0.49335058569 -0.00215342932648
0.493614539818 -0.00216715357483
0.493878493946 -0.00218090551293
0.494142448074 -0.0021946815387
0.494406402202 -0.00220847601397
0.49467035633 -0.00222228421648
0.494934310458 -0.00223610256219
0.495198264586 -0.00224992843087
0.495462218714 -0.00226375826606
0.495726172842 -0.00227758851108
0.49599012697 -0.00229141423359
0.496254081099 -0.00230523098615
0.496518035227 -0.00231903495618
0.496781989355 -0.00233282260864
0.497045943483 -0.00234659417625
0.497309897611 -0.00236035037946
0.497573851739 -0.00237408758325
0.497837805867 -0.0023878016338
0.498101759995 -0.00240148914469
0.498365714123 -0.00241515080421
0.498629668251 -0.00242878514362
0.498893622379 -0.00244239055801
0.499157576507 -0.00245596515131
0.499421530635 -0.00246950533938
0.499685484763 -0.0024830072637
0.499949438891 -0.00249646690102
0.500213393019 -0.00251055656691
0.500477347147 -0.00252469055397
0.500741301275 -0.00253892112749
0.501005255403 -0.0025532362913
0.501269209532 -0.00256761992262
0.50153316366 -0.00258206040628
0.501797117788 -0.00259654600738
0.502061071916 -0.00261105865536
0.502325026044 -0.00262558100364
0.502588980172 -0.00264010633519
0.5028529343 -0.00265463100994
0.503116888428 -0.00266914512256
0.503380842556 -0.00268363973183
0.503644796684 -0.00269810681825
0.503908750812 -0.00271254003586
0.50417270494 -0.00272693341538
0.504436659068 -0.00274128154698
0.504700613196 -0.00275557969367
0.504964567324 -0.00276982240983
0.505228521452 -0.00278400403797
0.50549247558 -0.00279811916815
0.505756429708 -0.00281216159085
0.506020383837 -0.00282612455745
0.506284337965 -0.00284000099756
0.506548292093 -0.00285378324723
0.506812246221 -0.00286747254676
0.507076200349 -0.00288106725007
0.507340154477 -0.002894561216
0.507604108605 -0.00290794805485
0.507868062733 -0.00292122110311
0.508132016861 -0.00293437350669
0.508395970989 -0.00294739871608
0.508659925117 -0.00296029008939
0.508923879245 -0.00297304133383
0.509187833373 -0.00298564606524
0.509451787501 -0.00299809728011
0.509715741629 -0.00301038835367
0.509979695757 -0.00302251258378
0.510243649885 -0.0030344635898
0.510507604013 -0.00304623414617
0.510771558141 -0.00305781679752
0.51103551227 -0.00306920491156
0.511299466398 -0.00308039177863
0.511563420526 -0.00309137111669
0.511827374654 -0.0031021461565
0.512091328782 -0.00311271442892
0.51235528291 -0.00312307064659
0.512619237038 -0.00313320942591
0.512883191166 -0.00314312467508
0.513147145294 -0.00315281117168
0.513411099422 -0.00316226392406
0.51367505355 -0.00317147884877
0.513939007678 -0.00318045169497
0.514202961806 -0.00318917771225
0.514466915934 -0.00319765217739
0.514730870062 -0.00320587080707
0.51499482419 -0.00321382958662
0.515258778318 -0.00322152477837
0.515522732446 -0.00322895202828
0.515786686575 -0.00323610656343
0.516050640703 -0.00324299593858
0.516314594831 -0.00324962006043
0.516578548959 -0.00325597664564
0.516842503087 -0.00326206277501
0.517106457215 -0.00326787355861
0.517370411343 -0.00327340457505
0.517634365471 -0.00327865137974
0.517898319599 -0.00328361083385
0.518162273727 -0.00328827961971
0.518426227855 -0.00329265362718
0.518690181983 -0.00329672927027
0.518954136111 -0.00330050178134
0.519218090239 -0.00330396704475
0.519482044367 -0.00330712667392
0.519745998495 -0.00330997884071
0.520009952623 -0.00331252545488
0.520273906751 -0.00331476460183
0.520537860879 -0.00331669316359
0.520801815008 -0.00331830933506
0.521065769136 -0.00331960796556
0.521329723264 -0.00332058440261
0.521593677392 -0.00332123518027
0.52185763152 -0.00332155554881
0.522121585648 -0.0033215400913
0.522385539776 -0.00332118906504
0.522649493904 -0.00332049653067
0.522913448032 -0.00331945873318
0.52317740216 -0.00331807370066
0.523441356288 -0.00331633746721
0.523705310416 -0.00331424313934
0.523969264544 -0.00331178467216
0.524233218672 -0.00330895839839
0.5244971728 -0.00330576016993
0.524761126928 -0.00330219001951
0.525025081056 -0.00329824685204
0.525289035184 -0.0032939297204
0.525552989313 -0.0032892371512
0.525816943441 -0.00328416453387
0.526080897569 -0.00327870811886
0.526344851697 -0.00327286906085
0.526608805825 -0.00326665009841
0.526872759953 -0.0032600534823
0.527136714081 -0.00325307653631
0.527400668209 -0.00324571933244
0.527664622337 -0.00323798908258
0.527928576465 -0.00322988511953
0.528192530593 -0.00322140733726
0.528456484721 -0.00321256081173
