0.000812182741117 0
0.00107782008485 0
0.00134345742858 0
0.0016090947723 0
0.00187473211603 0
0.00214036945976 0
0.00240600680349 0
0.00267164414722 0
0.00293728149095 0
0.00320291883468 0
0.00346855617841 0
0.00373419352214 0
0.00399983086587 0
0.0042654682096 0
0.00453110555333 0
0.00479674289706 0
0.00506238024078 0
0.00532801758451 0
0.00559365492824 0
0.00585929227197 0
0.0061249296157 0
0.00639056695943 0
0.00665620430316 0
0.00692184164689 0
0.00718747899062 0
0.00745311633435 0
0.00771875367808 0
0.00798439102181 0
0.00825002836554 0
0.00851566570926 0
0.00878130305299 0
0.00904694039672 0
0.00931257774045 0
0.00957821508418 0
0.00984385242791 0
0.0101094897716 0
0.0103751271154 0
0.0106407644591 0
0.0109064018028 0
0.0111720391466 0
0.0114376764903 0
0.011703313834 0
0.0119689511777 0
0.0122345885215 0
0.0125002258652 0
0.0127658632089 0
0.0130315005527 0
0.0132971378964 0
0.0135627752401 0
0.0138284125838 0
0.0140940499276 0
0.0143596872713 -8.56065679085e-07
0.014625324615 -1.65814217745e-06
0.0148909619588 -2.40691323241e-06
0.0151565993025 -3.10318406342e-06
0.0154222366462 -3.74777715058e-06
0.01568787399 -4.34167124367e-06
0.0159535113337 -4.88551330794e-06
0.0162191486774 -5.37941844651e-06
0.0164847860211 -5.82381554554e-06
0.0167504233649 -6.21942663114e-06
0.0170160607086 -6.56689382462e-06
0.0172816980523 -6.86674436151e-06
0.0175473353961 -7.11948814092e-06
0.0178129727398 -7.32533671781e-06
0.0180786100835 -7.4850301171e-06
0.0183442474272 -7.59893674955e-06
0.018609884771 -7.66739357439e-06
0.0188755221147 -7.69060155064e-06
0.0191411594584 -7.66876619838e-06
0.0194067968022 -7.60185999322e-06
0.0196724341459 -7.48970291984e-06
0.0199380714896 -7.33218729479e-06
0.0202037088334 -7.12931885232e-06
0.0204693461771 -6.88098291078e-06
0.0207349835208 -6.58698250703e-06
0.0210006208645 -6.24744185097e-06
0.0212662582083 -5.86188235378e-06
0.021531895552 -5.43000721955e-06
0.0217975328957 -4.95150866375e-06
0.0220631702395 -4.42615878475e-06
0.0223288075832 -3.85340530789e-06
0.0225944449269 -3.23273745676e-06
0.0228600822706 -2.56354970161e-06
0.0231257196144 -1.84515768348e-06
0.0233913569581 -1.07721588115e-06
0.0236569943018 -2.59246523624e-07
0.0239226316456 6.09301326281e-07
0.0241882689893 1.52885552478e-06
0.024453906333 2.49982078627e-06
0.0247195436767 3.52287248402e-06
0.0249851810205 4.59876014322e-06
0.0252508183642 5.7281257105e-06
0.0255164557079 6.91214570209e-06
0.0257820930517 8.15095322024e-06
0.0260477303954 9.44493456277e-06
0.0263133677391 1.07950572689e-05
0.0265790050829 1.22022590487e-05
0.0268446424266 1.36674467806e-05
0.0271102797703 1.51916400586e-05
0.027375917114 1.67750808635e-05
0.0276415544578 1.84183374833e-05
0.0279071918015 2.01227567043e-05
0.0281728291452 2.18899893337e-05
0.028438466489 2.37213990407e-05
0.0287041038327 2.56172717013e-05
0.0289697411764 2.75789155279e-05
0.0292353785201 2.9607551336e-05
0.0295010158639 3.17039220713e-05
0.0297666532076 3.38685096725e-05
0.0300322905513 3.61012669683e-05
0.0302979278951 3.8403504395e-05
0.0305635652388 4.07757309025e-05
0.0308292025825 4.32186323859e-05
0.0310948399263 4.57332314075e-05
0.03136047727 4.83208944488e-05
0.0316261146137 5.09822415972e-05
0.0318917519574 5.3718402981e-05
0.0321573893012 5.6530957524e-05
0.0324230266449 5.94199205126e-05
0.0326886639886 6.23868434834e-05
0.0329543013324 6.5432810907e-05
0.0332199386761 6.8558741484e-05
0.0334855760198 7.17669063752e-05
0.0337512133635 7.50571842159e-05
0.0340168507073 7.84299525761e-05
0.034282488051 8.1886732999e-05
0.0345481253947 8.54294059577e-05
0.0348137627385 8.90591555187e-05
0.0350794000822 9.27751601718e-05
0.0353450374259 9.65783709108e-05
0.0356106747696 0.000100469553705
0.0358763121134 0.000104450507555
0.0361419494571 0.000108522866366
0.0364075868008 0.000112687570981
0.0366732241446 0.000116945353072
0.0369388614883 0.000121296790486
0.037204498832 0.000125744008938
0.0374701361758 0.000130288985344
0.0377357735195 0.000134932577804
0.0380014108632 0.00013967553048
0.0382670482069 0.000144518561182
0.0385326855507 0.000149463378999
0.0387983228944 0.000154510284538
0.0390639602381 0.000159659179487
0.0393295975819 0.00016490971045
0.0395952349256 0.000170261483235
0.0398608722693 0.000175715850794
0.040126509613 0.000181272465745
0.0403921469568 0.000186929669395
0.0406577843005 0.000192685939595
0.0409234216442 0.000198539764104
0.041189058988 0.000204488454169
0.0414546963317 0.000210530013164
0.0417203336754 0.000216662646881
0.0419859710191 0.000222884274345
0.0422516083629 0.000229192154238
0.0425172457066 0.000235583601764
0.0427828830503 0.000242057269739
0.0430485203941 0.000248609776406
0.0433141577378 0.00025523721882
0.0435797950815 0.000261935907007
0.0438454324253 0.000268701645368
0.044111069769 0.00027553002607
0.0443767071127 0.000282416043466
0.0446423444564 0.000289354660435
0.0449079818002 0.000296340748595
0.0451736191439 0.000303369092531
0.0454392564876 0.000310434426551
0.0457048938314 0.000317532716654
0.0459705311751 0.00032465796397
0.0462361685188 0.000331803783238
0.0465018058625 0.000338964007638
0.0467674432063 0.0003461324998
0.04703308055 0.000353303202694
0.0472987178937 0.00036047026057
0.0475643552375 0.00036762771194
0.0478299925812 0.000374769555806
0.0480956299249 0.000381889881464
0.0483612672687 0.000388983255118
0.0486269046124 0.00039604618988
0.0488925419561 0.000403073557748
0.0491581792998 0.000410060114612
0.0494238166436 0.000417000682927
0.0496894539873 0.000423890159927
0.049955091331 0.000430723692725
0.0502207286748 0.000437347486547
0.0504863660185 0.000443933453681
0.0507520033622 0.000450434177272
0.0510176407059 0.000456848075555
0.0512832780497 0.000463181376353
0.0515489153934 0.000469441471881
0.0518145527371 0.000475634077792
0.0520801900809 0.000481763578285
0.0523458274246 0.0004878333652
0.0526114647683 0.000493845996889
0.052877102112 0.000499803429844
0.0531427394558 0.000505707393486
0.0534083767995 0.000511558750695
0.0536740141432 0.00051735776308
0.053939651487 0.000523104177715
0.0542052888307 0.000528797190022
0.0544709261744 0.000534435736986
0.0547365635182 0.000540018560693
0.0550022008619 0.000545544179333
0.0552678382056 0.000551011049959
0.0555334755493 0.000556417428363
0.0557991128931 0.000561761411461
0.0560647502368 0.000567041075801
0.0563303875805 0.000572255177838
0.0565960249243 0.000577402009979
0.056861662268 0.000582479946501
0.0571272996117 0.000587487404077
0.0573929369554 0.000592422862456
0.0576585742992 0.000597284833862
0.0579242116429 0.000602072191759
0.0581898489866 0.000606783850593
0.0584554863304 0.000611418907651
0.0587211236741 0.000615976582362
0.0589867610178 0.0006204562482
0.0592523983616 0.000624857413406
0.0595180357053 0.000629179728321
0.059783673049 0.000633423005958
0.0600493103927 0.000637587176654
0.0603149477365 0.000641672418036
0.0605805850802 0.000645678986462
0.0608462224239 0.000649607224913
0.0611118597677 0.00065345764195
0.0613774971114 0.000657230870431
0.0616431344551 0.000660927534278
0.0619087717988 0.000664548443746
0.0621744091426 0.000668094407116
0.0624400464863 0.000671566234955
0.06270568383 0.000674964827265
0.0629713211738 0.000678291092911
0.0632369585175 0.000681545925166
0.0635025958612 0.000684730370667
0.0637682332049 0.000687845502473
0.0640338705487 0.00069089229154
0.0642995078924 0.000693871684576
0.0645651452361 0.000696784623968
0.0648307825799 0.000699632020643
0.0650964199236 0.000702414829273
0.0653620572673 0.00070513394385
0.0656276946111 0.00070779026129
0.0658933319548 0.000710385006888
0.0661589692985 0.000712919249135
0.0664246066422 0.000715393939341
0.066690243986 0.000717809948322
0.0669558813297 0.000720168200339
0.0672215186734 0.000722469709092
0.0674871560172 0.000724715102631
0.0677527933609 0.00072690496353
0.0680184307046 0.000729040255211
0.0682840680483 0.000731121625533
0.0685497053921 0.000733149656065
0.0688153427358 0.00073512501058
0.0690809800795 0.000737048570702
0.0693466174233 0.00073892096132
0.069612254767 0.000740742784551
0.0698778921107 0.000742514528013
0.0701435294545 0.000744236321524
0.0704091667982 0.000745908635898
0.0706748041419 0.000747531862588
0.0709404414856 0.000749106382293
0.0712060788294 0.000750632623524
0.0714717161731 0.000752111414273
0.0717373535168 0.000753542807613
0.0720029908606 0.000754927243629
0.0722686282043 0.000756265130954
0.072534265548 0.00075755694123
0.0727999028917 0.000758803106393
0.0730655402355 0.000760003530647
0.0733311775792 0.000761158520444
0.0735968149229 0.000762268133961
0.0738624522667 0.000763332469879
0.0741280896104 0.000764351747202
0.0743937269541 0.000765325775419
0.0746593642978 0.000766254672252
0.0749250016416 0.000767138809343
0.0751906389853 0.000767978667675
0.075456276329 0.000768774433461
0.0757219136728 0.000769525956824
0.0759875510165 0.00077023375151
0.0762531883602 0.000770898966885
0.076518825704 0.000771522462072
0.0767844630477 0.000772104803689
0.0770501003914 0.000772646057736
0.0773157377351 0.000773146791309
0.0775813750789 0.000773607607651
0.0778470124226 0.000774028941843
0.0781126497663 0.00077441144493
0.0783782871101 0.000774755710888
0.0786439244538 0.000775062278474
0.0789095617975 0.000775332528228
0.0791751991412 0.000775567302633
0.079440836485 0.000775767446462
0.0797064738287 0.000775933198309
0.0799721111724 0.000776065751657
0.0802377485162 0.000776166260985
0.0805033858599 0.000776235821231
0.0807690232036 0.000776275175626
0.0810346605473 0.000776285601876
0.0813002978911 0.000776268378045
0.0815659352348 0.000776224938203
0.0818315725785 0.000776156028161
0.0820972099223 0.000776062187839
0.082362847266 0.000775944644976
0.0826284846097 0.000775804850423
0.0828941219535 0.000775643763916
0.0831597592972 0.000775462366491
0.0834253966409 0.000775261838142
0.0836910339846 0.000775043367087
0.0839566713284 0.000774808259789
0.0842223086721 0.00077455778716
0.0844879460158 0.000774293146144
0.0847535833596 0.000774015666235
0.0850192207033 0.00077372663429
0.085284858047 0.000773427291881
0.0855504953907 0.000773118661941
0.0858161327345 0.00077280226779
0.0860817700782 0.000772479434444
0.0863474074219 0.000772151623354
0.0866130447657 0.000771820317084
0.0868786821094 0.000771486827942
0.0871443194531 0.000771152705149
0.0874099567969 0.000770819419587
0.0876755941406 0.000770488254642
0.0879412314843 0.000770160607405
0.088206868828 0.000769836857921
0.0884725061718 0.000769517177856
0.0887381435155 0.000769202497204
0.0890037808592 0.000768893714705
0.089269418203 0.000768591549497
0.0895350555467 0.000768296567825
0.0898006928904 0.000768009462022
0.0900663302341 0.000767731039427
0.0903319675779 0.000767462023774
0.0905976049216 0.000767203104953
0.0908632422653 0.000766954977756
0.0911288796091 0.000766718357288
0.0913945169528 0.000766493729413
0.0916601542965 0.000766281318525
0.0919257916402 0.000766080894165
0.092191428984 0.000765892607083
0.0924570663277 0.000765716595687
0.0927227036714 0.000765552937479
0.0929883410152 0.000765401728683
0.0932539783589 0.00076526313192
0.0935196157026 0.000765137304498
0.0937852530464 0.00076502382138
0.0940508903901 0.000764922593347
0.0943165277338 0.000764833672096
0.0945821650775 0.000764757213166
0.0948478024213 0.000764693421252
0.095113439765 0.00076464241325
0.0953790771087 0.000764604503894
0.0956447144525 0.000764580017271
0.0959103517962 0.000764569245116
0.0961759891399 0.000764572607886
0.0964416264836 0.000764591783934
0.0967072638274 0.000764627542589
0.0969729011711 0.000764680426327
0.0972385385148 0.000764750792109
0.0975041758586 0.000764838928083
0.0977698132023 0.000764945081937
0.098035450546 0.000765069722568
0.0983010878898 0.00076521329636
0.0985667252335 0.0007653760963
0.0988323625772 0.000765558316727
0.0990979999209 0.000765760376471
0.0993636372647 0.000765982562529
0.0996292746084 0.00076622497788
0.0998949119521 0.000766487892199
0.100160549296 0.00076658101878
0.10042618664 0.000766684442133
0.100691823983 0.00076676027333
0.100957461327 0.000766811023078
0.101223098671 0.000766843225888
0.101488736015 0.000766861884908
0.101754373358 0.000766870036605
0.102020010702 0.000766869593958
0.102285648046 0.000766861960477
0.102551285389 0.000766848250355
0.102816922733 0.000766829134038
0.103082560077 0.000766804913672
0.103348197421 0.000766776027264
0.103613834764 0.000766742953812
0.103879472108 0.000766706146362
0.104145109452 0.000766665943382
0.104410746796 0.000766622560601
0.104676384139 0.000766576364116
0.104942021483 0.000766527733229
0.105207658827 0.00076647698766
0.10547329617 0.000766424372817
0.105738933514 0.000766370168027
0.106004570858 0.000766314490195
0.106270208202 0.000766257582137
0.106535845545 0.000766199762298
0.106801482889 0.000766141305595
0.107067120233 0.000766082467958
0.107332757577 0.000766023550315
0.10759839492 0.000765964855129
0.107864032264 0.000765906743581
0.108129669608 0.000765849424127
0.108395306951 0.000765793305544
0.108660944295 0.000765738847604
0.108926581639 0.000765686525727
0.109192218983 0.000765636873597
0.109457856326 0.000765590316036
0.10972349367 0.000765547259748
0.109989131014 0.00076550833631
0.110254768358 0.000765474213453
0.110520405701 0.000765445613336
0.110786043045 0.000765423359392
0.111051680389 0.000765408187755
0.111317317732 0.000765400632999
0.111582955076 0.000765401447
0.11184859242 0.000765411523049
0.112114229764 0.000765431744229
0.112379867107 0.000765463023478
0.112645504451 0.000765506247011
0.112911141795 0.000765562308886
0.113176779139 0.000765632108218
0.113442416482 0.000765716267537
0.113708053826 0.000765815668827
0.11397369117 0.000765931252841
0.114239328514 0.000766064027235
0.114504965857 0.000766214962595
0.114770603201 0.000766385334343
0.115036240545 0.000766576250374
0.115301877888 0.000766788792781
0.115567515232 0.00076702404714
0.115833152576 0.000767283066495
0.11609878992 0.000767566692537
0.116364427263 0.000767875947328
0.116630064607 0.00076821192309
0.116895701951 0.00076857571045
0.117161339295 0.000768968416916
0.117426976638 0.000769391187044
0.117692613982 0.000769845107061
0.117958251326 0.000770331307455
0.118223888669 0.000770850890397
0.118489526013 0.000771404894422
0.118755163357 0.000771994450942
0.119020800701 0.000772620391212
0.119286438044 0.000773283647035
0.119552075388 0.00077398533004
0.119817712732 0.000774726538618
0.120083350076 0.000775508889311
0.120348987419 0.000776333722936
0.120614624763 0.000777202361257
0.120880262107 0.000778116055851
0.12114589945 0.000779076101437
0.121411536794 0.000780083737095
0.121677174138 0.000781140217378
0.121942811482 0.000782246497839
0.122208448825 0.000783403732244
0.122474086169 0.000784613127337
0.122739723513 0.000785875802679
0.123005360857 0.000787192941637
0.1232709982 0.000788565723977
0.123536635544 0.000789995759732
0.123802272888 0.000791484567254
0.124067910231 0.000793033171364
0.124333547575 0.000794642831265
0.124599184919 0.000796314475628
0.124864822263 0.000798049300899
0.125130459606 0.000799848648767
0.12539609695 0.00080171332367
0.125661734294 0.000803644565038
0.125927371638 0.000805643727388
0.126193008981 0.000807712169254
0.126458646325 0.000809851639331
0.126724283669 0.00081206334411
0.126989921013 0.000814348398109
0.127255558356 0.000816708459777
0.1275211957 0.000819144570012
0.127786833044 0.000821658231875
0.128052470387 0.000824250664705
0.128318107731 0.000826922209266
0.128583745075 0.000829674461901
0.128849382419 0.000832507583518
0.129115019762 0.000835422422587
0.129380657106 0.000838419799044
0.12964629445 0.000841500769061
0.129911931794 0.000844666618761
0.130177569137 0.000847918753802
0.130443206481 0.000851258632459
0.130708843825 0.000854687799393
0.130974481168 0.000858207954132
0.131240118512 0.000861820821519
0.131505755856 0.000865527100708
0.1317713932 0.000869325844316
0.132037030543 0.000873218156524
0.132302667887 0.000877205390343
0.132568305231 0.000881288747678
0.132833942575 0.000885468435158
0.133099579918 0.000889745394681
0.133365217262 0.000894120494397
0.133630854606 0.000898594641677
0.133896491949 0.000903167681914
0.134162129293 0.000907838670787
0.134427766637 0.000912608703447
0.134693403981 0.000917478297459
0.134959041324 0.00092244801809
0.135224678668 0.000927518685575
0.135490316012 0.000932690718785
0.135755953356 0.000937964520439
0.136021590699 0.000943341238714
0.136287228043 0.00094882094312
0.136552865387 0.000954403338867
0.13681850273 0.000960088012379
0.137084140074 0.000965874574811
0.137349777418 0.000971761829796
0.137615414762 0.000977749951765
0.137881052105 0.000983837880878
0.138146689449 0.000990024161397
0.138412326793 0.000996307231333
0.138677964137 0.00100268544479
0.13894360148 0.00100915546254
0.139209238824 0.00101571434528
0.139474876168 0.00102235982909
0.139740513512 0.0010290892267
0.140006150855 0.00103589943407
0.140271788199 0.0010427884096
0.140537425543 0.00104975348537
0.140803062886 0.00105679089183
0.14106870023 0.0010638964896
0.141334337574 0.00107106586849
0.141599974918 0.00107829486328
0.141865612261 0.00108557881895
0.142131249605 0.00109291288146
0.142396886949 0.00110029192779
0.142662524293 0.00110771093952
0.142928161636 0.0011151649665
0.14319379898 0.00112264842572
0.143459436324 0.00113015532369
0.143725073667 0.00113768007059
0.143990711011 0.00114521704146
0.144256348355 0.00115276041508
0.144521985699 0.00116030434092
0.144787623042 0.00116784309211
0.145053260386 0.00117537099752
0.14531889773 0.00118288248666
0.145584535074 0.00119037248442
0.145850172417 0.00119783731267
0.146115809761 0.00120527241181
0.146381447105 0.00121267268989
0.146647084448 0.00122003294258
0.146912721792 0.00122734821972
0.147178359136 0.00123461377194
0.14744399648 0.00124182518539
0.147709633823 0.0012489782494
0.147975271167 0.00125606905539
0.148240908511 0.00126309391401
0.148506545855 0.00127005013985
0.148772183198 0.00127693435309
0.149037820542 0.0012837434429
0.149303457886 0.00129047477667
0.149569095229 0.00129712611962
0.149834732573 0.00130369547664
0.150100369917 0.00131003231625
0.150366007261 0.00131631340859
0.150631644604 0.00132249428649
0.150897281948 0.00132857630838
0.151162919292 0.00133456846728
0.151428556636 0.00134048027257
0.151694193979 0.00134632009438
0.151959831323 0.00135209505014
0.152225468667 0.00135781082135
0.152491106011 0.001363471749
0.152756743354 0.00136908160281
0.153022380698 0.00137464399548
0.153288018042 0.00138016125475
0.153553655385 0.00138563525479
0.153819292729 0.00139106714474
0.154084930073 0.0013964574867
0.154350567417 0.00140180635169
0.15461620476 0.00140711345506
0.154881842104 0.00141237813206
0.155147479448 0.00141759938695
0.155413116792 0.00142277599816
0.155678754135 0.00142790656069
0.155944391479 0.00143299002341
0.156210028823 0.00143802494496
0.156475666166 0.00144300962767
0.15674130351 0.00144794236371
0.157006940854 0.00145282148535
0.157272578198 0.00145764538275
0.157538215541 0.00146241244395
0.157803852885 0.00146712114353
0.158069490229 0.00147177007594
0.158335127573 0.00147635808795
0.158600764916 0.00148088399822
0.15886640226 0.00148534679225
0.159132039604 0.00148974562799
0.159397676947 0.00149407981947
0.159663314291 0.00149834878916
0.159928951635 0.00150255204797
0.160194588979 0.00150668924432
0.160460226322 0.00151076019003
0.160725863666 0.00151476485776
0.16099150101 0.0015187033059
0.161257138354 0.00152257590752
0.161522775697 0.00152638267629
0.161788413041 0.00153012378167
0.162054050385 0.00153379950173
0.162319687729 0.00153741015136
0.162585325072 0.001540956093
0.162850962416 0.00154443775646
0.16311659976 0.00154785565423
0.163382237103 0.00155121023492
0.163647874447 0.00155450199548
0.163913511791 0.00155773143492
0.164179149135 0.00156089906099
0.164444786478 0.00156400536066
0.164710423822 0.00156705084958
0.164976061166 0.00157003607282
0.16524169851 0.00157296154584
0.165507335853 0.00157582812191
0.165772973197 0.00157863659243
0.166038610541 0.00158138762108
0.166304247884 0.00158408177543
0.166569885228 0.00158671992985
0.166835522572 0.00158930268218
0.167101159916 0.00159183066238
0.167366797259 0.00159430437554
0.167632434603 0.00159672425832
0.167898071947 0.00159909075782
0.168163709291 0.00160140443597
0.168429346634 0.00160366610126
0.168694983978 0.0016058763072
0.168960621322 0.00160803561026
0.169226258665 0.00161014445137
0.169491896009 0.00161220324711
0.169757533353 0.00161421234865
0.170023170697 0.0016161718655
0.17028880804 0.00161808214773
0.170554445384 0.001619943746
0.170820082728 0.0016217573256
0.171085720072 0.00162352341438
0.171351357415 0.00162524229699
0.171616994759 0.00162691405553
0.171882632103 0.00162853916178
0.172148269446 0.00163011817275
0.17241390679 0.00163165141815
0.172679544134 0.00163313882108
0.172945181478 0.0016345804808
0.173210818821 0.00163597722084
0.173476456165 0.00163732940421
0.173742093509 0.00163863676967
0.174007730853 0.00163989904677
0.174273368196 0.00164111614803
0.17453900554 0.00164228831652
0.174804642884 0.00164341587233
0.175070280228 0.00164449915536
0.175335917571 0.00164553784598
0.175601554915 0.00164653308058
0.175867192259 0.00164748560794
0.176132829602 0.00164839604979
0.176398466946 0.00164926492545
0.17666410429 0.0016500923004
0.176929741634 0.00165087858868
0.177195378977 0.00165162442265
0.177461016321 0.00165233016327
0.177726653665 0.00165299687954
0.177992291009 0.00165362494522
0.178257928352 0.00165421483326
0.178523565696 0.00165476766104
0.17878920304 0.00165528422371
0.179054840383 0.00165576533908
0.179320477727 0.00165621159293
0.179586115071 0.00165662389069
0.179851752415 0.00165700327321
0.180117389758 0.00165735065105
0.180383027102 0.00165766705228
0.180648664446 0.0016579538532
0.18091430179 0.00165821218499
0.181179939133 0.00165844349172
0.181445576477 0.0016586481681
0.181711213821 0.00165882688923
0.181976851164 0.00165898086129
0.182242488508 0.00165911146384
0.182508125852 0.00165921975666
0.182773763196 0.00165930659827
0.183039400539 0.00165937313806
0.183305037883 0.0016594205297
0.183570675227 0.00165945004497
0.183836312571 0.00165946261043
0.184101949914 0.00165945938743
0.184367587258 0.00165944175891
0.184633224602 0.00165941097276
0.184898861945 0.00165936806701
0.185164499289 0.00165931396019
0.185430136633 0.00165925016997
0.185695773977 0.00165917824543
0.18596141132 0.00165909958669
0.186227048664 0.00165901546356
0.186492686008 0.00165892704891
0.186758323352 0.00165883567231
0.187023960695 0.00165874250791
0.187289598039 0.00165864819124
0.187555235383 0.00165855341138
0.187820872727 0.00165845883153
0.18808651007 0.00165836520062
0.188352147414 0.00165827318443
0.188617784758 0.00165818323592
0.188883422101 0.00165809558236
0.189149059445 0.00165801085718
0.189414696789 0.00165792978304
0.189680334133 0.00165785304834
0.189945971476 0.00165778118356
0.19021160882 0.00165771466223
0.190477246164 0.00165765399575
0.190742883508 0.00165759957572
0.191008520851 0.00165755097614
0.191274158195 0.00165750817322
0.191539795539 0.00165747134125
0.191805432882 0.00165744060211
0.192071070226 0.00165741604862
0.19233670757 0.001657397825
0.192602344914 0.00165738612681
0.192867982257 0.00165738076853
0.193133619601 0.00165738129244
0.193399256945 0.00165738741471
0.193664894289 0.00165739932863
0.193930531632 0.00165741724614
0.194196168976 0.00165744126357
0.19446180632 0.00165747160601
0.194727443663 0.00165750852559
0.194993081007 0.00165755238138
0.195258718351 0.00165760370734
0.195524355695 0.00165766305842
0.195789993038 0.00165773201921
0.196055630382 0.00165781134076
0.196321267726 0.0016579014057
0.19658690507 0.00165800267624
0.196852542413 0.0016581155775
0.197118179757 0.0016582407354
0.197383817101 0.00165837861856
0.197649454444 0.00165852960854
0.197915091788 0.00165869406556
0.198180729132 0.00165887230917
0.198446366476 0.00165906480907
0.198712003819 0.00165927187691
0.198977641163 0.00165949372468
0.199243278507 0.00165973083188
0.199508915851 0.00165998377652
0.199774553194 0.00166025296212
0.200040190538 0.00166034598461
0.200305827882 0.00166044528594
0.200571465226 0.00166051328646
0.200837102569 0.00166055267071
0.201102739913 0.00166056977987
0.201368377257 0.00166056971485
0.2016340146 0.00166055599575
0.201899651944 0.00166053094144
0.202165289288 0.00166049609402
0.202430926632 0.00166045259871
0.202696563975 0.00166040144437
0.202962201319 0.00166034322686
0.203227838663 0.00166027858541
0.203493476007 0.00166020800056
0.20375911335 0.00166013205397
0.204024750694 0.00166005130353
0.204290388038 0.00165996623218
0.204556025381 0.00165987720346
0.204821662725 0.00165978456906
0.205087300069 0.00165968878486
0.205352937413 0.0016595903501
0.205618574756 0.00165948960284
0.2058842121 0.00165938673146
0.206149849444 0.0016592819578
0.206415486788 0.00165917556393
0.206681124131 0.00165906790126
0.206946761475 0.00165895929143
0.207212398819 0.0016588500636
0.207478036162 0.00165874062138
0.207743673506 0.00165863140952
0.20800931085 0.0016585228554
0.208274948194 0.00165841523036
0.208540585537 0.00165830902383
0.208806222881 0.00165820475943
0.209071860225 0.001658102978
0.209337497569 0.00165800429875
0.209603134912 0.00165790903907
0.209868772256 0.00165781777559
0.2101344096 0.001657731183
0.210400046943 0.00165764998943
0.210665684287 0.00165757496386
0.210931321631 0.0016575069316
0.211196958975 0.00165744659507
0.211462596318 0.00165739459056
0.211728233662 0.0016573517042
0.211993871006 0.00165731875915
0.21225950835 0.00165729665787
0.212525145693 0.00165728631876
0.212790783037 0.00165728867208
0.213056420381 0.00165730463386
0.213322057725 0.00165733508212
0.213587695068 0.00165738066541
0.213853332412 0.00165744229581
0.214118969756 0.00165752087627
0.214384607099 0.00165761738837
0.214650244443 0.00165773280938
0.214915881787 0.00165786813732
0.215181519131 0.00165802461223
0.215447156474 0.00165820332777
0.215712793818 0.00165840536295
0.215978431162 0.00165863180126
0.216244068506 0.00165888344024
0.216509705849 0.0016591613226
0.216775343193 0.00165946649449
0.217040980537 0.00165980008029
0.21730661788 0.00166016316233
0.217572255224 0.00166055689277
0.217837892568 0.00166098239228
0.218103529912 0.00166144074966
0.218369167255 0.00166193305693
0.218634804599 0.00166246036864
0.218900441943 0.00166302381094
0.219166079287 0.0016636241734
0.21943171663 0.00166426242587
0.219697353974 0.00166493964865
0.219962991318 0.00166565688843
0.220228628661 0.0016664156932
0.220494266005 0.00166721744399
0.220759903349 0.00166806347811
0.221025540693 0.00166895507898
0.221291178036 0.00166989352386
0.22155681538 0.00167088002426
0.221822452724 0.00167191584573
0.222088090068 0.00167300190688
0.222353727411 0.00167413942084
0.222619364755 0.00167532958396
0.222885002099 0.00167657348081
0.223150639442 0.00167787233656
0.223416276786 0.00167922737663
0.22368191413 0.00168064017139
0.223947551474 0.00168211206681
0.224213188817 0.00168364421661
0.224478826161 0.00168523779016
0.224744463505 0.00168689370712
0.225010100849 0.00168861329941
0.225275738192 0.00169039782507
0.225541375536 0.00169224799267
0.22580701288 0.00169416526346
0.226072650224 0.00169615096559
0.226338287567 0.00169820649258
0.226603924911 0.00170033357136
0.226869562255 0.00170253320934
0.227135199598 0.00170480685249
0.227400836942 0.0017071559344
0.227666474286 0.00170958160432
0.22793211163 0.00171208556018
0.228197748973 0.00171466852054
0.228463386317 0.00171733085169
0.228729023661 0.00172007412547
0.228994661005 0.00172289821764
0.229260298348 0.00172580463648
0.229525935692 0.00172879382912
0.229791573036 0.00173186719859
0.230057210379 0.00173502611884
0.230322847723 0.00173827221867
0.230588485067 0.00174160658049
0.230854122411 0.00174503108508
0.231119759754 0.00174854742819
0.231385397098 0.00175215733523
0.231651034442 0.0017558597675
0.231916671786 0.00175965534319
0.232182309129 0.00176354515242
0.232447946473 0.0017675307914
0.232713583817 0.00177161257247
0.23297922116 0.00177579137938
0.233244858504 0.00178006813817
0.233510495848 0.00178444374829
0.233776133192 0.00178891909834
0.234041770535 0.00179349261621
0.234307407879 0.00179816489127
0.234573045223 0.00180293697086
0.234838682567 0.00180780931917
0.23510431991 0.00181278294144
0.235369957254 0.00181785818285
0.235635594598 0.00182303553756
0.235901231942 0.00182831576125
0.236166869285 0.00183369978777
0.236432506629 0.00183918748591
0.236698143973 0.00184477846549
0.236963781316 0.00185047240945
0.23722941866 0.00185626854006
0.237495056004 0.00186216602895
0.237760693348 0.00186816502053
0.238026330691 0.0018742642144
0.238291968035 0.00188046205368
0.238557605379 0.00188675709021
0.238823242723 0.0018931469803
0.239088880066 0.00189962814434
0.23935451741 0.00190619823815
0.239620154754 0.00191285504868
0.239885792097 0.00191959562248
0.240151429441 0.00192641698046
0.240417066785 0.00193331770173
0.240682704129 0.00194029415694
0.240948341472 0.00194734253801
0.241213978816 0.00195445830617
0.24147961616 0.00196163739224
0.241745253504 0.00196887544772
0.242010890847 0.0019761677575
0.242276528191 0.00198350925836
0.242542165535 0.00199089499143
0.242807802878 0.00199831990226
0.243073440222 0.00200577867703
0.243339077566 0.00201326552854
0.24360471491 0.00202077461174
0.243870352253 0.00202830043985
0.244135989597 0.00203583728951
0.244401626941 0.00204337922014
0.244667264285 0.00205092045889
0.244932901628 0.00205845526318
0.245198538972 0.00206597793751
0.245464176316 0.00207348298741
0.245729813659 0.00208096638794
0.245995451003 0.00208842371281
0.246261088347 0.00209585012866
0.246526725691 0.00210324029908
0.246792363034 0.00211058916845
0.247058000378 0.00211789176751
0.247323637722 0.00212514351268
0.247589275066 0.00213234000319
0.247854912409 0.0021394770657
0.248120549753 0.00214655081435
0.248386187097 0.00215355801265
0.248651824441 0.00216049549845
0.248917461784 0.00216735995557
0.249183099128 0.00217414840399
0.249448736472 0.00218085849481
0.249714373815 0.00218748801882
0.249980011159 0.00219408411782
0.250245648503 0.00220039468407
0.250511285847 0.00220664780932
0.25077692319 0.00221280294767
0.251042560534 0.00221886180962
0.251308197878 0.00222483252508
0.251573835222 0.0022307237386
0.251839472565 0.00223654315219
0.252105109909 0.00224229724489
0.252370747253 0.00224799142975
0.252636384596 0.00225363028137
0.25290202194 0.00225921767265
0.253167659284 0.00226475725606
0.253433296628 0.00227025163677
0.253698933971 0.00227570275666
0.253964571315 0.00228111187226
0.254230208659 0.00228647959231
0.254495846003 0.00229180612835
0.254761483346 0.0022970912417
0.25502712069 0.00230233427326
0.255292758034 0.00230753424721
0.255558395377 0.00231268997725
0.255824032721 0.0023178001062
0.256089670065 0.00232286371442
0.256355307409 0.00232787918805
0.256620944752 0.00233284481501
0.256886582096 0.00233775889609
0.25715221944 0.00234261977836
0.257417856784 0.00234742579202
0.257683494127 0.00235217531546
0.257949131471 0.00235686681698
0.258214768815 0.00236149897796
0.258480406158 0.00236607054059
0.258746043502 0.002370580323
0.259011680846 0.00237502731504
0.25927731819 0.00237941066317
0.259542955533 0.0023837296862
0.259808592877 0.00238798375439
0.260074230221 0.00239217237083
0.260339867565 0.00239629519597
0.260605504908 0.00240035203958
0.260871142252 0.002404342862
0.261136779596 0.0024082679175
0.26140241694 0.00241212730723
0.261668054283 0.00241592095505
0.261933691627 0.00241964908894
0.262199328971 0.00242331195067
0.262464966314 0.00242690983277
0.262730603658 0.00243044309363
0.262996241002 0.00243391219473
0.263261878346 0.00243731757504
0.263527515689 0.00244065968236
0.263793153033 0.00244393898831
0.264058790377 0.00244715598937
0.264324427721 0.00245031115982
0.264590065064 0.00245340499996
0.264855702408 0.00245643802029
0.265121339752 0.00245941076117
0.265386977095 0.00246232385245
0.265652614439 0.00246517814082
0.265918251783 0.00246797438758
0.266183889127 0.00247071316474
0.26644952647 0.0024733952362
0.266715163814 0.00247602131446
0.266980801158 0.00247859198557
0.267246438502 0.00248110798324
0.267512075845 0.00248356961529
0.267777713189 0.00248597734331
0.268043350533 0.00248833161757
0.268308987876 0.00249063331476
0.26857462522 0.00249288300847
0.268840262564 0.00249508130196
0.269105899908 0.00249722866198
0.269371537251 0.00249932552039
0.269637174595 0.00250137228596
0.269902811939 0.00250336917349
0.270168449283 0.00250531642809
0.270434086626 0.00250721446544
0.27069972397 0.00250906406275
0.270965361314 0.00251086575134
0.271230998657 0.00251262000833
0.271496636001 0.00251432680433
0.271762273345 0.0025159865386
0.272027910689 0.00251759982379
0.272293548032 0.00251916701286
0.272559185376 0.0025206882652
0.27282482272 0.00252216345032
0.273090460064 0.0025235932761
0.273356097407 0.00252497830056
0.273621734751 0.0025263185234
0.273887372095 0.00252761354985
0.274153009439 0.00252886333299
0.274418646782 0.00253006793648
0.274684284126 0.00253122760546
0.27494992147 0.00253234276683
0.275215558813 0.00253341321978
0.275481196157 0.00253443969327
0.275746833501 0.00253542308329
0.276012470845 0.00253636401312
0.276278108188 0.00253726307133
0.276543745532 0.0025381205398
0.276809382876 0.00253893653052
0.27707502022 0.00253971172074
0.277340657563 0.0025404465159
0.277606294907 0.00254114184106
0.277871932251 0.00254179837169
0.278137569594 0.00254241631991
0.278403206938 0.00254299668277
0.278668844282 0.00254354043135
0.278934481626 0.0025440483047
0.279200118969 0.00254452106218
0.279465756313 0.00254495938227
0.279731393657 0.00254536430537
0.279997031001 0.00254573678499
0.280262668344 0.00254607796127
0.280528305688 0.00254638881266
0.280793943032 0.00254667067052
0.281059580375 0.00254692489388
0.281325217719 0.00254715247662
0.281590855063 0.00254735357363
0.281856492407 0.00254752939581
0.28212212975 0.0025476811896
0.282387767094 0.00254781040106
0.282653404438 0.00254791766827
0.282919041782 0.00254800413054
0.283184679125 0.00254807094198
0.283450316469 0.00254811930951
0.283715953813 0.00254815030528
0.283981591156 0.00254816501252
0.2842472285 0.00254816470963
0.284512865844 0.00254815070684
0.284778503188 0.00254812417262
0.285044140531 0.00254808595015
0.285309777875 0.0025480373252
0.285575415219 0.00254797992645
0.285841052563 0.00254791517627
0.286106689906 0.00254784441883
0.28637232725 0.00254776883302
0.286637964594 0.00254768958727
0.286903601938 0.00254760817202
0.287169239281 0.00254752517152
0.287434876625 0.00254744129548
0.287700513969 0.00254735718566
0.287966151312 0.00254727358072
0.288231788656 0.00254719117421
0.288497426 0.00254711061603
0.288763063344 0.00254703200693
0.289028700687 0.00254695590277
0.289294338031 0.00254688296054
0.289559975375 0.00254681394506
0.289825612719 0.0025467494011
0.290091250062 0.00254668982855
0.290356887406 0.00254663562757
0.29062252475 0.00254658741394
0.290888162093 0.00254654484572
0.291153799437 0.0025465078119
0.291419436781 0.00254647639703
0.291685074125 0.00254645078492
0.291950711468 0.00254643103588
0.292216348812 0.0025464172913
0.292481986156 0.00254640972143
0.2927476235 0.00254640843088
0.293013260843 0.00254641279755
0.293278898187 0.00254642251262
0.293544535531 0.00254643767672
0.293810172874 0.00254645849268
0.294075810218 0.00254648505113
0.294341447562 0.00254651756073
0.294607084906 0.00254655626411
0.294872722249 0.00254660143263
0.295138359593 0.00254665363802
0.295403996937 0.0025467133262
0.295669634281 0.00254678186323
0.295935271624 0.00254686024132
0.296200908968 0.00254694896786
0.296466546312 0.00254704840807
0.296732183656 0.00254715903225
0.296997820999 0.00254728144801
0.297263458343 0.00254741616459
0.297529095687 0.0025475635903
0.29779473303 0.00254772408165
0.298060370374 0.00254789797325
0.298326007718 0.002548085677
0.298591645062 0.00254828758995
0.298857282405 0.00254850395623
0.299122919749 0.00254873510539
0.299388557093 0.00254898168454
0.299654194437 0.00254924413894
0.29991983178 0.00254952282281
0.300185469124 0.00254962395844
0.300451106468 0.00254973144312
0.300716743811 0.00254980764977
0.300982381155 0.0025498548976
0.301248018499 0.00254987970976
0.301513655843 0.0025498872563
0.301779293186 0.00254988103299
0.30204493053 0.00254986334884
0.302310567874 0.00254983574289
0.302576205218 0.00254979949503
0.302841842561 0.00254975555368
0.303107479905 0.00254970454966
0.303373117249 0.00254964704201
0.303638754592 0.00254958360514
0.303904391936 0.00254951486808
0.30417002928 0.00254944136996
0.304435666624 0.00254936356619
0.304701303967 0.00254928179093
0.304966941311 0.00254919650506
0.305232578655 0.00254910823483
0.305498215999 0.00254901740994
0.305763853342 0.00254892433356
0.306029490686 0.00254882918178
0.30629512803 0.0025487322189
0.306560765373 0.00254863379841
0.306826402717 0.0025485342328
0.307092040061 0.0025484338587
0.307357677405 0.00254833305463
0.307623314748 0.00254823225126
0.307888952092 0.00254813191638
0.308154589436 0.0025480323711
0.30842022678 0.00254793398733
0.308685864123 0.00254783727884
0.308951501467 0.00254774275796
0.309217138811 0.00254765102169
0.309482776155 0.00254756258066
0.309748413498 0.00254747776148
0.310014050842 0.00254739725962
0.310279688186 0.00254732174362
0.310545325529 0.00254725193823
0.310810962873 0.00254718863982
0.311076600217 0.00254713269205
0.311342237561 0.00254708460063
0.311607874904 0.00254704515516
0.311873512248 0.00254701512973
0.312139149592 0.00254699540614
0.312404786936 0.00254698688766
0.312670424279 0.00254699050685
0.312936061623 0.00254700716694
0.313201698967 0.00254703780978
0.31346733631 0.0025470831081
0.313732973654 0.00254714391238
0.313998610998 0.00254722110896
0.314264248342 0.00254731565772
0.314529885685 0.00254742852644
0.314795523029 0.00254756069862
0.315061160373 0.00254771341427
0.315326797717 0.00254788780862
0.31559243506 0.0025480849517
0.315858072404 0.00254830590995
0.316123709748 0.00254855163359
0.316389347091 0.00254882298386
0.316654984435 0.00254912107552
0.316920621779 0.00254944696771
0.317186259123 0.00254980178184
0.317451896466 0.00255018662988
0.31771753381 0.00255060265637
0.317983171154 0.00255105094653
0.318248808498 0.00255153260113
0.318514445841 0.0025520486954
0.318780083185 0.00255260033797
0.319045720529 0.00255318848341
0.319311357872 0.00255381395399
0.319576995216 0.00255447783508
0.31984263256 0.00255518120112
0.320108269904 0.00255592541003
0.320373907247 0.00255671192815
0.320639544591 0.00255754211435
0.320905181935 0.00255841725491
0.321170819279 0.00255933863719
0.321436456622 0.00256030750726
0.321702093966 0.00256132510609
0.32196773131 0.00256239249049
0.322233368654 0.00256351076226
0.322499005997 0.00256468111475
0.322764643341 0.00256590468699
0.323030280685 0.00256718265944
0.323295918028 0.00256851624896
0.323561555372 0.00256990681875
0.323827192716 0.00257135602494
0.32409283006 0.00257286492568
0.324358467403 0.00257443477059
0.324624104747 0.00257606653133
0.324889742091 0.00257776137467
0.325155379435 0.00257952065354
0.325421016778 0.00258134519486
0.325686654122 0.00258323621345
0.325952291466 0.00258519511035
0.326217928809 0.00258722315327
0.326483566153 0.00258932205055
0.326749203497 0.00259149318358
0.327014840841 0.00259373758809
0.327280478184 0.00259605694026
0.327546115528 0.00259845230339
0.327811752872 0.00260092527026
0.328077390216 0.00260347706765
0.328343027559 0.00260610793135
0.328608664903 0.00260881937146
0.328874302247 0.00261161145057
0.32913993959 0.00261448525895
0.329405576934 0.00261744166302
0.329671214278 0.00262048171649
0.329936851622 0.00262360674503
0.330202488965 0.00262681826448
0.330468126309 0.0026301176805
0.330733763653 0.00263350643052
0.330999400997 0.00263698633841
0.33126503834 0.0026405591296
0.331530675684 0.00264422517461
0.331796313028 0.00264798391003
0.332061950371 0.00265183646392
0.332327587715 0.00265578414501
0.332593225059 0.00265982804096
0.332858862403 0.00266396858097
0.333124499746 0.00266820673077
0.33339013709 0.00267254337947
0.333655774434 0.00267697947667
0.333921411778 0.00268151453271
0.334187049121 0.00268614787689
0.334452686465 0.00269088081175
0.334718323809 0.00269571387444
0.334983961153 0.00270064780904
0.335249598496 0.00270568331399
0.33551523584 0.00271082069743
0.335780873184 0.00271606056735
0.336046510527 0.00272140413878
0.336312147871 0.00272685149646
0.336577785215 0.00273240235576
0.336843422559 0.00273805630157
0.337109059902 0.00274381296047
0.337374697246 0.00274967099661
0.33764033459 0.00275563081929
0.337905971934 0.0027616914048
0.338171609277 0.00276785133155
0.338437246621 0.00277410907012
0.338702883965 0.00278046300723
0.338968521308 0.00278690932357
0.339234158652 0.00279344555664
0.339499795996 0.00280006945911
0.33976543334 0.00280677834707
0.340031070683 0.0028135691898
0.340296708027 0.00282044013765
0.340562345371 0.0028273882919
0.340827982715 0.00283440997668
0.341093620058 0.00284150084944
0.341359257402 0.00284865663474
0.341624894746 0.00285587320359
0.341890532089 0.00286314592182
0.342156169433 0.00287046985767
0.342421806777 0.00287783999776
0.342687444121 0.0028852513314
0.342953081464 0.00289269866681
0.343218718808 0.00290017644662
0.343484356152 0.00290767867647
0.343749993496 0.00291519987166
0.344015630839 0.00292273438358
0.344281268183 0.00293027625696
0.344546905527 0.00293781969225
0.34481254287 0.00294535893026
0.345078180214 0.00295288824465
0.345343817558 0.0029604020639
0.345609454902 0.00296789564003
0.345875092245 0.0029753649309
0.346140729589 0.00298280529957
0.346406366933 0.00299021150475
0.346672004277 0.00299757833956
0.34693764162 0.00300490077483
0.347203278964 0.0030121741069
0.347468916308 0.00301939386238
0.347734553652 0.00302655574487
0.348000190995 0.0030336557969
0.348265828339 0.00304069038401
0.348531465683 0.00304765661285
0.348797103026 0.00305455105481
0.34906274037 0.00306137057012
0.349328377714 0.00306811261452
0.349594015058 0.00307477488989
0.349859652401 0.00308135530839
0.350125289745 0.00308770400994
0.350390927089 0.00309399709522
0.350656564433 0.00310018993189
0.350922201776 0.00310628381914
0.35118783912 0.00311228766961
0.351453476464 0.00311821099405
0.351719113807 0.00312406215875
0.351984751151 0.00312984828572
0.352250388495 0.00313557499066
0.352516025839 0.00314124664037
0.352781663182 0.00314686699591
0.353047300526 0.00315243968161
0.35331293787 0.0031579671016
0.353578575214 0.00316345116701
0.353844212557 0.00316889304529
0.354109849901 0.00317429326464
0.354375487245 0.00317965193583
0.354641124588 0.00318496877966
0.354906761932 0.00319024312052
0.355172399276 0.00319547397395
0.35543803662 0.00320066011463
0.355703673963 0.00320580015724
0.355969311307 0.00321089316472
0.356234948651 0.00321593759452
0.356500585995 0.00322093175021
0.356766223338 0.00322587393133
0.357031860682 0.00323076249493
0.357297498026 0.0032355958145
0.35756313537 0.00324037227726
0.357828772713 0.00324509035502
0.358094410057 0.00324974868601
0.358360047401 0.00325434608758
0.358625684744 0.0032588813695
0.358891322088 0.00326335352577
0.359156959432 0.003267761709
0.359422596776 0.00327210524285
0.359688234119 0.00327638353079
0.359953871463 0.0032805960843
0.360219508807 0.00328474255585
0.360485146151 0.00328882275356
0.360750783494 0.00329283665929
0.361016420838 0.00329678440598
0.361282058182 0.00330066626446
0.361547695525 0.00330448222043
0.361813332869 0.00330823245921
0.362078970213 0.00331191723886
0.362344607557 0.00331553687369
0.3626102449 0.00331909172587
0.362875882244 0.00332258223556
0.363141519588 0.00332600889032
0.363407156932 0.00332937213894
0.363672794275 0.003332672468
0.363938431619 0.00333591038891
0.364204068963 0.00333908638798
0.364469706306 0.00334220094328
0.36473534365 0.00334525459143
0.365000980994 0.00334824786752
0.365266618338 0.0033511813203
0.365532255681 0.0033540558237
0.365797893025 0.0033568721607
0.366063530369 0.00335963096263
0.366329167713 0.00336233286187
0.366594805056 0.0033649786811
0.3668604424 0.00336756900575
0.367126079744 0.00337010457155
0.367391717087 0.00337258572435
0.367657354431 0.00337501293666
0.367922991775 0.00337738665864
0.368188629119 0.0033797075821
0.368454266462 0.00338197642146
0.368719903806 0.00338419375171
0.36898554115 0.00338636009981
0.369251178494 0.0033884759038
0.369516815837 0.00339054157669
0.369782453181 0.00339255744987
0.370048090525 0.00339452365344
0.370313727869 0.00339644053829
0.370579365212 0.00339830879336
0.370845002556 0.00340012899206
0.3711106399 0.00340190168299
0.371376277243 0.00340362705978
0.371641914587 0.00340530527545
0.371907551931 0.00340693685979
0.372173189275 0.00340852229643
0.372438826618 0.00341006190185
0.372704463962 0.00341155552461
0.372970101306 0.00341300349904
0.37323573865 0.00341440655655
0.373501375993 0.00341576500858
0.373767013337 0.00341707852712
0.374032650681 0.00341834692304
0.374298288024 0.00341957005832
0.374563925368 0.00342074822504
0.374829562712 0.00342188176176
0.375095200056 0.00342297090761
0.375360837399 0.0034240155535
0.375626474743 0.00342501685528
0.375892112087 0.00342597548586
0.376157749431 0.00342689205717
0.376423386774 0.00342776709342
0.376689024118 0.00342860052092
0.376954661462 0.00342939290391
0.377220298805 0.00343014481525
0.377485936149 0.00343085679393
0.377751573493 0.00343152983765
0.378017210837 0.00343216418915
0.37828284818 0.00343276047519
0.378548485524 0.00343331982079
0.378814122868 0.00343384295463
0.379079760212 0.0034343308119
0.379345397555 0.00343478380256
0.379611034899 0.00343520296235
0.379876672243 0.00343558933236
0.380142309586 0.00343594383706
0.38040794693 0.00343626749663
0.380673584274 0.00343656171494
0.380939221618 0.00343682766007
0.381204858961 0.00343706677204
0.381470496305 0.00343727917935
0.381736133649 0.00343746579553
0.382001770993 0.00343762783346
0.382267408336 0.00343776671838
0.38253304568 0.0034378833472
0.382798683024 0.00343797867959
0.383064320368 0.00343805386191
0.383329957711 0.0034381100484
0.383595595055 0.00343814854187
0.383861232399 0.00343817016312
0.384126869742 0.00343817617563
0.384392507086 0.00343816794173
0.38465814443 0.00343814670154
0.384923781774 0.00343811340678
0.385189419117 0.0034380690182
0.385455056461 0.00343801518119
0.385720693805 0.00343795338871
0.385986331149 0.00343788502965
0.386251968492 0.00343781133314
0.386517605836 0.00343773346391
0.38678324318 0.00343765280621
0.387048880523 0.00343757030354
0.387314517867 0.00343748662936
0.387580155211 0.00343740242284
0.387845792555 0.00343731840004
0.388111429898 0.00343723530608
0.388377067242 0.00343715381507
0.388642704586 0.00343707419949
0.38890834193 0.00343699680807
0.389173979273 0.00343692227337
0.389439616617 0.00343685133302
0.389705253961 0.00343678462316
0.389970891304 0.00343672266325
0.390236528648 0.00343666586689
0.390502165992 0.00343661481721
0.390767803336 0.00343656963601
0.391033440679 0.0034365300041
0.391299078023 0.0034364959096
0.391564715367 0.00343646755611
0.391830352711 0.00343644502982
0.392095990054 0.0034364284373
0.392361627398 0.00343641792738
0.392627264742 0.00343641369624
0.392892902085 0.00343641537292
0.393158539429 0.00343642255716
0.393424176773 0.00343643507368
0.393689814117 0.0034364531321
0.39395545146 0.00343647690944
0.394221088804 0.00343650653418
0.394486726148 0.00343654223453
0.394752363492 0.00343658426391
0.395018000835 0.0034366330624
0.395283638179 0.00343668913257
0.395549275523 0.00343675327315
0.395814912867 0.00343682689169
0.39608055021 0.0034369106831
0.396346187554 0.00343700496573
0.396611824898 0.00343711025767
0.396877462241 0.00343722704719
0.397143099585 0.00343735592101
0.397408736929 0.00343749732934
0.397674374273 0.0034376516444
0.397940011616 0.00343781922376
0.39820564896 0.00343800040953
0.398471286304 0.00343819566257
0.398736923648 0.00343840528027
0.399002560991 0.00343862946928
0.399268198335 0.00343886881934
0.399533835679 0.00343912387426
0.399799473022 0.00343939503271
0.400065110366 0.00343948953446
0.40033074771 0.00343959016126
0.400596385054 0.0034396593115
0.400862022397 0.00343969956127
0.401127659741 0.00343971733379
0.401393297085 0.00343971775728
0.401658934429 0.00343970436604
0.401924571772 0.00343967947586
0.402190209116 0.00343964462147
0.40245584646 0.00343960100167
0.402721483803 0.00343954959971
0.402987121147 0.00343949102589
0.403252758491 0.00343942592719
0.403518395835 0.00343935476914
0.403784033178 0.00343927817675
0.404049670522 0.00343919670621
0.404315307866 0.00343911084789
0.40458094521 0.00343902094676
0.404846582553 0.00343892738212
0.405112219897 0.00343883064819
0.405377857241 0.00343873124051
0.405643494584 0.0034386294744
0.405909131928 0.00343852551816
0.406174769272 0.00343841963105
0.406440406616 0.00343831211924
0.406706043959 0.00343820332896
0.406971681303 0.0034380935913
0.407237318647 0.00343798323942
0.407502955991 0.00343787269149
0.407768593334 0.0034377624054
0.408034230678 0.00343765277508
0.408299868022 0.00343754410663
0.408565505366 0.003437436898
0.408831142709 0.00343733167141
0.409096780053 0.0034372289859
0.409362417397 0.00343712944214
0.40962805474 0.00343703333742
0.409893692084 0.00343694129605
0.410159329428 0.00343685398937
0.410424966772 0.00343677215596
0.410690604115 0.00343669656674
0.410956241459 0.00343662805606
0.411221878803 0.00343656726885
0.411487516147 0.00343651490169
0.41175315349 0.0034364717103
0.412018790834 0.00343643855007
0.412284428178 0.00343641632766
0.412550065521 0.00343640596694
0.412815702865 0.00343640839077
0.413081340209 0.00343642452218
0.413346977553 0.00343645517237
0.413612614896 0.00343650105553
0.41387825224 0.00343656307541
0.414143889584 0.00343664215174
0.414409526928 0.0034367392694
0.414675164271 0.00343685540605
0.414940801615 0.00343699163299
0.415206438959 0.00343714915723
0.415472076302 0.00343732906395
0.415737713646 0.00343753243168
0.41600335099 0.00343776035183
0.416268988334 0.00343801354254
0.416534625677 0.00343829313381
0.416800263021 0.00343860015034
0.417065900365 0.00343893573607
0.417331537709 0.00343930097337
0.417597175052 0.00343969702309
0.417862812396 0.0034401249802
0.41812844974 0.00344058594736
0.418394087084 0.00344108100936
0.418659724427 0.00344161123982
0.418925361771 0.00344217776121
0.419190999115 0.00344278127472
0.419456636458 0.00344342284136
0.419722273802 0.00344410353826
0.419987911146 0.00344482443631
0.42025354849 0.0034455871583
0.420519185833 0.00344639304691
0.420784823177 0.00344724343082
0.421050460521 0.00344813959042
0.421316097865 0.00344908279903
0.421581735208 0.00345007427009
0.421847372552 0.0034511152248
0.422113009896 0.00345220660487
0.422378647239 0.00345334963269
0.422644284583 0.00345454549778
0.422909921927 0.00345579530864
0.423175559271 0.00345710028707
0.423441196614 0.00345846165579
0.423706833958 0.00345988110387
0.423972471302 0.00346135983572
0.424238108646 0.003462899061
0.424503745989 0.00346449988124
0.424769383333 0.0034661632785
0.425035020677 0.00346789059868
0.42530065802 0.00346968298813
0.425566295364 0.00347154128739
0.425831932708 0.00347346695342
0.426097570052 0.00347546128613
0.426363207395 0.00347752576814
0.426628844739 0.00347966211313
0.426894482083 0.003481871162
0.427160119427 0.00348415452544
0.42742575677 0.00348651353214
0.427691394114 0.00348894942644
0.427957031458 0.0034914639012
0.428222668801 0.00349405741003
0.428488306145 0.00349673056357
0.428753943489 0.00349948471589
0.429019580833 0.00350231999038
0.429285218176 0.00350523771949
0.42955085552 0.00350823854477
0.429816492864 0.00351132381564
0.430082130208 0.00351449492807
0.430347767551 0.0035177535585
0.430613404895 0.00352110072205
0.430879042239 0.00352453835107
0.431144679583 0.0035280681516
0.431410316926 0.00353169181571
0.43167595427 0.00353540782003
0.431941591614 0.00353921721497
0.432207228957 0.00354312107733
0.432472866301 0.00354712112087
0.432738503645 0.00355121738549
0.433004140989 0.003555410899
0.433269778332 0.00355970257606
0.433535415676 0.00356409332807
0.43380105302 0.00356858386584
0.434066690364 0.00357317245376
0.434332327707 0.00357786012008
0.434597965051 0.00358264774004
0.434863602395 0.00358753576055
0.435129239738 0.00359252529364
0.435394877082 0.00359761656841
0.435660514426 0.00360281012894
0.43592615177 0.00360810686152
0.436191789113 0.00361350745942
0.436457426457 0.00361901175243
0.436723063801 0.00362461928795
0.436988701145 0.00363032982545
0.437254338488 0.00363614238129
0.437519975832 0.00364205648946
0.437785613176 0.00364807195765
0.438051250519 0.00365418746578
0.438316887863 0.00366040142027
0.438582525207 0.00366671240025
0.438848162551 0.00367311762169
0.439113799894 0.00367961382012
0.439379437238 0.00368619867479
0.439645074582 0.00369286985248
0.439910711926 0.00369962437522
0.440176349269 0.00370645959468
0.440441986613 0.00371337363896
0.440707623957 0.00372036289017
0.4409732613 0.00372742337668
0.441238898644 0.00373455059989
0.441504535988 0.00374174054777
0.441770173332 0.00374898875428
0.442035810675 0.00375629045336
0.442301448019 0.00376364057001
0.442567085363 0.0037710341373
0.442832722707 0.00377846606073
0.44309836005 0.00378593104793
0.443363997394 0.00379342315092
0.443629634738 0.00380093659421
0.443895272082 0.00380846587348
0.444160909425 0.00381600519648
0.444426546769 0.00382354866106
0.444692184113 0.00383109049283
0.444957821456 0.00383862495015
0.4452234588 0.00384614636504
0.445489096144 0.00385364926031
0.445754733488 0.00386112996492
0.446020370831 0.00386858384758
0.446286008175 0.00387600593976
0.446551645519 0.0038833909212
0.446817282863 0.00389073374389
0.447082920206 0.00389802951252
0.44734855755 0.00390527366705
0.447614194894 0.00391246183077
0.447879832237 0.00391958989167
0.448145469581 0.00392665398976
0.448411106925 0.00393365109803
0.448676744269 0.00394057790119
0.448942381612 0.00394743112321
0.449208018956 0.00395420791235
0.4494736563 0.00396090592208
0.449739293644 0.00396752299339
0.450004930987 0.00397400371776
0.450270568331 0.00398033413608
0.450536205675 0.00398656745382
0.450801843018 0.00399270383089
0.451067480362 0.00399875085216
0.451333117706 0.00400471712889
0.45159875505 0.00401061060132
0.451864392393 0.00401643820943
0.452130029737 0.00402220573999
0.452395667081 0.00402791758813
0.452661304425 0.00403357753028
0.452926941768 0.00403918913802
0.453192579112 0.00404475485912
0.453458216456 0.0040502765626
0.453723853799 0.00405575547695
0.453989491143 0.00406119220779
0.454255128487 0.00406658683052
0.454520765831 0.00407193904093
0.454786403174 0.00407724815263
0.455052040518 0.00408251315205
0.455317677862 0.00408773276854
0.455583315206 0.00409290561547
0.455848952549 0.00409803050479
0.456114589893 0.0041031060914
0.456380227237 0.00410813070515
0.456645864581 0.004113102636
0.456911501924 0.00411802023373
0.457177139268 0.00412288191819
0.457442776612 0.0041276861168
0.457708413955 0.00413243132217
0.457974051299 0.00413711614515
0.458239688643 0.00414173946077
0.458505325987 0.0041463001364
0.45877096333 0.00415079717694
0.459036600674 0.00415522977664
0.459302238018 0.00415959724845
0.459567875362 0.00416389908319
0.459833512705 0.00416813482083
0.460099150049 0.00417230413135
0.460364787393 0.00417640684493
0.460630424736 0.00418044294303
0.46089606208 0.00418441249481
0.461161699424 0.00418831592063
0.461427336768 0.00419215333905
0.461692974111 0.00419592485073
0.461958611455 0.00419963076826
0.462224248799 0.00420327142148
0.462489886143 0.00420684718451
0.462755523486 0.00421035849437
0.46302116083 0.0042138058731
0.463286798174 0.00421718979573
0.463552435517 0.00422051075879
0.463818072861 0.00422376927541
0.464083710205 0.00422696585828
0.464349347549 0.00423010100812
0.464614984892 0.00423317522714
0.464880622236 0.00423618907997
0.46514625958 0.00423914306695
0.465411896924 0.00424203800015
0.465677534267 0.004244874696
0.465943171611 0.00424765385585
0.466208808955 0.00425037602348
0.466474446298 0.00425304202701
0.466740083642 0.00425565251033
0.467005720986 0.00425820806746
0.46727135833 0.00426070934999
0.467536995673 0.00426315670386
0.467802633017 0.00426555057561
0.468068270361 0.00426789143551
0.468333907705 0.00427018015768
0.468599545048 0.00427241727857
0.468865182392 0.00427460338792
0.469130819736 0.00427673893552
0.46939645708 0.00427882432816
0.469662094423 0.00428085995568
0.469927731767 0.00428284596586
0.470193369111 0.00428478264875
0.470459006454 0.00428667045508
0.470724643798 0.00428851011292
0.470990281142 0.0042903021394
0.471255918486 0.00429204700362
0.471521555829 0.00429374461139
0.471787193173 0.00429539540103
0.472052830517 0.00429699997757
0.472318467861 0.00429855867892
0.472584105204 0.00430007160283
0.472849742548 0.00430153865758
0.473115379892 0.00430296060411
0.473381017235 0.0043043379233
0.473646654579 0.00430567055509
0.473912291923 0.00430695813284
0.474177929267 0.00430820059509
0.47444356661 0.00430939803806
0.474709203954 0.00431055070829
0.474974841298 0.00431165903815
0.475240478642 0.00431272274521
0.475506115985 0.00431374268733
0.475771753329 0.00431471971749
0.476037390673 0.00431565445278
0.476303028016 0.00431654745697
0.47656866536 0.00431739896983
0.476834302704 0.00431820915801
0.477099940048 0.00431897869562
0.477365577391 0.00431970794871
0.477631214735 0.00432039790556
0.477896852079 0.00432104916963
0.478162489423 0.00432166199743
0.478428126766 0.00432223739328
0.47869376411 0.00432277630018
0.478959401454 0.00432327947598
0.479225038797 0.00432374765185
0.479490676141 0.00432418154376
0.479756313485 0.00432458218945
0.480021950829 0.00432495053089
0.480287588172 0.00432528768441
0.480553225516 0.0043255947213
0.48081886286 0.004325872918
0.481084500204 0.00432612365409
0.481350137547 0.00432634778532
0.481615774891 0.00432654558678
0.481881412235 0.00432671826692
0.482147049579 0.00432686709659
0.482412686922 0.00432699343937
0.482678324266 0.00432709798389
0.48294396161 0.00432718187167
0.483209598953 0.00432724625522
0.483475236297 0.00432729234708
0.483740873641 0.00432732119148
0.484006510985 0.00432733388306
0.484272148328 0.00432733172368
0.484537785672 0.00432731602057
0.484803423016 0.00432728790603
0.48506906036 0.0043272482349
0.485334697703 0.00432719834611
0.485600335047 0.00432713985028
0.485865972391 0.00432707416535
0.486131609734 0.00432700261869
0.486397247078 0.00432692638475
0.486662884422 0.00432684666019
0.486928521766 0.00432676483743
0.487194159109 0.00432668151745
0.487459796453 0.0043265973939
0.487725433797 0.00432651312639
0.487991071141 0.00432642945251
0.488256708484 0.0043263470552
0.488522345828 0.00432626652046
0.488787983172 0.00432618797743
0.489053620515 0.00432611200817
0.489319257859 0.00432603927722
0.489584895203 0.0043259705356
0.489850532547 0.00432590631945
0.49011616989 0.00432584712172
0.490381807234 0.00432579335246
0.490647444578 0.00432574560215
0.490913081922 0.00432570344335
0.491178719265 0.00432566681074
0.491444356609 0.00432563580508
0.491709993953 0.00432561059936
0.491975631297 0.00432559125633
0.49224126864 0.00432557792179
0.492506905984 0.00432557076938
0.492772543328 0.00432556983012
0.493038180671 0.00432557451724
0.493303818015 0.0043255845182
0.493569455359 0.00432559998538
0.493835092703 0.0043256211054
0.494100730046 0.00432564797558
0.49436636739 0.00432568080974
0.494632004734 0.0043257198518
0.494897642078 0.00432576540367
0.495163279421 0.00432581802846
0.495428916765 0.00432587817081
0.495694554109 0.00432594728825
0.495960191452 0.00432602630749
0.496225828796 0.0043261157034
0.49649146614 0.00432621586474
0.496757103484 0.00432632724334
0.497022740827 0.00432645048228
0.497288378171 0.00432658607421
0.497554015515 0.0043267344202
0.497819652859 0.00432689587423
0.498085290202 0.00432707077124
0.498350927546 0.00432725954034
0.49861656489 0.00432746256121
0.498882202233 0.0043276800673
0.499147839577 0.00432791242398
0.499413476921 0.00432816027255
0.499679114265 0.00432842405039
0.499944751608 0.00432870410177
0.500210388952 0.00432880645321
0.500476026296 0.00432891521183
0.50074166364 0.0043289927113
0.501007300983 0.00432904127056
0.501272938327 0.00432906741799
0.501538575671 0.00432907632741
0.501804213014 0.00432907148734
0.502069850358 0.00432905519955
0.502335487702 0.00432902901024
0.502601125046 0.00432899421485
0.502866762389 0.00432895174989
0.503132399733 0.00432890225021
0.503398037077 0.00432884625856
0.503663674421 0.0043287843726
0.503929311764 0.004328717219
0.504194949108 0.00432864533211
0.504460586452 0.00432856915854
0.504726223796 0.00432848904074
0.504991861139 0.0043284054465
0.505257498483 0.00432831890884
0.505523135827 0.00432822984109
0.50578877317 0.00432813854587
0.506054410514 0.00432804519963
0.506320047858 0.00432795006988
0.506585685202 0.00432785351635
0.506851322545 0.00432775584934
0.507116959889 0.00432765740286
0.507382597233 0.0043275585643
0.507648234577 0.00432745976796
0.50791387192 0.00432736147782
0.508179509264 0.004327264006
0.508445146608 0.00432716773615
0.508710783951 0.00432707318447
0.508976421295 0.00432698086224
0.509242058639 0.00432689137201
0.509507695983 0.00432680519234
0.509773333326 0.00432672268398
0.51003897067 0.0043266445432
0.510304608014 0.00432657143398
0.510570245358 0.00432650408864
0.510835882701 0.0043264433073
0.511101520045 0.00432638992939
0.511367157389 0.00432634443386
0.511632794732 0.00432630762279
0.511898432076 0.00432628028625
0.51216406942 0.00432626331086
0.512429706764 0.00432625759951
0.512695344107 0.00432626408493
0.512960981451 0.0043262836681
0.513226618795 0.00432631729187
0.513492256139 0.00432636559123
0.513757893482 0.00432642945611
0.514023530826 0.00432650976806
0.51428916817 0.0043266074954
0.514554805513 0.00432672360677
0.514820442857 0.00432685911172
0.515086080201 0.00432701526042
0.515351717545 0.00432719317283
0.515617354888 0.00432739391937
0.515882992232 0.00432761856054
0.516148629576 0.00432786800704
0.51641426692 0.00432814317141
0.516679904263 0.00432844515546
0.516945541607 0.00432877503272
0.517211178951 0.00432913391641
0.517476816295 0.00432952292629
0.517742453638 0.00432994319523
0.518008090982 0.00433039581637
0.518273728326 0.00433088189376
0.518539365669 0.00433140249307
0.518805003013 0.00433195873337
0.519070640357 0.00433255151796
0.519336277701 0.00433318171623
0.519601915044 0.0043338504144
0.519867552388 0.00433455868414
0.520133189732 0.00433530795814
0.520398827076 0.00433609966677
0.520664464419 0.00433693516579
0.520930101763 0.0043378157384
0.521195739107 0.00433874266986
0.52146137645 0.00433971720251
0.521727013794 0.00434074058152
0.521992651138 0.00434181382061
0.522258288482 0.00434293806103
0.522523925825 0.00434411449733
0.522789563169 0.00434534425335
0.523055200513 0.00434662852454
0.523320837857 0.00434796852916
0.5235864752 0.00434936570462
0.523852112544 0.00435082163775
0.524117749888 0.00435233737969
0.524383387231 0.00435391417591
0.524649024575 0.00435555297863
0.524914661919 0.00435725500049
0.525180299263 0.00435902159142
0.525445936606 0.00436085350331
0.52571157395 0.00436275204337
0.525977211294 0.00436471859211
0.526242848638 0.00436675441175
0.526508485981 0.00436886127344
0.526774123325 0.00437104043888
0.527039760669 0.00437329305045
0.527305398012 0.0043756207744
0.527571035356 0.00437802461207
0.5278366727 0.00438050623048
0.528102310044 0.00438306671582
0.528367947387 0.00438570634692
0.528633584731 0.00438842679499
0.528899222075 0.00439122780869
0.529164859419 0.00439411071277
0.529430496762 0.00439707626109
0.529696134106 0.00440012560218
0.52996177145 0.00440326006628
0.530227408794 0.00440648119376
0.530493046137 0.00440979024678
0.530758683481 0.00441318890439
0.531024320825 0.00441667890525
0.531289958168 0.00442026196803
0.531555595512 0.00442393811892
0.531821232856 0.00442770708641
