0.000812182741117 0
0.0010780084349 0
0.00134383412869 0
0.00160965982247 0
0.00187548551626 0
0.00214131121005 0
0.00240713690383 0
0.00267296259762 0
0.0029387882914 0
0.00320461398519 0
0.00347043967898 0
0.00373626537276 0
0.00400209106655 0
0.00426791676033 0
0.00453374245412 0
0.0047995681479 0
0.00506539384169 0
0.00533121953548 0
0.00559704522926 0
0.00586287092305 0
0.00612869661683 0
0.00639452231062 0
0.00666034800441 0
0.00692617369819 0
0.00719199939198 0
0.00745782508576 0
0.00772365077955 0
0.00798947647333 0
0.00825530216712 0
0.00852112786091 0
0.00878695355469 0
0.00905277924848 0
0.00931860494226 0
0.00958443063605 0
0.00985025632984 0
0.0101160820236 0
0.0103819077174 0
0.0106477334112 0
0.010913559105 0
0.0111793847988 0
0.0114452104926 0
0.0117110361863 0
0.0119768618801 0
0.0122426875739 0
0.0125085132677 0
0.0127743389615 0
0.0130401646553 0
0.0133059903491 0
0.0135718160428 0
0.0138376417366 0
0.0141034674304 0
0.0143692931242 -4.22206871927e-07
0.014635118818 -8.08198324224e-07
0.0149009445118 -1.15855984835e-06
0.0151667702056 -1.47395593286e-06
0.0154325958993 -1.7551819544e-06
0.0156984215931 -2.00310347986e-06
0.0159642472869 -2.2185293657e-06
0.0162300729807 -2.40176867389e-06
0.0164958986745 -2.55331919476e-06
0.0167617243683 -2.67368347493e-06
0.0170275500621 -2.76332237524e-06
0.0172933757558 -2.82256209298e-06
0.0175592014496 -2.85134664599e-06
0.0178250271434 -2.84959658561e-06
0.0180908528372 -2.81717861102e-06
0.018356678531 -2.75406034424e-06
0.0186225042248 -2.66025169027e-06
0.0188883299186 -2.53571760376e-06
0.0191541556123 -2.38055474015e-06
0.0194199813061 -2.1946827021e-06
0.0196858069999 -1.97791006498e-06
0.0199516326937 -1.73020340625e-06
0.0202174583875 -1.45163262515e-06
0.0204832840813 -1.14229092848e-06
0.0207491097751 -8.02381381955e-07
0.0210149354688 -4.31866294973e-07
0.0212807611626 -3.05575287511e-08
0.0215465868564 4.01376020417e-07
0.0218124125502 8.63834436647e-07
0.022078238244 1.35687537194e-06
0.0223440639378 1.88058620228e-06
0.0226098896316 2.43495511188e-06
0.0228757153253 3.02042441483e-06
0.0231415410191 3.63748011917e-06
0.0234073667129 4.28646187492e-06
0.0236731924067 4.96776870977e-06
0.0239390181005 5.68182474833e-06
0.0242048437943 6.42898765649e-06
0.0244706694881 7.20940102123e-06
0.0247364951818 8.02364579036e-06
0.0250023208756 8.87217323828e-06
0.0252681465694 9.7553432661e-06
0.0255339722632 1.0673544427e-05
0.025799797957 1.16272052847e-05
0.0260656236508 1.26166658587e-05
0.0263314493446 1.36423892008e-05
0.0265972750383 1.47050697522e-05
0.0268631007321 1.58049628129e-05
0.0271289264259 1.69425187154e-05
0.0273947521197 1.81181425853e-05
0.0276605778135 1.93321418928e-05
0.0279264035073 2.05847805162e-05
0.0281922292011 2.18764607221e-05
0.0284580548948 2.32078139227e-05
0.0287238805886 2.45794088034e-05
0.0289897062824 2.59916586143e-05
0.0292555319762 2.74449785706e-05
0.02952135767 2.89398608765e-05
0.0297871833638 3.04767772823e-05
0.0300530090576 3.20560760505e-05
0.0303188347513 3.36780363587e-05
0.0305846604451 3.53430956259e-05
0.0308504861389 3.7052118437e-05
0.0311163118327 3.88059632695e-05
0.0313821375265 4.0605073573e-05
0.0316479632203 4.24500110428e-05
0.0319137889141 4.43419796589e-05
0.0321796146078 4.62819412419e-05
0.0324454403016 4.82703877823e-05
0.0327112659954 5.03082839976e-05
0.0329770916892 5.23958407888e-05
0.033242917383 5.45333081107e-05
0.0335087430768 5.67216045056e-05
0.0337745687706 5.89609000766e-05
0.0340403944643 6.12523462209e-05
0.0343062201581 6.3597236236e-05
0.0345720458519 6.59964184471e-05
0.0348378715457 6.8449888059e-05
0.0351036972395 7.09578325011e-05
0.0353695229333 7.35210003342e-05
0.0356353486271 7.61401928012e-05
0.0359011743209 7.88164488056e-05
0.0361670000146 8.15510617873e-05
0.0364328257084 8.43448879426e-05
0.0366986514022 8.71986353645e-05
0.036964477096 9.01129863521e-05
0.0372303027898 9.30884300436e-05
0.0374961284836 9.61256903441e-05
0.0377619541774 9.92258156247e-05
0.0380277798711 0.000102389334293
0.0382936055649 0.000105616890224
0.0385594312587 0.000108909127498
0.0388252569525 0.000112266717641
0.0390910826463 0.000115690421788
0.0393569083401 0.00011918133159
0.0396227340339 0.000122740002182
0.0398885597276 0.000126366865638
0.0401543854214 0.000130061920512
0.0404202111152 0.000133825176535
0.040686036809 0.000137657207754
0.0409518625028 0.000141558276674
0.0412176881966 0.000145528443786
0.0414835138904 0.000149567436929
0.0417493395841 0.000153675054207
0.0420151652779 0.000157851219551
0.0422809909717 0.00016209539696
0.0425468166655 0.000166407160021
0.0428126423593 0.000170786021355
0.0430784680531 0.000175231415653
0.0433442937469 0.000179742661543
0.0436101194406 0.000184319073113
0.0438759451344 0.000188960542169
0.0441417708282 0.000193666450208
0.044407596522 0.000198435704211
0.0446734222158 0.000203267220911
0.0449392479096 0.000208159816722
0.0452050736034 0.000213112225872
0.0454708992971 0.000218123037188
0.0457367249909 0.00022319071602
0.0460025506847 0.000228313597335
0.0462683763785 0.000233489776749
0.0465342020723 0.000238716920471
0.0468000277661 0.000243993040238
0.0470658534599 0.000249316428291
0.0473316791536 0.000254684999403
0.0475975048474 0.000260096274022
0.0478633305412 0.000265547763429
0.048129156235 0.000271036962519
0.0483949819288 0.000276561352225
0.0486608076226 0.00028211855967
0.0489266333164 0.000287706066236
0.0491924590101 0.000293321194777
0.0494582847039 0.000298961390642
0.0497241103977 0.000304624032299
0.0499899360915 0.000310344745808
0.0502557617853 0.000316011684557
0.0505215874791 0.000321689021363
0.0507874131729 0.000327360261899
0.0510532388666 0.000333028308185
0.0513190645604 0.000338697471786
0.0515848902542 0.000344371494447
0.051850715948 0.000350053027132
0.0521165416418 0.000355744016764
0.0523823673356 0.000361445836862
0.0526481930294 0.00036715936645
0.0529140187231 0.000372885390394
0.0531798444169 0.000378624059826
0.0534456701107 0.000384374984122
0.0537114958045 0.00039013741524
0.0539773214983 0.000395910329208
0.0542431471921 0.000401692578135
0.0545089728859 0.000407482686671
0.0547747985796 0.000413278916218
0.0550406242734 0.000419079406899
0.0553064499672 0.000424882201566
0.055572275661 0.000430685069792
0.0558381013548 0.000436485562296
0.0561039270486 0.000442281214903
0.0563697527424 0.000448069564156
0.0566355784361 0.000453848239492
0.0569014041299 0.00045961499332
0.0571672298237 0.000465367399905
0.0574330555175 0.000471103016654
0.0576988812113 0.000476819419904
0.0579647069051 0.000482514246804
0.0582305325989 0.000488185300159
0.0584963582926 0.000493830412389
0.0587621839864 0.000499447445698
0.0590280096802 0.000505034363325
0.059293835374 0.000510589181196
0.0595596610678 0.000516110069749
0.0598254867616 0.000521595162811
0.0600913124554 0.000527042818042
0.0603571381491 0.000532451582536
0.0606229638429 0.000537820063872
0.0608887895367 0.000543146981649
0.0611546152305 0.000548431209688
0.0614204409243 0.000553671612697
0.0616862666181 0.000558867248621
0.0619520923119 0.000564017333302
0.0622179180057 0.000569121105679
0.0624837436994 0.000574177939489
0.0627495693932 0.00057918727957
0.063015395087 0.000584148682921
0.0632812207808 0.000589061779495
0.0635470464746 0.00059392629426
0.0638128721684 0.000598742014774
0.0640786978622 0.000603508850879
0.0643445235559 0.000608226795405
0.0646103492497 0.000612895855658
0.0648761749435 0.000617516139955
0.0651420006373 0.000622087786796
0.0654078263311 0.000626610946162
0.0656736520249 0.000631085777713
0.0659394777187 0.00063551258018
0.0662053034124 0.000639891665393
0.0664711291062 0.000644223430915
0.0667369548 0.000648508385276
0.0670027804938 0.000652746985407
0.0672686061876 0.000656939724398
0.0675344318814 0.000661087129997
0.0678002575752 0.000665189713783
0.0680660832689 0.000669248017714
0.0683319089627 0.000673262578369
0.0685977346565 0.000677233810439
0.0688635603503 0.000681162284979
0.0691293860441 0.000685048603521
0.0693952117379 0.000688893363887
0.0696610374317 0.000692697153319
0.0699268631254 0.000696460562446
0.0701926888192 0.000700184111634
0.070458514513 0.000703868233673
0.0707243402068 0.000707513659001
0.0709901659006 0.000711121016074
0.0712559915944 0.000714691053181
0.0715218172882 0.00071822452196
0.0717876429819 0.000721722077363
0.0720534686757 0.000725184532059
0.0723192943695 0.000728612630925
0.0725851200633 0.000732006928857
0.0728509457571 0.000735368138498
0.0731167714509 0.000738697161058
0.0733825971447 0.00074199483717
0.0736484228384 0.000745261877563
0.0739142485322 0.000748498669943
0.074180074226 0.000751705634384
0.0744458999198 0.000754883406029
0.0747117256136 0.000758032855548
0.0749775513074 0.000761154465991
0.0752433770012 0.000764248859429
0.0755092026949 0.000767316887799
0.0757750283887 0.000770359204081
0.0760408540825 0.000773376573523
0.0763066797763 0.000776369761966
0.0765725054701 0.000779339587591
0.0768383311639 0.000782286760548
0.0771041568577 0.000785212212265
0.0773699825514 0.000788116581875
0.0776358082452 0.00079100064855
0.077901633939 0.000793864892037
0.0781674596328 0.000796710307805
0.0784332853266 0.00079953793289
0.0786991110204 0.000802348802315
0.0789649367142 0.000805143838042
0.0792307624079 0.000807923552732
0.0794965881017 0.000810688869398
0.0797624137955 0.0008134406371
0.0800282394893 0.00081617948603
0.0802940651831 0.000818905932774
0.0805598908769 0.000821620472586
0.0808257165707 0.000824323946314
0.0810915422644 0.000827017166523
0.0813573679582 0.000829700958786
0.081623193652 0.000832375949986
0.0818890193458 0.00083504267327
0.0821548450396 0.000837701845144
0.0824206707334 0.000840354199342
0.0826864964272 0.000843000383695
0.0829523221209 0.000845640657351
0.0832181478147 0.000848275267005
0.0834839735085 0.000850904945487
0.0837497992023 0.000853530498917
0.0840156248961 0.000856152464217
0.0842814505899 0.000858771316255
0.0845472762837 0.000861387447537
0.0848131019774 0.000864001036743
0.0850789276712 0.00086661229422
0.085344753365 0.000869221659517
0.0856105790588 0.000871829621435
0.0858764047526 0.000874436463948
0.0861422304464 0.000877042385216
0.0864080561402 0.000879647474529
0.0866738818339 0.000882251560807
0.0869397075277 0.000884854646693
0.0872055332215 0.000887456771619
0.0874713589153 0.000890058166742
0.0877371846091 0.000892658847458
0.0880030103029 0.000895258751865
0.0882688359967 0.000897857646985
0.0885346616905 0.000900455091342
0.0888004873842 0.000903050772225
0.089066313078 0.000905644453216
0.0893321387718 0.000908235952754
0.0895979644656 0.000910825140627
0.0898637901594 0.000913411742511
0.0901296158532 0.000915995440156
0.090395441547 0.000918576026126
0.0906612672407 0.000921153214357
0.0909270929345 0.000923726628809
0.0911929186283 0.000926295892909
0.0914587443221 0.000928860735228
0.0917245700159 0.000931420937839
0.0919903957097 0.000933976356409
0.0922562214035 0.000936526663831
0.0925220470972 0.000939071448799
0.092787872791 0.000941609878552
0.0930536984848 0.000944141371445
0.0933195241786 0.000946665368787
0.0935853498724 0.000949181676667
0.0938511755662 0.000951689930598
0.09411700126 0.000954189816314
0.0943828269537 0.000956681087389
0.0946486526475 0.000959163541258
0.0949144783413 0.000961637025217
0.0951803040351 0.000964101467236
0.0954461297289 0.000966556866546
0.0957119554227 0.000969003420237
0.0959777811165 0.000971441230049
0.0962436068102 0.00097387055495
0.096509432504 0.000976291884
0.0967752581978 0.000978705463144
0.0970410838916 0.000981111461093
0.0973069095854 0.000983510042687
0.0975727352792 0.000985901368695
0.097838560973 0.000988285615792
0.0981043866667 0.00099066306787
0.0983702123605 0.000993034000403
0.0986360380543 0.000995398665556
0.0989018637481 0.000997757340304
0.0991676894419 0.00100011042655
0.0994335151357 0.0010024582886
0.0996993408295 0.00100480128412
0.0999651665232 0.00100713436976
0.100230992217 0.00100944923458
0.100496817911 0.00101175437525
0.100762643605 0.00101402538318
0.101028469298 0.00101625962641
0.101294294992 0.00101845774391
0.101560120686 0.00102062059265
0.10182594638 0.00102274875728
0.102091772074 0.00102484277484
0.102357597767 0.0010269031558
0.102623423461 0.00102893027656
0.102889249155 0.00103092455093
0.103155074849 0.00103288642019
0.103420900542 0.00103481634955
0.103686726236 0.00103671466934
0.10395255193 0.00103858172811
0.104218377624 0.00104041790562
0.104484203318 0.00104222362882
0.104750029011 0.0010439994044
0.105015854705 0.00104574578308
0.105281680399 0.00104746330889
0.105547506093 0.00104915254117
0.105813331787 0.00105081409881
0.10607915748 0.00105244845376
0.106344983174 0.00105405608147
0.106610808868 0.00105563757285
0.106876634562 0.00105719357533
0.107142460255 0.00105872478943
0.107408285949 0.00106023202328
0.107674111643 0.00106171604619
0.107939937337 0.00106317756156
0.108205763031 0.00106461737492
0.108471588724 0.00106603631206
0.108737414418 0.0010674352257
0.109003240112 0.00106881489655
0.109269065806 0.00107017616956
0.1095348915 0.0010715198837
0.109800717193 0.00107284685437
0.110066542887 0.00107415794112
0.110332368581 0.00107545397584
0.110598194275 0.00107673584744
0.110864019968 0.00107800438671
0.111129845662 0.001079260482
0.111395671356 0.00108050502192
0.11166149705 0.00108173891457
0.111927322744 0.00108296305949
0.112193148437 0.00108417834864
0.112458974131 0.00108538571503
0.112724799825 0.00108658606149
0.112990625519 0.00108778033939
0.113256451213 0.00108896938095
0.113522276906 0.00109015411629
0.1137881026 0.00109133548421
0.114053928294 0.00109251440195
0.114319753988 0.00109369172564
0.114585579681 0.00109486839959
0.114851405375 0.00109604535719
0.115117231069 0.0010972234797
0.115383056763 0.00109840362014
0.115648882457 0.00109958661169
0.11591470815 0.00110077336079
0.116180533844 0.00110196478145
0.116446359538 0.00110316177918
0.116712185232 0.00110436529477
0.116978010926 0.00110557626201
0.117243836619 0.00110679547548
0.117509662313 0.00110802388855
0.117775488007 0.00110926254622
0.118041313701 0.00111051244196
0.118307139394 0.00111177454324
0.118572965088 0.0011130497878
0.118838790782 0.00111433913856
0.119104616476 0.00111564352859
0.11937044217 0.00111696384041
0.119636267863 0.00111830102137
0.119902093557 0.00111965599474
0.120167919251 0.00112102964389
0.120433744945 0.00112242286705
0.120699570639 0.00112383658252
0.120965396332 0.00112527168634
0.121231222026 0.00112672907852
0.12149704772 0.00112820947439
0.121762873414 0.00112971374613
0.122028699107 0.00113124278478
0.122294524801 0.00113279746465
0.122560350495 0.00113437869227
0.122826176189 0.00113598755047
0.123092001883 0.00113762504303
0.123357827576 0.00113929218785
0.12362365327 0.00114098983498
0.123889478964 0.00114271881504
0.124155304658 0.00114448003094
0.124421130352 0.00114627411595
0.124686956045 0.00114810200773
0.124952781739 0.00114996410765
0.125218607433 0.00115186126479
0.125484433127 0.00115379442849
0.12575025882 0.0011557641548
0.126016084514 0.00115777147714
0.126281910208 0.00115981725942
0.126547735902 0.0011619022132
0.126813561596 0.00116402733499
0.127079387289 0.00116619346052
0.127345212983 0.00116840087707
0.127611038677 0.0011706500274
0.127876864371 0.00117294185035
0.128142690065 0.00117527733561
0.128408515758 0.00117765752553
0.128674341452 0.00118008321511
0.128940167146 0.00118255469271
0.12920599284 0.00118507303203
0.129471818533 0.00118763924158
0.129737644227 0.00119025426415
0.130003469921 0.00119291869027
0.130269295615 0.00119563302067
0.130535121309 0.00119839819825
0.130800947002 0.00120121516932
0.131066772696 0.00120408477728
0.13133259839 0.00120700770841
0.131598424084 0.00120998467594
0.131864249778 0.00121301664817
0.132130075471 0.00121610451267
0.132395901165 0.00121924905324
0.132661726859 0.00122245053271
0.132927552553 0.00122570933198
0.133193378246 0.00122902626623
0.13345920394 0.00123240238192
0.133725029634 0.0012358382598
0.133990855328 0.00123933448968
0.134256681022 0.00124289145639
0.134522506715 0.00124650969677
0.134788332409 0.0012501900691
0.135054158103 0.00125393335548
0.135319983797 0.00125774044143
0.135585809491 0.00126161179471
0.135851635184 0.00126554753177
0.136117460878 0.00126954793432
0.136383286572 0.00127361323818
0.136649112266 0.00127774374105
0.136914937959 0.00128193979607
0.137180763653 0.0012862018969
0.137446589347 0.00129053025991
0.137712415041 0.00129492485891
0.137978240735 0.00129938456048
0.138244066428 0.0013039091334
0.138509892122 0.00130849830834
0.138775717816 0.00131315170528
0.13904154351 0.00131786911917
0.139307369204 0.00132265012657
0.139573194897 0.00132749433795
0.139839020591 0.00133240159852
0.140104846285 0.00133737162525
0.140370671979 0.00134240364065
0.140636497672 0.00134749674159
0.140902323366 0.00135264988935
0.14116814906 0.00135786195867
0.141433974754 0.00136313182535
0.141699800448 0.00136845812176
0.141965626141 0.00137383940673
0.142231451835 0.00137927366436
0.142497277529 0.00138475903941
0.142763103223 0.00139029378619
0.143028928917 0.00139587646734
0.14329475461 0.00140150498503
0.143560580304 0.00140717710036
0.143826405998 0.00141289038441
0.144092231692 0.00141864248656
0.144358057385 0.00142443102975
0.144623883079 0.00143025376406
0.144889708773 0.00143610854231
0.145155534467 0.00144199302293
0.145421360161 0.00144790470264
0.145687185854 0.00145384150641
0.145953011548 0.00145980118513
0.146218837242 0.00146578117503
0.146484662936 0.00147177884938
0.14675048863 0.00147779150086
0.147016314323 0.00148381638938
0.147282140017 0.00148985076555
0.147547965711 0.00149589215865
0.147813791405 0.00150193792694
0.148079617098 0.00150798527053
0.148345442792 0.00151403154834
0.148611268486 0.00152007422354
0.14887709418 0.00152611056169
0.149142919874 0.00153213783881
0.149408745567 0.00153815339924
0.149674571261 0.00154415465089
0.149940396955 0.00155013906127
0.150206222649 0.00155606172285
0.150472048343 0.00156196413669
0.150737874036 0.00156782659823
0.15100369973 0.00157365150229
0.151269525424 0.00157944390662
0.151535351118 0.00158520820295
0.151801176811 0.00159094802227
0.152067002505 0.00159666623032
0.152332828199 0.0016023653999
0.152598653893 0.00160804754264
0.152864479587 0.00161371457154
0.15313030528 0.0016193677846
0.153396130974 0.00162500808286
0.153661956668 0.00163063609841
0.153927782362 0.00163625217326
0.154193608056 0.00164185648771
0.154459433749 0.00164744893355
0.154725259443 0.00165302920227
0.154991085137 0.00165859682831
0.155256910831 0.00166415130349
0.155522736524 0.00166969199507
0.155788562218 0.00167521815703
0.156054387912 0.00168072895164
0.156320213606 0.00168622353459
0.1565860393 0.0016917010093
0.156851864993 0.00169716037084
0.157117690687 0.00170260056007
0.157383516381 0.00170802046305
0.157649342075 0.00171341899824
0.157915167769 0.00171879509146
0.158180993462 0.00172414773454
0.158446819156 0.0017294758754
0.15871264485 0.00173477847944
0.158978470544 0.00174005452877
0.159244296237 0.00174530302668
0.159510121931 0.001750523045
0.159775947625 0.00175571350178
0.160041773319 0.00176087350566
0.160307599013 0.00176600221307
0.160573424706 0.00177109894565
0.1608392504 0.00177616295729
0.161105076094 0.001781193527
0.161370901788 0.00178619005359
0.161636727482 0.00179115195519
0.161902553175 0.00179607871398
0.162168378869 0.00180096983158
0.162434204563 0.00180582488578
0.162700030257 0.00181064350665
0.16296585595 0.00181542537776
0.163231681644 0.00182017022739
0.163497507338 0.00182487780266
0.163763333032 0.00182954790749
0.164029158726 0.00183418042352
0.164294984419 0.00183877525014
0.164560810113 0.00184333232961
0.164826635807 0.0018478516212
0.165092461501 0.00185233313373
0.165358287195 0.00185677681478
0.165624112888 0.00186118263797
0.165889938582 0.0018655507488
0.166155764276 0.00186988129055
0.16642158997 0.00187417442393
0.166687415663 0.00187843033751
0.166953241357 0.00188264925041
0.167219067051 0.00188683138075
0.167484892745 0.00189097694593
0.167750718439 0.00189508619916
0.168016544132 0.00189915944346
0.168282369826 0.0019031969453
0.16854819552 0.00190719881651
0.168814021214 0.00191116535671
0.169079846908 0.00191509690089
0.169345672601 0.0019189937428
0.169611498295 0.00192285618525
0.169877323989 0.0019266845432
0.170143149683 0.00193047900042
0.170408975376 0.00193423993168
0.17067480107 0.00193796772339
0.170940626764 0.00194166291628
0.171206452458 0.001945326132
0.171472278152 0.00194895775253
0.171738103845 0.00195255821672
0.172003929539 0.00195612802871
0.172269755233 0.00195966778928
0.172535580927 0.00196317790746
0.172801406621 0.00196665902001
0.173067232314 0.00197011172007
0.173333058008 0.00197353658328
0.173598883702 0.00197693393501
0.173864709396 0.00198030414386
0.174130535089 0.0019836475672
0.174396360783 0.0019869648415
0.174662186477 0.00199025643088
0.174928012171 0.00199352247308
0.175193837865 0.0019967636675
0.175459663558 0.00199998068911
0.175725489252 0.00200317394953
0.175991314946 0.00200634428787
0.17625714064 0.00200949227741
0.176522966334 0.00201261848642
0.176788792027 0.00201572363023
0.177054617721 0.00201880827706
0.177320443415 0.00202187302149
0.177586269109 0.00202491823691
0.177852094802 0.00202794488089
0.178117920496 0.00203095384059
0.17838374619 0.0020339460783
0.178649571884 0.0020369222937
0.178915397578 0.00203988291706
0.179181223271 0.00204282878181
0.179447048965 0.00204576062131
0.179712874659 0.00204867902098
0.179978700353 0.00205158433257
0.180244526047 0.00205447700405
0.18051035174 0.00205735777914
0.180776177434 0.00206022743335
0.181042003128 0.00206308665613
0.181307828822 0.00206593592216
0.181573654516 0.00206877574723
0.181839480209 0.00207160675854
0.182105305903 0.00207442941629
0.182371131597 0.00207724423889
0.182636957291 0.0020800514299
0.182902782984 0.00208285146243
0.183168608678 0.00208564486899
0.183434434372 0.00208843215356
0.183700260066 0.00209121355509
0.18396608576 0.00209398918514
0.184231911453 0.00209675924253
0.184497737147 0.00209952395899
0.184763562841 0.00210228361537
0.185029388535 0.00210503864377
0.185295214229 0.0021077893533
0.185561039922 0.00211053557308
0.185826865616 0.00211327726481
0.18609269131 0.00211601440108
0.186358517004 0.00211874690881
0.186624342697 0.00212147465006
0.186890168391 0.00212419758054
0.187155994085 0.00212691571418
0.187421819779 0.00212962897087
0.187687645473 0.00213233689394
0.187953471166 0.00213503881738
0.18821929686 0.00213773448186
0.188485122554 0.00214042363873
0.188750948248 0.00214310601156
0.189016773942 0.0021457812979
0.189282599635 0.00214844921339
0.189548425329 0.00215110941004
0.189814251023 0.00215376162346
0.190080076717 0.00215640574819
0.19034590241 0.00215904149457
0.190611728104 0.00216166854595
0.190877553798 0.00216428657759
0.191143379492 0.00216689526731
0.191409205186 0.00216949436319
0.191675030879 0.00217208364345
0.191940856573 0.00217466259384
0.192206682267 0.00217723042503
0.192472507961 0.00217978687103
0.192738333655 0.00218233165001
0.193004159348 0.00218486457027
0.193269985042 0.00218738532991
0.193535810736 0.00218989354203
0.19380163643 0.00219238887779
0.194067462123 0.0021948711179
0.194333287817 0.00219734011408
0.194599113511 0.00219979589152
0.194864939205 0.0022022387314
0.195130764899 0.00220466886319
0.195396590592 0.00220708629153
0.195662416286 0.00220949125927
0.19592824198 0.00221188428176
0.196194067674 0.00221426565313
0.196459893368 0.00221663563366
0.196725719061 0.00221899449283
0.196991544755 0.0022213424879
0.197257370449 0.00222367988997
0.197523196143 0.00222600700319
0.197789021836 0.00222832423314
0.19805484753 0.00223063187534
0.198320673224 0.00223293032076
0.198586498918 0.00223522003618
0.198852324612 0.00223750145183
0.199118150305 0.00223977500875
0.199383975999 0.00224204116274
0.199649801693 0.00224430041861
0.199915627387 0.00224655329233
0.200181453081 0.00224878630474
0.200447278774 0.00225100729432
0.200713104468 0.0022531910451
0.200978930162 0.00225533532298
0.201244755856 0.00225744131341
0.201510581549 0.0022595105147
0.201776407243 0.00226154401274
0.202042232937 0.00226354264259
0.202308058631 0.00226550713723
0.202573884325 0.00226743821324
0.202839710018 0.0022693365517
0.203105535712 0.00227120273844
0.203371361406 0.00227303722823
0.2036371871 0.00227484039073
0.203903012794 0.0022766127252
0.204168838487 0.00227835476917
0.204434664181 0.00228006708114
0.204700489875 0.00228175020655
0.204966315569 0.00228340470235
0.205232141262 0.00228503114102
0.205497966956 0.00228662999746
0.20576379265 0.00228820181785
0.206029618344 0.00228974720771
0.206295444038 0.00229126677203
0.206561269731 0.0022927611854
0.206827095425 0.00229423115408
0.207092921119 0.00229567732757
0.207358746813 0.00229710037312
0.207624572507 0.00229850100878
0.2078903982 0.00229987996867
0.208156223894 0.00230123805531
0.208422049588 0.00230257604424
0.208687875282 0.00230389477843
0.208953700975 0.00230519509022
0.209219526669 0.00230647782157
0.209485352363 0.00230774382159
0.209751178057 0.00230899390998
0.210017003751 0.00231022897644
0.210282829444 0.00231144985894
0.210548655138 0.00231265736569
0.210814480832 0.00231385231773
0.211080306526 0.00231503555159
0.21134613222 0.00231620798484
0.211611957913 0.00231737053185
0.211877783607 0.00231852409074
0.212143609301 0.00231966945596
0.212409434995 0.0023208075174
0.212675260688 0.00232193917375
0.212941086382 0.00232306532553
0.213206912076 0.00232418682692
0.21347273777 0.00232530453498
0.213738563464 0.00232641937763
0.214004389157 0.00232753227885
0.214270214851 0.00232864410464
0.214536040545 0.00232975568052
0.214801866239 0.00233086788973
0.215067691933 0.00233198162652
0.215333517626 0.0023330977816
0.21559934332 0.00233421719472
0.215865169014 0.0023353407108
0.216130994708 0.00233646924205
0.216396820401 0.00233760366991
0.216662646095 0.0023387448872
0.216928471789 0.0023398937668
0.217194297483 0.00234105117703
0.217460123177 0.00234221793357
0.21772594887 0.00234339493315
0.217991774564 0.00234458306444
0.218257600258 0.00234578338585
0.218523425952 0.00234699681448
0.218789251646 0.00234822429961
0.219055077339 0.00234946679547
0.219320903033 0.00235072517643
0.219586728727 0.00235200035497
0.219852554421 0.00235329326856
0.220118380114 0.0023546048137
0.220384205808 0.00235593584087
0.220650031502 0.00235728726391
0.220915857196 0.00235865998238
0.22118168289 0.0023600548861
0.221447508583 0.00236147280458
0.221713334277 0.00236291448787
0.221979159971 0.00236438084489
0.222244985665 0.00236587274561
0.222510811359 0.00236739103167
0.222776637052 0.00236893643767
0.223042462746 0.00237051014008
0.22330828844 0.0023721131698
0.223574114134 0.00237374652733
0.223839939827 0.00237541094734
0.224105765521 0.00237710733653
0.224371591215 0.00237883640015
0.224637416909 0.00238059898413
0.224903242603 0.00238239578385
0.225169068296 0.00238422737108
0.22543489399 0.00238609469321
0.225700719684 0.00238799853916
0.225966545378 0.00238993956882
0.226232371072 0.00239191870737
0.226498196765 0.00239393677337
0.226764022459 0.00239599459173
0.227029848153 0.00239809317045
0.227295673847 0.00240023285247
0.22756149954 0.00240241424488
0.227827325234 0.00240463797991
0.228093150928 0.00240690504199
0.228358976622 0.00240921642183
0.228624802316 0.00241157309775
0.228890628009 0.00241397525784
0.229156453703 0.00241642383801
0.229422279397 0.00241891990077
0.229688105091 0.00242146440356
0.229953930785 0.00242405831977
0.230219756478 0.00242670180707
0.230485582172 0.00242939581441
0.230751407866 0.00243214124021
0.23101723356 0.00243493898467
0.231283059253 0.00243778983567
0.231548884947 0.00244069437149
0.231814710641 0.00244365355005
0.232080536335 0.00244666833285
0.232346362029 0.00244973950749
0.232612187722 0.00245286784577
0.232878013416 0.00245605322941
0.23314383911 0.00245929652139
0.233409664804 0.00246259858625
0.233675490498 0.00246596023502
0.233941316191 0.00246938212855
0.234207141885 0.00247286465173
0.234472967579 0.00247640839416
0.234738793273 0.00248001400141
0.235004618966 0.00248368246379
0.23527044466 0.00248741452851
0.235536270354 0.00249121093744
0.235802096048 0.00249507183917
0.236067921742 0.00249899755127
0.236333747435 0.00250298837123
0.236599573129 0.0025070444965
0.236865398823 0.0025111663184
0.237131224517 0.00251535424892
0.237397050211 0.00251960871655
0.237662875904 0.00252392988652
0.237928701598 0.00252831683126
0.238194527292 0.00253276917205
0.238460352986 0.00253728670373
0.238726178679 0.00254186912915
0.238992004373 0.00254651607326
0.239257830067 0.00255122732633
0.239523655761 0.00255600252212
0.239789481455 0.00256084125425
0.240055307148 0.00256574363231
0.240321132842 0.00257070906845
0.240586958536 0.00257573673779
0.24085278423 0.00258082566798
0.241118609924 0.00258597480997
0.241384435617 0.00259118295986
0.241650261311 0.00259644889155
0.241916087005 0.0026017713191
0.242181912699 0.00260714827264
0.242447738392 0.00261257800158
0.242713564086 0.00261805873201
0.24297938978 0.00262358893094
0.243245215474 0.00262916682915
0.243511041168 0.00263479017349
0.243776866861 0.00264045660801
0.244042692555 0.00264616382333
0.244308518249 0.00265190948224
0.244574343943 0.00265769123724
0.244840169637 0.00266350698156
0.24510599533 0.00266935454118
0.245371821024 0.00267523151613
0.245637646718 0.00268113543093
0.245903472412 0.00268706438337
0.246169298105 0.00269301586906
0.246435123799 0.00269898727206
0.246700949493 0.00270497592704
0.246966775187 0.00271097911512
0.247232600881 0.00271699408918
0.247498426574 0.00272301814726
0.247764252268 0.00272904882559
0.248030077962 0.00273508333581
0.248295903656 0.00274111889521
0.24856172935 0.00274715310922
0.248827555043 0.00275318322984
0.249093380737 0.00275920650038
0.249359206431 0.00276522020076
0.249625032125 0.00277122169131
0.249890857818 0.00277720838628
0.250156683512 0.00278313747244
0.250422509206 0.0027890480845
0.2506883349 0.00279492045247
0.250954160594 0.00280075685027
0.251219986287 0.00280656233854
0.251485811981 0.00281234125672
0.251751637675 0.00281809714423
0.252017463369 0.00282383279405
0.252283289063 0.00282955068232
0.252549114756 0.00283525272033
0.25281494045 0.00284094067103
0.253080766144 0.00284661589819
0.253346591838 0.00285227924932
0.253612417531 0.0028579312866
0.253878243225 0.00286357230828
0.254144068919 0.00286920237151
0.254409894613 0.00287482138214
0.254675720307 0.0028804289783
0.254941546 0.00288602463624
0.255207371694 0.00289160769965
0.255473197388 0.00289717754436
0.255739023082 0.00290273335776
0.256004848776 0.00290827427555
0.256270674469 0.00291379945696
0.256536500163 0.00291930792746
0.256802325857 0.0029247986025
0.257068151551 0.00293027041841
0.257333977244 0.00293572223125
0.257599802938 0.00294115287007
0.257865628632 0.0029465612499
0.258131454326 0.00295194630332
0.25839728002 0.0029573069828
0.258663105713 0.00296264220343
0.258928931407 0.00296795095835
0.259194757101 0.00297323219439
0.259460582795 0.00297848492485
0.259726408489 0.00298370807866
0.259992234182 0.00298890070901
0.260258059876 0.00299406199412
0.26052388557 0.00299919119002
0.260789711264 0.0030042875518
0.261055536957 0.00300935036966
0.261321362651 0.00301437899422
0.261587188345 0.00301937280713
0.261853014039 0.00302433126835
0.262118839733 0.00302925388858
0.262384665426 0.00303414022941
0.26265049112 0.00303898991619
0.262916316814 0.00304380261853
0.263182142508 0.00304857804704
0.263447968202 0.00305331595542
0.263713793895 0.00305801613982
0.263979619589 0.00306267843847
0.264245445283 0.00306730276609
0.264511270977 0.00307188904657
0.26477709667 0.00307643725051
0.265042922364 0.00308094738796
0.265308748058 0.00308541940461
0.265574573752 0.00308985325995
0.265840399446 0.00309424912771
0.266106225139 0.0030986071159
0.266372050833 0.0031029273797
0.266637876527 0.00310721009749
0.266903702221 0.00311145550604
0.267169527915 0.00311566381537
0.267435353608 0.00311983524986
0.267701179302 0.00312397005314
0.267967004996 0.00312806855752
0.26823283069 0.00313213103023
0.268498656383 0.00313615755647
0.268764482077 0.00314014843636
0.269030307771 0.00314410400653
0.269296133465 0.00314802456889
0.269561959159 0.0031519104188
0.269827784852 0.00315576186139
0.270093610546 0.00315957912401
0.27035943624 0.00316336254933
0.270625261934 0.00316711252555
0.270891087628 0.00317082959793
0.271156913321 0.00317451438634
0.271422739015 0.00317816730782
0.271688564709 0.003181788769
0.271954390403 0.00318537925445
0.272220216096 0.00318893939227
0.27248604179 0.00319246961464
0.272751867484 0.00319597054311
0.273017693178 0.00319944276125
0.273283518872 0.0032028868361
0.273549344565 0.00320630313352
0.273815170259 0.003209692028
0.274080995953 0.00321305390698
0.274346821647 0.0032163893422
0.274612647341 0.00321969886268
0.274878473034 0.00322298253824
0.275144298728 0.00322624107753
0.275410124422 0.00322947515161
0.275675950116 0.00323268519047
0.275941775809 0.00323587202773
0.276207601503 0.00323903622792
0.276473427197 0.0032421783631
0.276739252891 0.00324529913363
0.277005078585 0.00324839914588
0.277270904278 0.00325147897333
0.277536729972 0.00325453897586
0.277802555666 0.00325758010194
0.27806838136 0.00326060324761
0.278334207054 0.00326360937874
0.278600032747 0.00326659922349
0.278865858441 0.00326957318875
0.279131684135 0.0032725321069
0.279397509829 0.00327547672168
0.279663335522 0.00327840761932
0.279929161216 0.00328132519293
0.28019498691 0.00328422984319
0.280460812604 0.00328712231479
0.280726638298 0.0032900033948
0.280992463991 0.00329287376946
0.281258289685 0.00329573393631
0.281524115379 0.00329858438245
0.281789941073 0.00330142574353
0.282055766767 0.00330425849162
0.28232159246 0.00330708313475
0.282587418154 0.00330989990169
0.282853243848 0.0033127092451
0.283119069542 0.00331551169678
0.283384895235 0.00331830775801
0.283650720929 0.00332109767827
0.283916546623 0.00332388158137
0.284182372317 0.00332665965881
0.284448198011 0.00332943214056
0.284714023704 0.0033321992916
0.284979849398 0.00333496155843
0.285245675092 0.00333771923838
0.285511500786 0.00334047216892
0.28577732648 0.0033432203156
0.286043152173 0.00334596365522
0.286308977867 0.00334870212084
0.286574803561 0.00335143556526
0.286840629255 0.00335416394646
0.287106454948 0.00335688727143
0.287372280642 0.00335960546214
0.287638106336 0.00336231807293
0.28790393203 0.00336502442817
0.288169757724 0.00336772427246
0.288435583417 0.00337041735436
0.288701409111 0.00337310340138
0.288967234805 0.00337578210158
0.289233060499 0.00337845317894
0.289498886193 0.00338111628495
0.289764711886 0.00338377116633
0.29003053758 0.00338641770907
0.290296363274 0.00338905563002
0.290562188968 0.00339168461052
0.290828014661 0.0033943043265
0.291093840355 0.00339691445854
0.291359666049 0.0033995147472
0.291625491743 0.00340210498261
0.291891317437 0.00340468465844
0.29215714313 0.00340725298554
0.292422968824 0.00340980969855
0.292688794518 0.00341235451659
0.292954620212 0.00341488725145
0.293220445906 0.00341740762059
0.293486271599 0.00341991525014
0.293752097293 0.00342240979862
0.294017922987 0.00342489104083
0.294283748681 0.00342735882851
0.294549574374 0.0034298131935
0.294815400068 0.00343225441296
0.295081225762 0.0034346827168
0.295347051456 0.00343709811039
0.29561287715 0.00343950083004
0.295878702843 0.00344189139561
0.296144528537 0.00344427010642
0.296410354231 0.00344663723129
0.296676179925 0.0034489930411
0.296942005619 0.00345133779648
0.297207831312 0.00345367177142
0.297473657006 0.00345599527291
0.2977394827 0.00345830871274
0.298005308394 0.00346061238744
0.298271134087 0.00346290669388
0.298536959781 0.00346519210572
0.298802785475 0.00346746905575
0.299068611169 0.00346973798759
0.299334436863 0.00347199936263
0.299600262556 0.0034742536901
0.29986608825 0.00347650148949
0.300131913944 0.00347872931261
0.300397739638 0.00348094497381
0.300663565332 0.00348312326469
0.300929391025 0.00348526195991
0.301195216719 0.0034873622585
0.301461042413 0.00348942567165
0.301726868107 0.00349145329708
0.3019926938 0.0034934459732
0.302258519494 0.00349540443352
0.302524345188 0.0034973294092
0.302790170882 0.00349922158207
0.303055996576 0.00350108154448
0.303321822269 0.00350290975866
0.303587647963 0.00350470660486
0.303853473657 0.00350647258125
0.304119299351 0.00350820822976
0.304385125045 0.00350991411313
0.304650950738 0.00351159078071
0.304916776432 0.00351323879099
0.305182602126 0.00351485871883
0.30544842782 0.00351645104531
0.305714253513 0.00351801631636
0.305980079207 0.00351955513408
0.306245904901 0.00352106811516
0.306511730595 0.0035225559297
0.306777556289 0.00352401928637
0.307043381982 0.00352545883726
0.307309207676 0.00352687524783
0.30757503337 0.00352826923559
0.307840859064 0.00352964153502
0.308106684758 0.00353099292626
0.308372510451 0.00353232418859
0.308638336145 0.00353363616687
0.308904161839 0.00353492969327
0.309169987533 0.00353620560825
0.309435813226 0.00353746476112
0.30970163892 0.0035387079731
0.309967464614 0.00353993613272
0.310233290308 0.0035411500761
0.310499116002 0.00354235061764
0.310764941695 0.00354353857721
0.311030767389 0.0035447147812
0.311296593083 0.00354588014771
0.311562418777 0.00354703559045
0.311828244471 0.00354818200674
0.312094070164 0.00354932019686
0.312359895858 0.0035504510414
0.312625721552 0.00355157543617
0.312891547246 0.00355269428056
0.31315737294 0.00355380843798
0.313423198633 0.00355491875365
0.313689024327 0.00355602615645
0.313954850021 0.00355713157047
0.314220675715 0.00355823587034
0.314486501408 0.00355933986857
0.314752327102 0.00356044444721
0.315018152796 0.00356155050127
0.31528397849 0.00356265892495
0.315549804184 0.00356377056442
0.315815629877 0.00356488625077
0.316081455571 0.00356600689768
0.316347281265 0.00356713339113
0.316613106959 0.0035682666176
0.316878932653 0.00356940744742
0.317144758346 0.00357055676268
0.31741058404 0.00357171536341
0.317676409734 0.0035728841489
0.317942235428 0.00357406398741
0.318208061121 0.0035752559075
0.318473886815 0.0035764608477
0.318739712509 0.00357767975497
0.319005538203 0.00357891358228
0.319271363897 0.00358016322223
0.31953718959 0.00358142956956
0.319803015284 0.00358271356407
0.320068840978 0.00358401611664
0.320334666672 0.00358533806454
0.320600492366 0.00358668032198
0.320866318059 0.00358804378744
0.321132143753 0.00358942935342
0.321397969447 0.00359083788591
0.321663795141 0.0035922700948
0.321929620834 0.00359372689203
0.322195446528 0.00359520914994
0.322461272222 0.00359671773722
0.322727097916 0.00359825336076
0.32299292361 0.00359981711801
0.323258749303 0.00360141008132
0.323524574997 0.00360303325526
0.323790400691 0.00360468743397
0.324056226385 0.00360637349237
0.324322052079 0.00360809216379
0.324587877772 0.00360984424077
0.324853703466 0.00361163053679
0.32511952916 0.00361345151472
0.325385354854 0.00361530811804
0.325651180547 0.00361720120182
0.325917006241 0.00361913137736
0.326182831935 0.00362109954788
0.326448657629 0.0036231065811
0.326714483323 0.00362515323373
0.326980309016 0.00362724056708
0.32724613471 0.00362936899672
0.327511960404 0.00363153912139
0.327777786098 0.00363375147125
0.328043611792 0.00363600703492
0.328309437485 0.00363830678431
0.328575263179 0.00364065173584
0.328841088873 0.00364304225737
0.329106914567 0.00364547901323
0.32937274026 0.0036479631189
0.329638565954 0.00365049554992
0.329904391648 0.00365307731438
0.330170217342 0.003655708654
0.330436043036 0.00365839039752
0.330701868729 0.00366112344634
0.330967694423 0.00366390872559
0.331233520117 0.00366674707158
0.331499345811 0.00366963898082
0.331765171505 0.00367258542038
0.332030997198 0.00367558734856
0.332296822892 0.00367864558073
0.332562648586 0.00368176105732
0.33282847428 0.00368493349113
0.333094299973 0.00368816377076
0.333360125667 0.00369145270217
0.333625951361 0.00369480112682
0.333891777055 0.00369820976663
0.334157602749 0.00370167898448
0.334423428442 0.00370520936851
0.334689254136 0.003708801558
0.33495507983 0.00371245647031
0.335220905524 0.00371617486873
0.335486731218 0.00371995761005
0.335752556911 0.00372380484001
0.336018382605 0.00372771687709
0.336284208299 0.00373169402822
0.336550033993 0.00373573651677
0.336815859686 0.00373984465395
0.33708168538 0.00374401886096
0.337347511074 0.00374825960217
0.337613336768 0.00375256709388
0.337879162462 0.00375694060424
0.338144988155 0.00376137959922
0.338410813849 0.00376588388211
0.338676639543 0.00377045317688
0.338942465237 0.00377508709172
0.339208290931 0.00377978541935
0.339474116624 0.00378454782342
0.339739942318 0.00378937388862
0.340005768012 0.00379426364555
0.340271593706 0.00379921665392
0.340537419399 0.00380423211776
0.340803245093 0.00380930908332
0.341069070787 0.00381444651547
0.341334896481 0.00381964326399
0.341600722175 0.0038248980445
0.341866547868 0.00383020961508
0.342132373562 0.00383557612504
0.342398199256 0.00384099578125
0.34266402495 0.00384646682219
0.342929850644 0.00385198762874
0.343195676337 0.0038575565605
0.343461502031 0.00386317141906
0.343727327725 0.00386882982936
0.343993153419 0.00387452948472
0.344258979112 0.00388026805273
0.344524804806 0.0038860431718
0.3447906305 0.00389185269452
0.345056456194 0.00389769449344
0.345322281888 0.00390356621498
0.345588107581 0.00390946525528
0.345853933275 0.00391538981057
0.346119758969 0.00392133740723
0.346385584663 0.00392730543716
0.346651410357 0.00393329124281
0.34691723605 0.00393929211196
0.347183061744 0.00394530529882
0.347448887438 0.00395132805721
0.347714713132 0.00395735794193
0.347980538825 0.00396339219803
0.348246364519 0.00396942801253
0.348512190213 0.00397546295421
0.348778015907 0.00398149432532
0.349043841601 0.00398751936335
0.349309667294 0.00399353534
0.349575492988 0.00399953959632
0.349841318682 0.00400552953584
0.350107144376 0.00401146247194
0.35037297007 0.00401737736143
0.350638795763 0.00402325441552
0.350904621457 0.00402909592084
0.351170447151 0.00403490690998
0.351436272845 0.00404069171644
0.351702098538 0.00404645386135
0.351967924232 0.00405219610977
0.352233749926 0.00405792091515
0.35249957562 0.00406363016675
0.352765401314 0.00406932556399
0.353031227007 0.00407500849531
0.353297052701 0.00408067979363
0.353562878395 0.00408633999571
0.353828704089 0.00409198939423
0.354094529783 0.00409762801964
0.354360355476 0.0041032557629
0.35462618117 0.00410887225471
0.354892006864 0.0041144769546
0.355157832558 0.00412006918931
0.355423658251 0.00412564829155
0.355689483945 0.00413121344603
0.355955309639 0.00413676377833
0.356221135333 0.00414229842618
0.356486961027 0.00414781641712
0.35675278672 0.00415331665157
0.357018612414 0.00415879804212
0.357284438108 0.00416425944724
0.357550263802 0.00416969968701
0.357816089496 0.00417511764632
0.358081915189 0.00418051224338
0.358347740883 0.00418588243568
0.358613566577 0.00419122712913
0.358879392271 0.00419654529719
0.359145217964 0.00420183589444
0.359411043658 0.00420709791456
0.359676869352 0.00421233030641
0.359942695046 0.00421753209464
0.36020852074 0.00422270244803
0.360474346433 0.00422784062605
0.360740172127 0.00423294587369
0.361005997821 0.00423801747876
0.361271823515 0.00424305479542
0.361537649209 0.00424805719817
0.361803474902 0.00425302413631
0.362069300596 0.00425795512867
0.36233512629 0.00426284972841
0.362600951984 0.00426770755753
0.362866777677 0.00427252829002
0.363132603371 0.00427731163079
0.363398429065 0.00428205733893
0.363664254759 0.0042867652068
0.363930080453 0.00429143507593
0.364195906146 0.00429606685091
0.36446173184 0.00430066046067
0.364727557534 0.00430521587906
0.364993383228 0.00430973311235
0.365259208922 0.0043142121393
0.365525034615 0.00431865288997
0.365790860309 0.00432305552748
0.366056686003 0.0043274201775
0.366322511697 0.00433174699041
0.36658833739 0.00433603614301
0.366854163084 0.00434028787786
0.367119988778 0.00434450240724
0.367385814472 0.00434867996019
0.367651640166 0.00435282077102
0.367917465859 0.00435692516574
0.368183291553 0.00436099344839
0.368449117247 0.00436502570241
0.368714942941 0.00436902220894
0.368980768635 0.00437298331178
0.369246594328 0.00437690931775
0.369512420022 0.00438080052581
0.369778245716 0.00438465724226
0.37004407141 0.0043884797297
0.370309897103 0.00439226827413
0.370575722797 0.00439602327874
0.370841548491 0.00439974525905
0.371107374185 0.00440343481771
0.371373199879 0.00440709245147
0.371639025572 0.00441071852777
0.371904851266 0.00441431353331
0.37217067696 0.00441787805613
0.372436502654 0.00442141260331
0.372702328348 0.00442491772079
0.372968154041 0.0044283940218
0.373233979735 0.00443184207615
0.373499805429 0.00443526230731
0.373765631123 0.00443865507103
0.374031456816 0.00444202073505
0.37429728251 0.0044453598339
0.374563108204 0.0044486729834
0.374828933898 0.00445196021961
0.375094759592 0.00445522217953
0.375360585285 0.00445845959837
0.375626410979 0.00446167285988
0.375892236673 0.00446486280514
0.376158062367 0.00446803001443
0.376423888061 0.00447117506406
0.376689713754 0.00447429861568
0.376955539448 0.00447740134958
0.377221365142 0.00448048374712
0.377487190836 0.00448354627555
0.377753016529 0.00448658976015
0.378018842223 0.00448961510323
0.378284667917 0.00449262328621
0.378550493611 0.00449561505535
0.378816319305 0.0044985908658
0.379082144998 0.00450155150012
0.379347970692 0.00450449771625
0.379613796386 0.00450743011471
0.37987962208 0.00451034918559
0.380145447774 0.00451325520976
0.380411273467 0.00451614892798
0.380677099161 0.00451903112092
0.380942924855 0.00452190249832
0.381208750549 0.00452476361678
0.381474576242 0.00452761490759
0.381740401936 0.00453045700598
0.38200622763 0.00453329044182
0.382272053324 0.00453611566899
0.382537879018 0.00453893303443
0.382803704711 0.0045417428601
0.383069530405 0.00454454571923
0.383335356099 0.00454734210222
0.383601181793 0.00455013231557
0.383867007487 0.00455291650843
0.38413283318 0.00455569484208
0.384398658874 0.0045584675494
0.384664484568 0.0045612348717
0.384930310262 0.00456399725313
0.385196135955 0.00456675502265
0.385461961649 0.00456950807325
0.385727787343 0.00457225635543
0.385993613037 0.00457499984231
0.386259438731 0.004577738489
0.386525264424 0.00458047214491
0.386791090118 0.00458320075306
0.387056915812 0.00458592430508
0.387322741506 0.00458864274692
0.3875885672 0.00459135577203
0.387854392893 0.00459406259821
0.388120218587 0.00459676296826
0.388386044281 0.00459945663198
0.388651869975 0.00460214332252
0.388917695668 0.0046048227128
0.389183521362 0.00460749455659
0.389449347056 0.00461015849898
0.38971517275 0.00461281425015
0.389980998444 0.00461546170689
0.390246824137 0.00461810060798
0.390512649831 0.004620730637
0.390778475525 0.0046233514678
0.391044301219 0.00462596278288
0.391310126913 0.0046285642898
0.391575952606 0.00463115580683
0.3918417783 0.00463373696348
0.392107603994 0.00463630682298
0.392373429688 0.00463886513114
0.392639255381 0.00464141160201
0.392905081075 0.00464394602419
0.393170906769 0.00464646815895
0.393436732463 0.00464897763606
0.393702558157 0.00465147409024
0.39396838385 0.00465395727973
0.394234209544 0.004656427044
0.394500035238 0.00465888334257
0.394765860932 0.00466132646799
0.395031686626 0.00466375665231
0.395297512319 0.00466617395197
0.395563338013 0.00466857846878
0.395829163707 0.00467097077879
0.396094989401 0.00467335119524
0.396360815094 0.00467571998436
0.396626640788 0.00467807741748
0.396892466482 0.00468042375507
0.397158292176 0.00468275926795
0.39742411787 0.00468508424778
0.397689943563 0.00468739910918
0.397955769257 0.00468970415449
0.398221594951 0.00469199975168
0.398487420645 0.00469428638031
0.398753246339 0.00469656447548
0.399019072032 0.00469883447502
0.399284897726 0.00470109683797
0.39955072342 0.00470335206223
0.399816549114 0.00470560066861
0.400082374807 0.00470782948146
0.400348200501 0.00471004599825
0.400614026195 0.00471222501402
0.400879851889 0.00471436436595
0.401145677583 0.00471646520165
0.401411503276 0.00471852904
0.40167732897 0.00472055698265
0.401943154664 0.00472254986381
0.402208980358 0.00472450841412
0.402474806052 0.00472643334684
0.402740631745 0.00472832534581
0.403006457439 0.00473018501434
0.403272283133 0.00473201283149
0.403538108827 0.00473380917245
0.40380393452 0.00473557452185
0.404069760214 0.00473730942046
0.404335585908 0.00473901442876
0.404601411602 0.00474069010427
0.404867237296 0.00474233700704
0.405133062989 0.00474395571289
0.405398888683 0.00474554672868
0.405664714377 0.0047471105893
0.405930540071 0.00474864788792
0.406196365765 0.00475015923701
0.406462191458 0.00475164530311
0.406728017152 0.00475310679455
0.406993842846 0.00475454438858
0.40725966854 0.00475595873626
0.407525494233 0.00475735055028
0.407791319927 0.00475872056678
0.408057145621 0.00476006955721
0.408322971315 0.00476139829533
0.408588797009 0.0047627076213
0.408854622702 0.00476399837612
0.409120448396 0.00476527139784
0.40938627409 0.00476652753632
0.409652099784 0.00476776761375
0.409917925478 0.00476899251211
0.410183751171 0.00477020307923
0.410449576865 0.00477140013769
0.410715402559 0.00477258449889
0.410981228253 0.00477375698539
0.411247053946 0.00477491851278
0.41151287964 0.00477606999597
0.411778705334 0.00477721234163
0.412044531028 0.00477834635493
0.412310356722 0.00477947291246
0.412576182415 0.00478059290798
0.412842008109 0.00478170724006
0.413107833803 0.00478281678598
0.413373659497 0.00478392237918
0.413639485191 0.00478502494662
0.413905310884 0.00478612541391
0.414171136578 0.00478722468073
0.414436962272 0.00478832354115
0.414702787966 0.00478942287945
0.414968613659 0.00479052358843
0.415234439353 0.00479162656801
0.415500265047 0.00479273267772
0.415766090741 0.00479384272908
0.416031916435 0.00479495763837
0.416297742128 0.00479607830312
0.416563567822 0.00479720559659
0.416829393516 0.00479834040045
0.41709521921 0.00479948360352
0.417361044904 0.00480063599734
0.417626870597 0.00480179847572
0.417892696291 0.0048029719152
0.418158521985 0.00480415728104
0.418424347679 0.00480535555486
0.418690173372 0.00480656767146
0.418955999066 0.00480779459045
0.41922182476 0.00480903722115
0.419487650454 0.00481029643884
0.419753476148 0.00481157318761
0.420019301841 0.00481286839031
0.420285127535 0.00481418287928
0.420550953229 0.00481551756824
0.420816778923 0.00481687335289
0.421082604617 0.00481825112879
0.42134843031 0.00481965178539
0.421614256004 0.00482107602083
0.421880081698 0.00482252473247
0.422145907392 0.00482399880338
0.422411733085 0.00482549909729
0.422677558779 0.00482702635103
0.422943384473 0.00482858155661
0.423209210167 0.0048301658251
0.423475035861 0.00483178016924
0.423740861554 0.00483342543689
0.424006687248 0.00483510247284
0.424272512942 0.00483681204452
0.424538338636 0.00483855488461
0.42480416433 0.00484033191797
0.425069990023 0.0048421435202
0.425335815717 0.00484399061829
0.425601641411 0.00484587413441
0.425867467105 0.00484779463287
0.426133292798 0.00484975306012
0.426399118492 0.00485175022489
0.426664944186 0.00485378687104
0.42693076988 0.00485586404383
0.427196595574 0.00485798234145
0.427462421267 0.00486014228926
0.427728246961 0.0048623443399
0.427994072655 0.00486458946808
0.428259898349 0.00486687864751
0.428525724043 0.00486921289862
0.428791549736 0.0048715928026
0.42905737543 0.00487401872844
0.429323201124 0.00487649185078
0.429589026818 0.00487901316916
0.429854852511 0.00488158367585
0.430120678205 0.00488420378652
0.430386503899 0.00488687416287
0.430652329593 0.00488959573896
0.430918155287 0.0048923694069
0.43118398098 0.00489519605616
0.431449806674 0.00489807618614
0.431715632368 0.00490101071042
0.431981458062 0.0049040005825
0.432247283756 0.00490704665193
0.432513109449 0.00491014983272
0.432778935143 0.00491331005222
0.433044760837 0.00491652802791
0.433310586531 0.00491980449162
0.433576412224 0.00492314035516
0.433842237918 0.00492653634801
0.434108063612 0.00492999290344
0.434373889306 0.00493351054761
0.434639715 0.00493708991483
0.434905540693 0.00494073184147
0.435171366387 0.00494443713113
0.435437192081 0.00494820667722
0.435703017775 0.00495204072192
0.435968843469 0.00495593955372
0.436234669162 0.00495990348107
0.436500494856 0.00496393274936
0.43676632055 0.00496802759828
0.437032146244 0.00497218845069
0.437297971937 0.00497641580325
0.437563797631 0.00498070992834
0.437829623325 0.00498507032304
0.438095449019 0.0049894962653
0.438361274713 0.00499398756659
0.438627100406 0.00499854397428
0.4388929261 0.00500316511461
0.439158751794 0.00500785072301
0.439424577488 0.0050126005132
0.439690403182 0.00501741406081
0.439956228875 0.00502229130342
0.440222054569 0.00502723196091
0.440487880263 0.00503223526938
0.440753705957 0.00503730029639
0.44101953165 0.00504242601965
0.441285357344 0.00504761131676
0.441551183038 0.00505285490925
0.441817008732 0.00505815556417
0.442082834426 0.00506351156649
0.442348660119 0.0050689210622
0.442614485813 0.00507438230815
0.442880311507 0.00507989359067
0.443146137201 0.00508545341325
0.443411962895 0.00509105963364
0.443677788588 0.00509670985617
0.443943614282 0.00510240177772
0.444209439976 0.00510813307158
0.44447526567 0.00511390138134
0.444741091364 0.00511970447806
0.445006917057 0.00512554029737
0.445272742751 0.0051314065217
0.445538568445 0.00513730058082
0.445804394139 0.00514322051518
0.446070219832 0.00514916397791
0.446336045526 0.00515512837905
0.44660187122 0.00516111107141
0.446867696914 0.00516710935127
0.447133522608 0.00517312047681
0.447399348301 0.00517914168756
0.447665173995 0.00518517049198
0.447930999689 0.00519120421071
0.448196825383 0.00519724002033
0.448462651077 0.00520327541095
0.44872847677 0.00520930775183
0.448994302464 0.00521533427938
0.449260128158 0.00522135225925
0.449525953852 0.00522735901253
0.449791779545 0.00523335193547
0.450057605239 0.00523928848125
0.450323430933 0.00524520738648
0.450589256627 0.00525108886326
0.450855082321 0.00525693521402
0.451120908014 0.0052627514458
0.451386733708 0.00526854189975
0.451652559402 0.0052743100737
0.451918385096 0.00528005870275
0.45218421079 0.00528579021612
0.452450036483 0.00529150648594
0.452715862177 0.00529720913927
0.452981687871 0.00530289958311
0.453247513565 0.00530857864108
0.453513339258 0.00531424682509
0.453779164952 0.00531990441735
0.454044990646 0.00532555143148
0.45431081634 0.00533118772422
0.454576642034 0.00533681292884
0.454842467727 0.00534242648807
0.455108293421 0.00534802771132
0.455374119115 0.0053536158821
0.455639944809 0.00535919018481
0.455905770503 0.00536474973468
0.456171596196 0.00537029364534
0.45643742189 0.00537582094922
0.456703247584 0.00538133053106
0.456969073278 0.00538682127816
0.457234898971 0.00539229205122
0.457500724665 0.00539774166053
0.457766550359 0.00540316895891
0.458032376053 0.00540857284926
0.458298201747 0.00541395229486
0.45856402744 0.00541930619366
0.458829853134 0.00542463349864
0.459095678828 0.00542993317291
0.459361504522 0.00543520418812
0.459627330216 0.00544044551418
0.459893155909 0.0054456561557
0.460158981603 0.00545083525347
0.460424807297 0.00545598207915
0.460690632991 0.00546109586856
0.460956458684 0.00546617590795
0.461222284378 0.00547122155456
0.461488110072 0.00547623217459
0.461753935766 0.00548120720905
0.46201976146 0.00548614618376
0.462285587153 0.00549104864321
0.462551412847 0.00549591420689
0.462817238541 0.00550074255505
0.463083064235 0.00550553338473
0.463348889929 0.00551028646151
0.463614715622 0.00551500157447
0.463880541316 0.00551967856876
0.46414636701 0.00552431733801
0.464412192704 0.005528917818
0.464678018397 0.005533479986
0.464943844091 0.00553800384367
0.465209669785 0.00554248940453
0.465475495479 0.0055469365683
0.465741321173 0.00555134548595
0.466007146866 0.00555571630534
0.46627297256 0.00556004917027
0.466538798254 0.0055643442604
0.466804623948 0.00556860181707
0.467070449642 0.005572822059
0.467336275335 0.00557700521965
0.467602101029 0.00558115153693
0.467867926723 0.00558526131125
0.468133752417 0.00558933486951
0.46839957811 0.00559337233093
0.468665403804 0.00559737394846
0.468931229498 0.00560134006089
0.469197055192 0.0056052709864
0.469462880886 0.00560916702869
0.469728706579 0.00561302849405
0.469994532273 0.00561685568113
0.470260357967 0.00562064881931
0.470526183661 0.00562440832712
0.470792009355 0.00562813469027
0.471057835048 0.00563182849502
0.471323660742 0.00563549031393
0.471589486436 0.00563912047913
0.47185531213 0.00564271948117
0.472121137823 0.00564628786288
0.472386963517 0.00564982621033
0.472652789211 0.00565333499257
0.472918614905 0.00565681485375
0.473184440599 0.00566026636724
0.473450266292 0.00566369001258
0.473716091986 0.00566708612808
0.47398191768 0.00567045507096
0.474247743374 0.00567379731747
0.474513569068 0.00567711354077
0.474779394761 0.00568040382924
0.475045220455 0.00568366870907
0.475311046149 0.00568690895044
0.475576871843 0.00569012496874
0.475842697536 0.00569331751099
0.47610852323 0.00569648722721
0.476374348924 0.00569963469468
0.476640174618 0.00570276054903
0.476906000312 0.00570586550101
0.477171826005 0.00570895000477
0.477437651699 0.0057120145984
0.477703477393 0.00571505998159
0.477969303087 0.00571808707512
0.478235128781 0.00572109684166
0.478500954474 0.00572409007949
0.478766780168 0.00572706728216
0.479032605862 0.00573002918241
0.479298431556 0.00573297653938
0.479564257249 0.00573590999181
0.479830082943 0.00573883011955
0.480095908637 0.00574173707961
0.480361734331 0.00574463160945
0.480627560025 0.00574751448194
0.480893385718 0.00575038643251
0.481159211412 0.00575324807864
0.481425037106 0.00575609979233
0.4816908628 0.00575894221595
0.481956688494 0.00576177590503
0.482222514187 0.0057646013049
0.482488339881 0.00576741886559
0.482754165575 0.00577022877363
0.483019991269 0.00577303164295
0.483285816962 0.00577582795565
0.483551642656 0.00577861807409
0.48381746835 0.00578140217607
0.484083294044 0.0057841803917
0.484349119738 0.00578695295756
0.484614945431 0.00578972010465
0.484880771125 0.00579248224604
0.485146596819 0.00579523972037
0.485412422513 0.00579799254022
0.485678248207 0.00580074062027
0.4859440739 0.00580348393024
0.486209899594 0.00580622244236
0.486475725288 0.00580895600644
0.486741550982 0.00581168454681
0.487007376675 0.00581440804457
0.487273202369 0.00581712646518
0.487539028063 0.00581983960055
0.487804853757 0.00582254667745
0.488070679451 0.00582524736225
0.488336505144 0.0058279414051
0.488602330838 0.0058306285447
0.488868156532 0.00583330843716
0.489133982226 0.00583598087378
0.48939980792 0.0058386454923
0.489665633613 0.0058413019802
0.489931459307 0.00584395022001
0.490197285001 0.00584658997766
0.490463110695 0.0058492209422
0.490728936388 0.00585184278943
0.490994762082 0.00585445520001
0.491260587776 0.00585705785027
0.49152641347 0.00585965058646
0.491792239164 0.00586223310778
0.492058064857 0.00586480444876
0.492323890551 0.00586736432207
0.492589716245 0.0058699124327
0.492855541939 0.00587244854442
0.493121367633 0.00587497245312
0.493387193326 0.00587748379306
0.49365301902 0.00587998218996
0.493918844714 0.00588246738048
0.494184670408 0.00588493918997
0.494450496101 0.00588739752423
0.494716321795 0.00588984265594
0.494982147489 0.0058922748274
0.495247973183 0.00589469414522
0.495513798877 0.00589710058305
0.49577962457 0.00589949476467
0.496045450264 0.00590187702154
0.496311275958 0.0059042476184
0.496577101652 0.00590660682763
0.496842927346 0.0059089549097
0.497108753039 0.00591129213172
0.497374578733 0.00591361877934
0.497640404427 0.00591593524391
0.497906230121 0.00591824185759
0.498172055814 0.00592053894829
0.498437881508 0.00592282699594
0.498703707202 0.00592510644588
0.498969532896 0.00592737773005
0.49923535859 0.00592964130428
0.499501184283 0.00593189765463
0.499767009977 0.00593414730277
0.500032835671 0.00593638821474
0.500298661365 0.00593860926701
0.500564487059 0.0059407916573
0.500830312752 0.00594293347286
0.501096138446 0.00594503592291
0.50136196414 0.00594710069785
0.501627789834 0.00594912906812
0.501893615527 0.00595112200334
0.502159441221 0.00595308032164
0.502425266915 0.00595500479263
0.502691092609 0.00595689614416
0.502956918303 0.00595875502791
0.503222743996 0.00596058197131
0.50348856969 0.00596237736037
0.503754395384 0.00596414167744
0.504020221078 0.00596587546517
0.504286046772 0.00596757928846
0.504551872465 0.00596925371422
0.504817698159 0.0059708993034
0.505083523853 0.00597251663079
0.505349349547 0.00597410622729
0.50561517524 0.00597566861362
0.505881000934 0.00597720437015
0.506146826628 0.00597871409898
0.506412652322 0.00598019845903
0.506678478016 0.00598165815483
0.506944303709 0.00598309388538
0.507210129403 0.00598450628123
0.507475955097 0.00598589604699
0.507741780791 0.00598726391651
0.508007606485 0.00598861064582
0.508273432178 0.00598993702001
0.508539257872 0.00599124386654
0.508805083566 0.00599253202732
0.50907090926 0.00599380233629
0.509336734953 0.00599505563777
0.509602560647 0.00599629275468
0.509868386341 0.00599751455678
0.510134212035 0.00599872190145
0.510400037729 0.00599991561309
0.510665863422 0.00600109649735
0.510931689116 0.00600226537754
0.51119751481 0.00600342315932
0.511463340504 0.00600457075695
0.511729166198 0.0060057090819
0.511994991891 0.00600683896436
0.512260817585 0.00600796125841
0.512526643279 0.00600907685293
0.512792468973 0.00601018664916
0.513058294666 0.00601129153968
0.51332412036 0.00601239234519
0.513589946054 0.0060134899854
0.513855771748 0.00601458538871
0.514121597442 0.00601567947734
0.514387423135 0.00601677302852
0.514653248829 0.00601786693134
0.514919074523 0.00601896207379
0.515184900217 0.00602005936056
0.515450725911 0.00602115966155
0.515716551604 0.00602226377593
0.515982377298 0.00602337261871
0.516248202992 0.0060244870943
0.516514028686 0.00602560807092
0.516779854379 0.00602673643962
0.517045680073 0.00602787308387
0.517311505767 0.00602901881102
0.517577331461 0.00603017449813
0.517843157155 0.00603134103056
0.518108982848 0.00603251932126
0.518374808542 0.00603371038715
0.518640634236 0.0060349151567
0.51890645993 0.00603613458917
0.519172285624 0.00603736961652
0.519438111317 0.00603862109233
0.519703937011 0.00603988996523
0.519969762705 0.00604117716297
0.520235588399 0.00604248352933
0.520501414092 0.00604380996918
0.520767239786 0.00604515737488
0.52103306548 0.00604652664742
0.521298891174 0.0060479186771
0.521564716868 0.0060493341949
0.521830542561 0.00605077406118
0.522096368255 0.00605223916999
0.522362193949 0.00605373038001
0.522628019643 0.00605524846154
0.522893845337 0.00605679430046
0.52315967103 0.00605836904821
0.523425496724 0.00605997372395
0.523691322418 0.00606160923019
0.523957148112 0.00606327635588
0.524222973805 0.00606497596075
0.524488799499 0.00606670868928
0.524754625193 0.00606847551654
0.525020450887 0.00607027685477
0.525286276581 0.00607211355405
0.525552102274 0.00607398657993
0.525817927968 0.00607589648715
0.526083753662 0.00607784418257
0.526349579356 0.00607983051887
0.52661540505 0.00608185621432
0.526881230743 0.00608392227529
0.527147056437 0.00608602945825
0.527412882131 0.00608817817033
0.527678707825 0.00609036894524
0.527944533518 0.00609260265449
0.528210359212 0.00609488027517
0.528476184906 0.00609720282921
0.5287420106 0.00609957105855
0.529007836294 0.00610198514583
0.529273661987 0.00610444627181
0.529539487681 0.00610695546299
0.529805313375 0.00610951368628
0.530071139069 0.00611212153447
0.530336964763 0.00611477950615
0.530602790456 0.00611748857481
0.53086861615 0.00612024958672
0.531134441844 0.00612306345478
0.531400267538 0.00612593076947
0.531666093231 0.00612885234017
0.531931918925 0.00613182911726
0.532197744619 0.00613486198431
