0.000812182741117 0
0.00107810271013 0
0.00134402267914 0
0.00160994264815 0
0.00187586261716 0
0.00214178258618 0
0.00240770255519 0
0.0026736225242 0
0.00293954249321 0
0.00320546246222 0
0.00347138243124 0
0.00373730240025 0
0.00400322236926 0
0.00426914233827 0
0.00453506230728 0
0.00480098227629 0
0.00506690224531 0
0.00533282221432 0
0.00559874218333 0
0.00586466215234 0
0.00613058212135 0
0.00639650209037 0
0.00666242205938 0
0.00692834202839 0
0.0071942619974 0
0.00746018196641 0
0.00772610193542 0
0.00799202190444 0
0.00825794187345 0
0.00852386184246 0
0.00878978181147 0
0.00905570178048 0
0.0093216217495 0
0.00958754171851 0
0.00985346168752 0
0.0101193816565 0
0.0103853016255 0
0.0106512215946 0
0.0109171415636 0
0.0111830615326 0
0.0114489815016 0
0.0117149014706 0
0.0119808214396 0
0.0122467414086 0
0.0125126613776 0
0.0127785813466 0
0.0130445013157 0
0.0133104212847 0
0.0135763412537 0
0.0138422612227 0
0.0141081811917 0
0.0143741011607 -1.80438845286e-07
0.0146400211297 -3.31502230347e-07
0.0149059410987 -4.53594401897e-07
0.0151718610678 -5.4722927891e-07
0.0154377810368 -6.12937069832e-07
0.0157037010058 -6.51254012679e-07
0.0159696209748 -6.62681109274e-07
0.0162355409438 -6.47334822076e-07
0.0165014609128 -6.05504159319e-07
0.0167673808818 -5.3749896381e-07
0.0170333008508 -4.43648884994e-07
0.0172992208199 -3.24815216533e-07
0.0175651407889 -1.81502825058e-07
0.0178310607579 -1.38037766009e-08
0.0180969807269 1.78040183487e-07
0.0183629006959 3.93813980462e-07
0.0186288206649 6.33446161677e-07
0.0188947406339 8.96807364729e-07
0.0191606606029 1.18374362726e-06
0.0194265805719 1.49437740019e-06
0.019692500541 1.82864794161e-06
0.01995842051 2.18645053385e-06
0.020224340479 2.56777967153e-06
0.020490260448 2.97260879839e-06
0.020756180417 3.40089490034e-06
0.021022100386 3.85270065004e-06
0.021288020355 4.32820693177e-06
0.021553940324 4.82754653254e-06
0.0218198602931 5.35097967729e-06
0.0220857802621 5.89860194985e-06
0.0223517002311 6.4704709667e-06
0.0226176202001 7.0666604221e-06
0.0228835401691 7.68743861922e-06
0.0231494601381 8.33292597427e-06
0.0234153801071 9.00336052688e-06
0.0236813000761 9.6989682824e-06
0.0239472200451 1.04198981362e-05
0.0242131400142 1.11662763627e-05
0.0244790599832 1.19381237575e-05
0.0247449799522 1.27357868964e-05
0.0250108999212 1.35595180225e-05
0.0252768198902 1.44095451968e-05
0.0255427398592 1.52861195953e-05
0.0258086598282 1.6189489906e-05
0.0260745797972 1.71198916179e-05
0.0263404997663 1.80776046644e-05
0.0266064197353 1.9062809277e-05
0.0268723397043 2.00757704049e-05
0.0271382596733 2.1116804794e-05
0.0274041796423 2.21862502384e-05
0.0276700996113 2.32846199052e-05
0.0279360195803 2.44122717566e-05
0.0282019395493 2.55695034253e-05
0.0284678595183 2.67564049072e-05
0.0287337794874 2.79732226598e-05
0.0289996994564 2.92201490139e-05
0.0292656194254 3.04975061384e-05
0.0295315393944 3.18055804498e-05
0.0297974593634 3.31446640385e-05
0.0300633793324 3.45151110195e-05
0.0303292993014 3.59165206839e-05
0.0305952192704 3.73490538414e-05
0.0308611392395 3.88128545505e-05
0.0311270592085 4.03086395771e-05
0.0313929791775 4.18369608673e-05
0.0316588991465 4.33980467845e-05
0.0319248191155 4.49925489855e-05
0.0321907390845 4.66210426534e-05
0.0324566590535 4.82839550895e-05
0.0327225790225 4.9981536997e-05
0.0329884989915 5.1714000641e-05
0.0332544189606 5.34816320157e-05
0.0335203389296 5.52846885589e-05
0.0337862588986 5.71236876055e-05
0.0340521788676 5.89989042988e-05
0.0343180988366 6.09111622691e-05
0.0345840188056 6.28609685262e-05
0.0348499387746 6.4848343973e-05
0.0351158587436 6.68736777719e-05
0.0353817787127 6.89374029682e-05
0.0356476986817 7.10398832012e-05
0.0359136186507 7.31814795983e-05
0.0361795386197 7.53625706434e-05
0.0364454585887 7.7583502919e-05
0.0367113785577 7.98448219901e-05
0.0369772985267 8.21470615876e-05
0.0372432184957 8.44906262091e-05
0.0375091384648 8.68759516026e-05
0.0377750584338 8.9303407103e-05
0.0380409784028 9.17730045213e-05
0.0383068983718 9.42848511181e-05
0.0385728183408 9.68391286316e-05
0.0388387383098 9.94361888666e-05
0.0391046582788 0.000102076341841
0.0393705782478 0.00010475960369
0.0396364982168 0.000107485972895
0.0399024181859 0.000110255652684
0.0401683381549 0.000113068832598
0.0404342581239 0.00011592567908
0.0407001780929 0.000118826453367
0.0409660980619 0.00012177128165
0.0412320180309 0.00012476029519
0.0414979379999 0.000127793679947
0.0417638579689 0.000130871514964
0.042029777938 0.000133993837069
0.042295697907 0.000137160568844
0.042561617876 0.000140371811241
0.042827537845 0.00014362751074
0.043093457814 0.000146927600462
0.043359377783 0.000150272139405
0.043625297752 0.000153661095003
0.043891217721 0.000157094411203
0.04415713769 0.000160572160327
0.0444230576591 0.00016409433704
0.0446889776281 0.000167660711137
0.0449548975971 0.000171270951457
0.0452208175661 0.00017492481023
0.0454867375351 0.000178622064091
0.0457526575041 0.000182362582239
0.0460185774731 0.00018614634788
0.0462844974421 0.000189972983492
0.0465504174112 0.000193842099995
0.0468163373802 0.000197753302026
0.0470822573492 0.000201706133383
0.0473481773182 0.000205699999075
0.0476140972872 0.000209733988134
0.0478800172562 0.000213807122636
0.0481459372252 0.000217918481652
0.0484118571942 0.000222067216898
0.0486777771632 0.000226252682364
0.0489436971323 0.000230474164229
0.0492096171013 0.000234730857578
0.0494755370703 0.000239022255304
0.0497414570393 0.000243347400997
0.0500073770083 0.000247787782507
0.0502732969773 0.000252222226012
0.0505392169463 0.000256672569621
0.0508051369153 0.000261142586129
0.0510710568844 0.000265636943239
0.0513369768534 0.000270159851147
0.0516028968224 0.000274714947194
0.0518688167914 0.000279305148189
0.0521347367604 0.000283933005559
0.0524006567294 0.000288600678283
0.0526665766984 0.000293310394817
0.0529324966674 0.000298063679634
0.0531984166364 0.000302861659836
0.0534643366055 0.000307705079994
0.0537302565745 0.000312594505306
0.0539961765435 0.000317530242672
0.0542620965125 0.0003225122781
0.0545280164815 0.000327540454638
0.0547939364505 0.000332614366298
0.0550598564195 0.000337733401801
0.0553257763885 0.000342896829793
0.0555916963576 0.000348103852904
0.0558576163266 0.00035335339254
0.0561235362956 0.000358644194982
0.0563894562646 0.000363974821194
0.0566553762336 0.000369343737536
0.0569212962026 0.000374749790745
0.0571872161716 0.000380191542362
0.0574531361406 0.000385667377519
0.0577190561097 0.000391175582236
0.0579849760787 0.000396714393787
0.0582508960477 0.000402281939219
0.0585168160167 0.000407876532988
0.0587827359857 0.000413496284642
0.0590486559547 0.000419139288311
0.0593145759237 0.000424803625439
0.0595804958927 0.000430487585745
0.0598464158617 0.000436189250482
0.0601123358308 0.000441906724114
0.0603782557998 0.000447638122381
0.0606441757688 0.000453381584809
0.0609100957378 0.000459135265443
0.0611760157068 0.000464897348109
0.0614419356758 0.000470666088861
0.0617078556448 0.000476439732593
0.0619737756138 0.000482216607835
0.0622396955829 0.000487995033265
0.0625056155519 0.000493773376459
0.0627715355209 0.000499550056506
0.0630374554899 0.000505323571819
0.0633033754589 0.000511092543069
0.0635692954279 0.000516855696839
0.0638352153969 0.000522611648739
0.0641011353659 0.000528359203349
0.0643670553349 0.000534097262433
0.064632975304 0.000539824743512
0.064898895273 0.00054554063041
0.065164815242 0.000551243971289
0.065430735211 0.00055693388533
0.06569665518 0.000562609568324
0.065962575149 0.000568270273257
0.066228495118 0.000573915343553
0.066494415087 0.000579544206947
0.0667603350561 0.000585156325309
0.0670262550251 0.000590751158308
0.0672921749941 0.000596328218419
0.0675580949631 0.000601886976106
0.0678240149321 0.000607427052817
0.0680899349011 0.000612948111193
0.0683558548701 0.000618449864103
0.0686217748391 0.000623932114818
0.0688876948081 0.000629394722524
0.0691536147772 0.000634837556796
0.0694195347462 0.000640260524757
0.0696854547152 0.000645663560431
0.0699513746842 0.000651046556317
0.0702172946532 0.000656409440631
0.0704832146222 0.000661752226995
0.0707491345912 0.000667074967072
0.0710150545602 0.00067237780305
0.0712809745293 0.000677660871387
0.0715468944983 0.000682924290439
0.0718128144673 0.000688168146924
0.0720787344363 0.000693392537984
0.0723446544053 0.000698597654063
0.0726105743743 0.000703783690674
0.0728764943433 0.000708950870662
0.0731424143123 0.000714099379938
0.0734083342813 0.000719229453518
0.0736742542504 0.000724341480836
0.0739401742194 0.000729435777127
0.0742060941884 0.000734512590968
0.0744720141574 0.000739572273073
0.0747379341264 0.000744615126188
0.0750038540954 0.000749641440535
0.0752697740644 0.000754651343907
0.0755356940334 0.000759645186675
0.0758016140025 0.00076462329487
0.0760675339715 0.00076958575064
0.0763334539405 0.000774533028596
0.0765993739095 0.00077946562399
0.0768652938785 0.00078438394964
0.0771312138475 0.000789288195982
0.0773971338165 0.000794178804929
0.0776630537855 0.000799056237117
0.0779289737546 0.000803920900379
0.0781948937236 0.000808773189391
0.0784608136926 0.000813613419757
0.0787267336616 0.000818442068263
0.0789926536306 0.000823259577997
0.0792585735996 0.00082806632666
0.0795244935686 0.000832862641425
0.0797904135376 0.000837648754022
0.0800563335066 0.000842425066122
0.0803222534757 0.000847191867581
0.0805881734447 0.000851949621211
0.0808540934137 0.000856698801428
0.0811200133827 0.000861439531758
0.0813859333517 0.000866172318439
0.0816518533207 0.000870897589396
0.0819177732897 0.000875615743189
0.0821836932587 0.000880326983692
0.0824496132278 0.000885031527462
0.0827155331968 0.000889729589901
0.0829814531658 0.000894421388029
0.0832473731348 0.000899107136624
0.0835132931038 0.000903786914351
0.0837792130728 0.000908460649415
0.0840451330418 0.000913128471252
0.0843110530108 0.000917790538497
0.0845769729798 0.000922446941256
0.0848428929489 0.000927097758901
0.0851088129179 0.000931743092806
0.0853747328869 0.000936382794924
0.0856406528559 0.000941016722232
0.0859065728249 0.000945644761649
0.0861724927939 0.000950266874963
0.0864384127629 0.000954882938485
0.0867043327319 0.00095949278858
0.086970252701 0.000964096373167
0.08723617267 0.000968693557974
0.087502092639 0.000973284158714
0.087768012608 0.000977868001077
0.088033932577 0.000982444902085
0.088299852546 0.000987014667473
0.088565772515 0.000991577100951
0.088831692484 0.000996132095926
0.089097612453 0.00100067954996
0.0893635324221 0.00100521938253
0.0896294523911 0.00100975140954
0.0898953723601 0.00101427545996
0.0901612923291 0.00101879131531
0.0904272122981 0.0010232987451
0.0906931322671 0.00102779751153
0.0909590522361 0.00103228739291
0.0912249722051 0.00103676785452
0.0914908921742 0.00104123859576
0.0917568121432 0.00104569935278
0.0920227321122 0.00105014993933
0.0922886520812 0.00105459015806
0.0925545720502 0.00105901974352
0.0928204920192 0.00106343848524
0.0930864119882 0.00106784618267
0.0933523319572 0.00107224276243
0.0936182519262 0.00107662811633
0.0938841718953 0.00108100215025
0.0941500918643 0.00108536476466
0.0944160118333 0.00108971583313
0.0946819318023 0.00109405513802
0.0949478517713 0.00109838258755
0.0952137717403 0.00110269813117
0.0954796917093 0.00110700175098
0.0957456116783 0.00111129348793
0.0960115316474 0.00111557346763
0.0962774516164 0.00111984189691
0.0965433715854 0.00112409894181
0.0968092915544 0.00112834471484
0.0970752115234 0.00113257930377
0.0973411314924 0.00113680279843
0.0976070514614 0.00114101531377
0.0978729714304 0.00114521707377
0.0981388913995 0.00114940832476
0.0984048113685 0.00115358931428
0.0986707313375 0.00115776029618
0.0989366513065 0.00116192158565
0.0992025712755 0.00116607347562
0.0994684912445 0.00117021624199
0.0997344112135 0.00117435022567
0.100000331183 0.00117863169978
0.100266251152 0.00118288964059
0.100532171121 0.00118711186752
0.10079809109 0.00119129686496
0.101064011059 0.00119544467294
0.101329931028 0.0011995554485
0.101595850997 0.00120362916573
0.101861770966 0.00120766585942
0.102127690935 0.00121166555197
0.102393610904 0.0012156282431
0.102659530873 0.0012195539352
0.102925450842 0.00122344274374
0.103191370811 0.00122729473421
0.10345729078 0.0012311099735
0.103723210749 0.0012348885544
0.103989130718 0.00123863063031
0.104255050687 0.00124233636177
0.104520970656 0.0012460059389
0.104786890625 0.00124963957693
0.105052810594 0.00125323743021
0.105318730563 0.00125679973371
0.105584650532 0.00126032680151
0.105850570501 0.00126381891787
0.10611649047 0.00126727629345
0.106382410439 0.00127069927432
0.106648330408 0.00127408824254
0.106914250377 0.0012774435951
0.107180170346 0.00128076584128
0.107446090315 0.00128405549459
0.107712010284 0.00128731309746
0.107977930253 0.00129053916317
0.108243850222 0.00129373413718
0.108509770191 0.00129689857794
0.10877569016 0.00130003308757
0.109041610129 0.00130313829138
0.109307530098 0.00130621482817
0.109573450067 0.00130926336627
0.109839370036 0.00131228458749
0.110105290005 0.00131527916511
0.110371209974 0.00131824778482
0.110637129943 0.00132119107873
0.110903049912 0.00132410972341
0.111168969881 0.00132700443831
0.11143488985 0.0013298759644
0.111700809819 0.00133272502244
0.111966729788 0.00133555233542
0.112232649757 0.0013383586268
0.112498569726 0.00134114456415
0.112764489695 0.00134391086044
0.113030409664 0.00134665821683
0.113296329633 0.00134938743517
0.113562249602 0.00135209927325
0.113828169571 0.00135479447533
0.11409408954 0.00135747377188
0.114360009509 0.00136013792557
0.114625929478 0.00136278769955
0.114891849447 0.00136542384188
0.115157769416 0.0013680471062
0.115423689385 0.00137065819115
0.115689609354 0.0013732578183
0.115955529323 0.00137584672494
0.116221449292 0.00137842564207
0.116487369261 0.0013809952868
0.11675328923 0.00138355638555
0.117019209199 0.0013861096525
0.117285129168 0.00138865579684
0.117551049137 0.00139119546991
0.117816969106 0.00139372933661
0.118082889075 0.00139625806129
0.118348809044 0.00139878234184
0.118614729013 0.00140130287918
0.118880648982 0.00140382036058
0.119146568951 0.00140633546159
0.11941248892 0.00140884881964
0.119678408889 0.00141136115102
0.119944328858 0.0014138731566
0.120210248827 0.00141638546534
0.120476168796 0.00141889875999
0.120742088765 0.00142141371236
0.121008008734 0.00142393101094
0.121273928703 0.00142645133493
0.121539848672 0.00142897534193
0.121805768642 0.00143150368178
0.122071688611 0.00143403697234
0.12233760858 0.00143657581184
0.122603528549 0.0014391208657
0.122869448518 0.00144167279611
0.123135368487 0.00144423225553
0.123401288456 0.00144679987806
0.123667208425 0.00144937625063
0.123933128394 0.00145196198709
0.124199048363 0.00145455771786
0.124464968332 0.00145716407261
0.124730888301 0.00145978157855
0.12499680827 0.00146241072353
0.125262728239 0.00146505195297
0.125528648208 0.00146770572728
0.125794568177 0.00147037238496
0.126060488146 0.00147305234713
0.126326408115 0.00147574587412
0.126592328084 0.00147845354633
0.126858248053 0.00148117596453
0.127124168022 0.0014839135703
0.127390087991 0.00148666661212
0.12765600796 0.00148943571263
0.127921927929 0.00149222153231
0.128187847898 0.00149502458133
0.128453767867 0.00149784539443
0.128719687836 0.00150068445669
0.128985607805 0.00150354227787
0.129251527774 0.00150641964638
0.129517447743 0.00150931729626
0.129783367712 0.00151223564592
0.130049287681 0.00151517514258
0.13031520765 0.00151813607769
0.130581127619 0.0015211189222
0.130847047588 0.00152412417077
0.131112967557 0.00152715236453
0.131378887526 0.00153020407882
0.131644807495 0.00153327980683
0.131910727464 0.00153638005805
0.132176647433 0.00153950557157
0.132442567402 0.00154265698636
0.132708487371 0.00154583487037
0.13297440734 0.00154903969281
0.133240327309 0.00155227180829
0.133506247278 0.00155553166587
0.133772167247 0.00155881969905
0.134038087216 0.00156213619368
0.134304007185 0.00156548155084
0.134569927154 0.00156885630875
0.134835847123 0.00157226105003
0.135101767092 0.00157569616335
0.135367687061 0.00157916214385
0.13563360703 0.00158265948556
0.135899526999 0.0015861886227
0.136165446968 0.00158974996857
0.136431366937 0.00159334388795
0.136697286906 0.0015969707202
0.136963206875 0.00160063074501
0.137229126844 0.00160432417339
0.137495046813 0.00160805146752
0.137760966782 0.0016118131094
0.138026886751 0.00161560942568
0.13829280672 0.00161944081447
0.138558726689 0.00162330742259
0.138824646658 0.00162720932587
0.139090566627 0.00163114659474
0.139356486596 0.00163511918427
0.139622406565 0.00163912674851
0.139888326534 0.00164316907884
0.140154246503 0.00164724597453
0.140420166472 0.00165135735587
0.140686086441 0.00165550303209
0.14095200641 0.00165968280075
0.141217926379 0.00166389645797
0.141483846348 0.00166814376822
0.141749766317 0.00167242446122
0.142015686286 0.00167673815625
0.142281606255 0.00168108446079
0.142547526224 0.00168546293333
0.142813446193 0.00168987307485
0.143079366162 0.00169431432492
0.143345286131 0.00169878614429
0.1436112061 0.00170328795556
0.143877126069 0.00170781917239
0.144143046039 0.00171237913009
0.144408966008 0.0017169671545
0.144674885977 0.00172158276191
0.144940805946 0.00172622519654
0.145206725915 0.00173089366075
0.145472645884 0.00173558731921
0.145738565853 0.00174030530612
0.146004485822 0.00174504682062
0.146270405791 0.00174981100813
0.14653632576 0.00175459694075
0.146802245729 0.00175940365398
0.147068165698 0.00176423016399
0.147334085667 0.00176907559606
0.147600005636 0.00177393902306
0.147865925605 0.00177881948894
0.148131845574 0.00178371598593
0.148397765543 0.00178862742095
0.148663685512 0.00179355268529
0.148929605481 0.00179849064747
0.14919552545 0.00180344013894
0.149461445419 0.00180839998519
0.149727365388 0.00181336903146
0.149993285357 0.00181839368704
0.150259205326 0.00182342655043
0.150525125295 0.00182845299801
0.150791045264 0.00183346945024
0.151056965233 0.00183848074087
0.151322885202 0.00184349202937
0.151588805171 0.00184850761952
0.15185472514 0.00185353093788
0.152120645109 0.00185856479098
0.152386565078 0.00186361169423
0.152652485047 0.00186867380062
0.152918405016 0.00187375291332
0.153184324985 0.00187885052261
0.153450244954 0.00188396771708
0.153716164923 0.00188910538159
0.153982084892 0.0018942642915
0.154248004861 0.00189944496616
0.15451392483 0.00190464768587
0.154779844799 0.00190987255666
0.155045764768 0.0019151195432
0.155311684737 0.00192038847644
0.155577604706 0.00192567902804
0.155843524675 0.00193099077418
0.156109444644 0.00193632323302
0.156375364613 0.00194167571252
0.156641284582 0.00194704751511
0.156907204551 0.00195243787676
0.15717312452 0.00195784598973
0.157439044489 0.0019632711076
0.157704964458 0.00196871236208
0.157970884427 0.00197416887106
0.158236804396 0.00197963965809
0.158502724365 0.00198512375322
0.158768644334 0.00199062017125
0.159034564303 0.00199612794595
0.159300484272 0.00200164609709
0.159566404241 0.00200717363358
0.15983232421 0.00201270956367
0.160098244179 0.00201825289932
0.160364164148 0.0020238026475
0.160630084117 0.00202935783064
0.160896004086 0.00203491749887
0.161161924055 0.00204048070358
0.161427844024 0.0020460465567
0.161693763993 0.00205161416896
0.161959683962 0.00205718267281
0.162225603931 0.00206275128089
0.1624915239 0.00206831916557
0.162757443869 0.0020738855105
0.163023363838 0.00207944953292
0.163289283807 0.00208501048437
0.163555203776 0.00209056763253
0.163821123745 0.00209612025837
0.164087043714 0.00210166766388
0.164352963683 0.00210720921358
0.164618883652 0.00211274429051
0.164884803621 0.00211827230699
0.16515072359 0.00212379271037
0.165416643559 0.00212930498056
0.165682563528 0.00213480861186
0.165948483497 0.00214030315104
0.166214403466 0.0021457881886
0.166480323435 0.00215126331746
0.166746243405 0.00215672815255
0.167012163374 0.00216218233572
0.167278083343 0.00216762554911
0.167544003312 0.00217305747127
0.167809923281 0.002178477749
0.16807584325 0.00218388614649
0.168341763219 0.00218928244106
0.168607683188 0.00219466643636
0.168873603157 0.00220003794326
0.169139523126 0.0022053967922
0.169405443095 0.00221074283515
0.169671363064 0.00221607593867
0.169937283033 0.00222139600055
0.170203203002 0.00222670281496
0.170469122971 0.00223199630287
0.17073504294 0.00223727644954
0.171000962909 0.00224254321047
0.171266882878 0.00224779656229
0.171532802847 0.0022530364893
0.171798722816 0.00225826298217
0.172064642785 0.00226347598623
0.172330562754 0.00226867545207
0.172596482723 0.00227386141884
0.172862402692 0.00227903400389
0.173128322661 0.0022841933115
0.17339424263 0.0022893395352
0.173660162599 0.00229447270346
0.173926082568 0.00229959295799
0.174192002537 0.00230470044666
0.174457922506 0.00230979530152
0.174723842475 0.00231487754542
0.174989762444 0.00231994717594
0.175255682413 0.00232500414155
0.175521602382 0.00233004859053
0.175787522351 0.00233508066241
0.17605344232 0.00234010032185
0.176319362289 0.00234510768286
0.176585282258 0.00235010294228
0.176851202227 0.00235508640119
0.177117122196 0.00236005826186
0.177383042165 0.00236501841992
0.177648962134 0.00236996712626
0.177914882103 0.00237490463842
0.178180802072 0.00237983129023
0.178446722041 0.00238474742224
0.17871264201 0.00238965319552
0.178978561979 0.00239454886992
0.179244481948 0.00239943467975
0.179510401917 0.00240431095406
0.179776321886 0.00240917785556
0.180042241855 0.00241403538978
0.180308161824 0.00241888351736
0.180574081793 0.00242372233257
0.180840001762 0.00242855195476
0.181105921731 0.00243337248887
0.1813718417 0.00243818402363
0.181637761669 0.00244298665119
0.181903681638 0.00244778044147
0.182169601607 0.00245256545146
0.182435521576 0.00245734183057
0.182701441545 0.00246210963365
0.182967361514 0.00246686872931
0.183233281483 0.0024716190589
0.183499201452 0.0024763605418
0.183765121421 0.00248109304421
0.18403104139 0.0024858164649
0.184296961359 0.00249053074513
0.184562881328 0.0024952358459
0.184828801297 0.00249993185035
0.185094721266 0.00250461866109
0.185360641235 0.00250929619114
0.185626561204 0.00251396440895
0.185892481173 0.00251862324565
0.186158401142 0.00252327260563
0.186424321111 0.00252791238617
0.18669024108 0.00253254246098
0.186956161049 0.00253716267076
0.187222081018 0.00254177286349
0.187488000987 0.00254637307467
0.187753920956 0.00255096331359
0.188019840925 0.00255554346816
0.188285760894 0.00256011344776
0.188551680863 0.00256467313286
0.188817600832 0.00256922238214
0.189083520802 0.00257376103795
0.189349440771 0.0025782888485
0.18961536074 0.00258280531485
0.189881280709 0.00258731016452
0.190147200678 0.00259180315421
0.190413120647 0.0025962841074
0.190679040616 0.00260075291168
0.190944960585 0.00260520951198
0.191210880554 0.0026096537909
0.191476800523 0.00261408564053
0.191742720492 0.0026185049817
0.192008640461 0.00262291167965
0.19227456043 0.00262730561187
0.192540480399 0.0026316866842
0.192806400368 0.00263605481437
0.193072320337 0.00264040988607
0.193338240306 0.00264475185055
0.193604160275 0.00264908067279
0.193870080244 0.00265339626852
0.194136000213 0.00265769862896
0.194401920182 0.00266198774982
0.194667840151 0.00266626377708
0.19493376012 0.00267052685649
0.195199680089 0.002674777074
0.195465600058 0.00267901450076
0.195731520027 0.00268323921429
0.195997439996 0.00268745137607
0.196263359965 0.00269165117208
0.196529279934 0.00269583878037
0.196795199903 0.00270001438502
0.197061119872 0.00270417816914
0.197327039841 0.0027083303476
0.19759295981 0.00271247122418
0.197858879779 0.00271660104532
0.198124799748 0.00272072007788
0.198390719717 0.00272482859624
0.198656639686 0.00272892684065
0.198922559655 0.00273301503936
0.199188479624 0.00273709344076
0.199454399593 0.00274116231011
0.199720319562 0.0027452219417
0.199986239531 0.00274928574219
0.2002521595 0.00275346172124
0.200518079469 0.00275762074951
0.200783999438 0.00276174770968
0.201049919407 0.00276583977367
0.201315839376 0.00276989630119
0.201581759345 0.00277391715342
0.201847679314 0.00277790216254
0.202113599283 0.00278185132999
0.202379519252 0.00278576468892
0.202645439221 0.00278964224999
0.20291135919 0.00279348403706
0.203177279159 0.00279729007374
0.203443199128 0.00280106037116
0.203709119097 0.00280479496803
0.203975039066 0.00280849396658
0.204240959035 0.00281215748578
0.204506879004 0.00281578567554
0.204772798973 0.00281937869609
0.205038718942 0.00282293673013
0.205304638911 0.00282645995367
0.20557055888 0.00282994858518
0.205836478849 0.00283340291477
0.206102398818 0.00283682326839
0.206368318787 0.0028402099019
0.206634238756 0.00284356307781
0.206900158725 0.0028468830975
0.207166078694 0.0028501703388
0.207431998663 0.00285342525125
0.207697918632 0.00285664835029
0.207963838601 0.00285984017623
0.20822975857 0.00286300127055
0.208495678539 0.0028661321751
0.208761598508 0.00286923345719
0.209027518477 0.0028723056917
0.209293438446 0.00287534946707
0.209559358415 0.00287836541855
0.209825278384 0.00288135420616
0.210091198353 0.00288431647215
0.210357118322 0.00288725289268
0.210623038291 0.00289016413877
0.21088895826 0.00289305088297
0.211154878229 0.00289591379547
0.211420798198 0.00289875356894
0.211686718168 0.00290157089466
0.211952638137 0.00290436650231
0.212218558106 0.0029071411181
0.212484478075 0.00290989545478
0.212750398044 0.00291263021942
0.213016318013 0.00291534610709
0.213282237982 0.00291804382429
0.213548157951 0.00292072412993
0.21381407792 0.00292338778272
0.214079997889 0.00292603549407
0.214345917858 0.00292866797282
0.214611837827 0.00293128594145
0.214877757796 0.00293389013876
0.215143677765 0.00293648130068
0.215409597734 0.00293906014788
0.215675517703 0.00294162738006
0.215941437672 0.0029441837108
0.216207357641 0.00294672984821
0.21647327761 0.00294926649466
0.216739197579 0.00295179432558
0.217005117548 0.00295431405034
0.217271037517 0.00295682638712
0.217536957486 0.00295933202657
0.217802877455 0.00296183161944
0.218068797424 0.00296432584455
0.218334717393 0.00296681536555
0.218600637362 0.00296930086376
0.218866557331 0.00297178301021
0.2191324773 0.00297426248025
0.219398397269 0.00297673994785
0.219664317238 0.00297921606114
0.219930237207 0.00298169147465
0.220196157176 0.00298416686594
0.220462077145 0.00298664289681
0.220727997114 0.00298912023807
0.220993917083 0.00299159954748
0.221259837052 0.00299408149654
0.221525757021 0.00299656675654
0.22179167699 0.00299905598101
0.222057596959 0.00300154982182
0.222323516928 0.00300404885358
0.222589436897 0.00300655371969
0.222855356866 0.00300906506001
0.223121276835 0.00301158352848
0.223387196804 0.00301410977581
0.223653116773 0.0030166444138
0.223919036742 0.00301918801973
0.224184956711 0.003021741242
0.22445087668 0.00302430472314
0.224716796649 0.00302687903251
0.224982716618 0.00302946471578
0.225248636587 0.0030320622148
0.225514556556 0.00303467182303
0.225780476525 0.00303729408086
0.226046396494 0.0030399295002
0.226312316463 0.00304257823034
0.226578236432 0.00304524074873
0.226844156401 0.00304791764335
0.22711007637 0.00305060947874
0.227375996339 0.00305331659584
0.227641916308 0.00305603936771
0.227907836277 0.00305877843486
0.228173756246 0.00306153433135
0.228439676215 0.00306430770313
0.228705596184 0.00306709896852
0.228971516153 0.00306990870997
0.229237436122 0.0030727375046
0.229503356091 0.00307558613579
0.22976927606 0.00307845517627
0.230035196029 0.00308134503261
0.230301115998 0.00308425603219
0.230567035967 0.00308718865945
0.230832955936 0.00309014339868
0.231098875905 0.00309312080613
0.231364795874 0.00309612142223
0.231630715843 0.00309914580156
0.231896635812 0.00310219445558
0.232162555781 0.00310526793114
0.23242847575 0.00310836700643
0.232694395719 0.00311149229866
0.232960315688 0.00311464429522
0.233226235657 0.0031178233304
0.233492155626 0.00312102989257
0.233758075595 0.00312426442517
0.234023995565 0.00312752728017
0.234289915534 0.00313081885406
0.234555835503 0.00313413960568
0.234821755472 0.00313749014958
0.235087675441 0.00314087098287
0.23535359541 0.00314428251036
0.235619515379 0.00314772524966
0.235885435348 0.00315119968447
0.236151355317 0.00315470624799
0.236417275286 0.00315824533014
0.236683195255 0.00316181729604
0.236949115224 0.00316542248098
0.237215035193 0.00316906112468
0.237480955162 0.0031727336136
0.237746875131 0.00317644041281
0.2380127951 0.00318018189737
0.238278715069 0.00318395841895
0.238544635038 0.00318777029299
0.238810555007 0.00319161765917
0.239076474976 0.00319550060026
0.239342394945 0.00319941915152
0.239608314914 0.00320337301529
0.239874234883 0.0032073619941
0.240140154852 0.00321138590143
0.240406074821 0.00321544459462
0.24067199479 0.00321953795846
0.240937914759 0.00322366582004
0.241203834728 0.00322782795537
0.241469754697 0.00323202412506
0.241735674666 0.00323625418324
0.242001594635 0.00324051779249
0.242267514604 0.00324481455017
0.242533434573 0.00324914404172
0.242799354542 0.00325350585212
0.243065274511 0.00325789944507
0.24333119448 0.00326232428382
0.243597114449 0.0032667798156
0.243863034418 0.0032712653892
0.244128954387 0.0032757803878
0.244394874356 0.00328032413154
0.244660794325 0.00328489607807
0.244926714294 0.00328949566484
0.245192634263 0.0032941221197
0.245458554232 0.00329877462972
0.245724474201 0.0033034523453
0.24599039417 0.00330815443046
0.246256314139 0.0033128800825
0.246522234108 0.00331762842431
0.246788154077 0.00332239851646
0.247054074046 0.00332718937576
0.247319994015 0.00333199999966
0.247585913984 0.00333682956264
0.247851833953 0.00334167708104
0.248117753922 0.00334654158987
0.248383673891 0.00335142206575
0.24864959386 0.00335631740813
0.248915513829 0.00336122649285
0.249181433798 0.00336614815562
0.249447353767 0.00337108122819
0.249713273736 0.00337602454017
0.249979193705 0.00338100731049
0.250245113674 0.00338601902101
0.250511033643 0.00339102489834
0.250776953612 0.00339602151117
0.251042873581 0.00340101373498
0.25130879355 0.00340600676426
0.251574713519 0.00341100494583
0.251840633488 0.00341601168164
0.252106553457 0.00342102981258
0.252372473426 0.00342606183995
0.252638393395 0.00343110988129
0.252904313364 0.00343617579312
0.253170233333 0.00344126101794
0.253436153302 0.00344636661443
0.253702073271 0.00345149347502
0.25396799324 0.00345664226936
0.254233913209 0.00346181357588
0.254499833178 0.0034670076941
0.254765753147 0.00347222472064
0.255031673116 0.00347746459784
0.255297593085 0.00348272714536
0.255563513054 0.00348801199515
0.255829433023 0.00349331874107
0.256095352992 0.00349864686584
0.256361272961 0.00350399563767
0.256627192931 0.00350936428019
0.2568931129 0.00351475209234
0.257159032869 0.00352015831134
0.257424952838 0.00352558212007
0.257690872807 0.00353102264035
0.257956792776 0.00353647898879
0.258222712745 0.00354195013885
0.258488632714 0.0035474350823
0.258754552683 0.00355293282812
0.259020472652 0.00355844238414
0.259286392621 0.00356396277151
0.25955231259 0.00356949297925
0.259818232559 0.00357503199561
0.260084152528 0.00358057881884
0.260350072497 0.00358613244343
0.260615992466 0.00359169187214
0.260881912435 0.00359725612547
0.261147832404 0.00360282424484
0.261413752373 0.00360839526883
0.261679672342 0.00361396834816
0.261945592311 0.00361954263967
0.26221151228 0.00362511729469
0.262477432249 0.00363069146554
0.262743352218 0.00363626432432
0.263009272187 0.00364183506076
0.263275192156 0.00364740291058
0.263541112125 0.00365296713002
0.263807032094 0.0036585269455
0.264072952063 0.00366408169576
0.264338872032 0.00366963072094
0.264604792001 0.0036751733875
0.26487071197 0.00368070909094
0.265136631939 0.00368623725879
0.265402551908 0.00369175735857
0.265668471877 0.00369726888289
0.265934391846 0.00370277134654
0.266200311815 0.00370826431206
0.266466231784 0.00371374738439
0.266732151753 0.00371922017488
0.266998071722 0.00372468231707
0.267263991691 0.00373013350682
0.26752991166 0.00373557336707
0.267795831629 0.00374100156317
0.268061751598 0.00374641783195
0.268327671567 0.0037518219381
0.268593591536 0.00375721366889
0.268859511505 0.00376259283795
0.269125431474 0.00376795927518
0.269391351443 0.00377331282601
0.269657271412 0.00377865334929
0.269923191381 0.00378398072969
0.27018911135 0.00378929475691
0.270455031319 0.00379459537448
0.270720951288 0.00379988252121
0.270986871257 0.00380515616468
0.271252791226 0.00381041626939
0.271518711195 0.00381566281901
0.271784631164 0.00382089579922
0.272050551133 0.00382611515479
0.272316471102 0.00383132081587
0.272582391071 0.00383651282724
0.27284831104 0.00384169129759
0.273114231009 0.00384685635251
0.273380150978 0.0038520081828
0.273646070947 0.00385714680054
0.273911990916 0.00386227234045
0.274177910885 0.00386738494546
0.274443830854 0.00387248475074
0.274709750823 0.00387757177209
0.274975670792 0.00388264599652
0.275241590761 0.0038877073779
0.27550751073 0.00389275607137
0.275773430699 0.00389779226392
0.276039350668 0.00390281584412
0.276305270637 0.00390782695671
0.276571190606 0.00391282578583
0.276837110575 0.00391781263636
0.277103030544 0.00392278769949
0.277368950513 0.003927750896
0.277634870482 0.00393270245474
0.277900790451 0.00393764262776
0.27816671042 0.00394257173487
0.278432630389 0.00394749009728
0.278698550358 0.00395239790177
0.278964470328 0.00395729543643
0.279230390297 0.00396218295227
0.279496310266 0.00396706080471
0.279762230235 0.00397192908787
0.280028150204 0.0039767879134
0.280294070173 0.00398163719113
0.280559990142 0.00398647700341
0.280825910111 0.00399130745751
0.28109183008 0.00399612865917
0.281357750049 0.00400094070329
0.281623670018 0.00400574368783
0.281889589987 0.0040105376842
0.282155509956 0.00401532277816
0.282421429925 0.00402009911153
0.282687349894 0.00402486672434
0.282953269863 0.00402962549284
0.283219189832 0.00403437536037
0.283485109801 0.00403911625392
0.28375102977 0.00404384804567
0.284016949739 0.00404857062482
0.284282869708 0.00405328393037
0.284548789677 0.00405798789971
0.284814709646 0.00406268263661
0.285080629615 0.00406736800896
0.285346549584 0.00407204395451
0.285612469553 0.00407671043422
0.285878389522 0.00408136737715
0.286144309491 0.00408601468266
0.28641022946 0.00409065224267
0.286676149429 0.00409527993704
0.286942069398 0.00409989761149
0.287207989367 0.0041045050921
0.287473909336 0.00410910245942
0.287739829305 0.0041136896891
0.288005749274 0.00411826668935
0.288271669243 0.00412283337017
0.288537589212 0.00412738959719
0.288803509181 0.00413193522653
0.28906942915 0.00413647010185
0.289335349119 0.00414099392513
0.289601269088 0.00414550624172
0.289867189057 0.00415000677601
0.290133109026 0.00415449528785
0.290399028995 0.00415897163047
0.290664948964 0.0041634356728
0.290930868933 0.00416788735121
0.291196788902 0.00417232656509
0.291462708871 0.00417675322296
0.29172862884 0.00418116722209
0.291994548809 0.00418556842259
0.292260468778 0.00418995670701
0.292526388747 0.00419433198816
0.292792308716 0.00419869417406
0.293058228685 0.00420304315842
0.293324148654 0.00420737889973
0.293590068623 0.00421170136911
0.293855988592 0.00421601050776
0.294121908561 0.00422030630655
0.29438782853 0.00422458876144
0.294653748499 0.00422885805023
0.294919668468 0.00423311429486
0.295185588437 0.00423735757226
0.295451508406 0.00424158795347
0.295717428375 0.00424580551751
0.295983348344 0.00425001043986
0.296249268313 0.00425420291109
0.296515188282 0.00425838310701
0.296781108251 0.00426255120962
0.29704702822 0.00426670740641
0.297312948189 0.00427085194653
0.297578868158 0.00427498511077
0.297844788127 0.00427910714543
0.298110708096 0.00428321833795
0.298376628065 0.00428731893622
0.298642548034 0.00429140918065
0.298908468003 0.00429548930266
0.299174387972 0.00429955956124
0.299440307941 0.00430362022398
0.29970622791 0.00430767158862
0.299972147879 0.0043117246191
0.300238067848 0.00431588358541
0.300503987817 0.00432002588834
0.300769907786 0.00432413749175
0.301035827755 0.00432821560755
0.301301747724 0.00433225943841
0.301567667694 0.00433626855717
0.301833587663 0.00434024259898
0.302099507632 0.00434418135228
0.302365427601 0.00434808467742
0.30263134757 0.00435195251252
0.302897267539 0.00435578483847
0.303163187508 0.0043595816385
0.303429107477 0.00436334288158
0.303695027446 0.00436706860301
0.303960947415 0.00437075888281
0.304226867384 0.00437441383078
0.304492787353 0.00437803357473
0.304758707322 0.0043816182651
0.305024627291 0.00438516807477
0.30529054726 0.00438868318041
0.305556467229 0.00439216379075
0.305822387198 0.00439561019885
0.306088307167 0.00439902271721
0.306354227136 0.00440240163425
0.306620147105 0.00440574718499
0.306886067074 0.00440905963542
0.307151987043 0.00441233938137
0.307417907012 0.00441558686607
0.307683826981 0.00441880261085
0.30794974695 0.00442198715633
0.308215666919 0.00442514104573
0.308481586888 0.00442826481504
0.308747506857 0.00443135902718
0.309013426826 0.00443442423946
0.309279346795 0.00443746104894
0.309545266764 0.00444047010285
0.309811186733 0.00444345204615
0.310077106702 0.00444640752736
0.310343026671 0.00444933721516
0.31060894664 0.0044522417805
0.310874866609 0.00445512189051
0.311140786578 0.00445797822189
0.311406706547 0.00446081146699
0.311672626516 0.00446362228997
0.311938546485 0.00446641144352
0.312204466454 0.00446917964828
0.312470386423 0.00447192761737
0.312736306392 0.00447465606094
0.313002226361 0.0044773656696
0.31326814633 0.00448005714224
0.313534066299 0.00448273122123
0.313799986268 0.00448538867317
0.314065906237 0.00448803019917
0.314331826206 0.00449065651979
0.314597746175 0.00449326835188
0.314863666144 0.00449586643441
0.315129586113 0.00449845149935
0.315395506082 0.00450102426101
0.315661426051 0.0045035854258
0.31592734602 0.00450613570386
0.316193265989 0.00450867579392
0.316459185958 0.00451120639259
0.316725105927 0.00451372818867
0.316991025896 0.0045162418838
0.317256945865 0.00451874820176
0.317522865834 0.00452124782792
0.317788785803 0.00452374141098
0.318054705772 0.00452622963561
0.318320625741 0.00452871315694
0.31858654571 0.00453119265739
0.318852465679 0.00453366880533
0.319118385648 0.00453614227716
0.319384305617 0.00453861375086
0.319650225586 0.00454108387482
0.319916145555 0.00454355330199
0.320182065524 0.00454602268286
0.320447985493 0.00454849268786
0.320713905462 0.00455096399412
0.320979825431 0.00455343725024
0.3212457454 0.00455591313575
0.321511665369 0.00455839231745
0.321777585338 0.00456087545232
0.322043505307 0.00456336319091
0.322309425276 0.0045658561107
0.322575345245 0.0045683548476
0.322841265214 0.00457086004743
0.323107185183 0.00457337235189
0.323373105152 0.00457589242262
0.323639025121 0.00457842087652
0.323904945091 0.00458095828278
0.32417086506 0.00458350529149
0.324436785029 0.00458606254861
0.324702704998 0.00458863061877
0.324968624967 0.00459121006695
0.325234544936 0.0045938013165
0.325500464905 0.00459640469984
0.325766384874 0.00459902071377
0.326032304843 0.00460164987294
0.326298224812 0.00460429236186
0.326564144781 0.00460694862412
0.32683006475 0.0046096192374
0.327095984719 0.0046123047694
0.327361904688 0.00461500559437
0.327627824657 0.00461772206604
0.327893744626 0.0046204548193
0.328159664595 0.00462320438356
0.328425584564 0.00462597144235
0.328691504533 0.00462875638147
0.328957424502 0.00463155978353
0.329223344471 0.00463438222326
0.32948926444 0.00463722445674
0.329755184409 0.00464008710964
0.330021104378 0.00464297056256
0.330287024347 0.00464587513184
0.330552944316 0.00464880131456
0.330818864285 0.00465174959988
0.331084784254 0.00465472053976
0.331350704223 0.00465771467947
0.331616624192 0.00466073257022
0.331882544161 0.00466377473245
0.33214846413 0.00466684171185
0.332414384099 0.00466993424871
0.332680304068 0.00467305299215
0.332946224037 0.00467619842639
0.333212144006 0.00467937088397
0.333478063975 0.00468257086384
0.333743983944 0.00468579880717
0.334009903913 0.00468905507579
0.334275823882 0.00469234006215
0.334541743851 0.00469565421097
0.33480766382 0.00469899813463
0.335073583789 0.00470237236115
0.335339503758 0.00470577727667
0.335605423727 0.00470921340222
0.335871343696 0.00471268122711
0.336137263665 0.004716181187
0.336403183634 0.00471971367714
0.336669103603 0.00472327906545
0.336935023572 0.00472687768493
0.337200943541 0.00473050978672
0.33746686351 0.00473417573732
0.337732783479 0.00473787602276
0.337998703448 0.00474161100445
0.338264623417 0.00474538101929
0.338530543386 0.00474918641483
0.338796463355 0.00475302733814
0.339062383324 0.00475690387218
0.339328303293 0.00476081606064
0.339594223262 0.00476476363419
0.339860143231 0.00476874638531
0.3401260632 0.00477276412814
0.340391983169 0.00477681670155
0.340657903138 0.0047809040044
0.340923823107 0.00478502586707
0.341189743076 0.0047891820568
0.341455663045 0.00479337234971
0.341721583014 0.00479759658486
0.341987502983 0.00480185445801
0.342253422952 0.00480614557028
0.342519342921 0.00481046950344
0.34278526289 0.00481482584889
0.343051182859 0.00481921407704
0.343317102828 0.00482363365436
0.343583022797 0.00482808402921
0.343848942766 0.00483256455437
0.344114862735 0.00483707460236
0.344380782704 0.00484161350873
0.344646702673 0.00484618068357
0.344912622642 0.00485077560952
0.345178542611 0.00485539752087
0.34544446258 0.00486004561065
0.345710382549 0.00486471903153
0.345976302518 0.00486941694164
0.346242222487 0.00487413854487
0.346508142457 0.00487888296805
0.346774062426 0.00488364927706
0.347039982395 0.00488843648648
0.347305902364 0.00489324359198
0.347571822333 0.00489806975427
0.347837742302 0.0049029140082
0.348103662271 0.00490777537397
0.34836958224 0.00491265285311
0.348635502209 0.00491754534522
0.348901422178 0.00492245172816
0.349167342147 0.00492737083956
0.349433262116 0.00493230151262
0.349699182085 0.00493724257533
0.349965102054 0.0049422232416
0.350231022023 0.00494723319982
0.350496941992 0.0049522374541
0.350762861961 0.00495723257637
0.35102878193 0.00496222343691
0.351294701899 0.00496721520641
0.351560621868 0.00497221224985
0.351826541837 0.00497721796882
0.352092461806 0.00498223520779
0.352358381775 0.00498726646518
0.352624301744 0.0049923138521
0.352890221713 0.00499737922383
0.353156141682 0.00500246402272
0.353422061651 0.00500756930582
0.35368798162 0.00501269596258
0.353953901589 0.00501784466231
0.354219821558 0.00502301596015
0.354485741527 0.00502821017051
0.354751661496 0.00503342738944
0.355017581465 0.00503866755499
0.355283501434 0.00504393048621
0.355549421403 0.00504921581234
0.355815341372 0.00505452311793
0.356081261341 0.00505985188566
0.35634718131 0.00506520138312
0.356613101279 0.00507057082307
0.356879021248 0.00507595950094
0.357144941217 0.00508136666042
0.357410861186 0.00508679147976
0.357676781155 0.00509223307565
0.357942701124 0.00509769056398
0.358208621093 0.00510316291645
0.358474541062 0.0051086491159
0.358740461031 0.00511414816754
0.359006381 0.00511965908341
0.359272300969 0.00512518087279
0.359538220938 0.00513071252897
0.359804140907 0.00513625303456
0.360070060876 0.00514180138744
0.360335980845 0.00514735657866
0.360601900814 0.00515291760898
0.360867820783 0.00515848349402
0.361133740752 0.00516405327573
0.361399660721 0.00516962598982
0.36166558069 0.00517520077257
0.361931500659 0.0051807767919
0.362197420628 0.00518635319521
0.362463340597 0.00519192912999
0.362729260566 0.00519750376868
0.362995180535 0.00520307629891
0.363261100504 0.00520864595192
0.363527020473 0.00521421198283
0.363792940442 0.00521977361482
0.364058860411 0.00522533018194
0.36432478038 0.00523088102741
0.364590700349 0.00523642551522
0.364856620318 0.00524196304049
0.365122540287 0.00524749302659
0.365388460256 0.00525301493975
0.365654380225 0.00525852827231
0.365920300194 0.00526403253787
0.366186220163 0.00526952729468
0.366452140132 0.00527501214322
0.366718060101 0.00528048669922
0.36698398007 0.00528595059559
0.367249900039 0.0052914035269
0.367515820008 0.00529684511661
0.367781739977 0.00530227502463
0.368047659946 0.00530769298954
0.368313579915 0.00531309877204
0.368579499884 0.00531849215751
0.368845419853 0.00532387296164
0.369111339823 0.00532924101325
0.369377259792 0.00533459615793
0.369643179761 0.00533993825381
0.36990909973 0.00534526718379
0.370175019699 0.00535058274036
0.370440939668 0.00535588486118
0.370706859637 0.0053611734854
0.370972779606 0.00536644858091
0.371238699575 0.00537171011243
0.371504619544 0.00537695806187
0.371770539513 0.00538219241593
0.372036459482 0.00538741312298
0.372302379451 0.00539262010744
0.37256829942 0.00539781341078
0.372834219389 0.00540299314296
0.373100139358 0.00540815942733
0.373366059327 0.00541331245487
0.373631979296 0.0054184522428
0.373897899265 0.00542357892105
0.374163819234 0.00542869263227
0.374429739203 0.00543379351482
0.374695659172 0.00543888159007
0.374961579141 0.00544395684512
0.37522749911 0.00544901923068
0.375493419079 0.00545406889906
0.375759339048 0.00545910603776
0.376025259017 0.00546413054247
0.376291178986 0.00546914254697
0.376557098955 0.00547414223134
0.376823018924 0.00547912989852
0.377088938893 0.00548410575484
0.377354858862 0.00548906971706
0.377620778831 0.00549402200574
0.3778866988 0.00549896287076
0.378152618769 0.00550389262908
0.378418538738 0.00550881161496
0.378684458707 0.00551372000407
0.378950378676 0.00551861809155
0.379216298645 0.00552350612248
0.379482218614 0.00552838445635
0.379748138583 0.00553325320137
0.380014058552 0.00553811245722
0.380279978521 0.0055429621515
0.38054589849 0.00554780235726
0.380811818459 0.00555263317905
0.381077738428 0.00555745472258
0.381343658397 0.00556226708244
0.381609578366 0.00556707035871
0.381875498335 0.00557186462343
0.382141418304 0.00557664995946
0.382407338273 0.0055814265124
0.382673258242 0.00558619432345
0.382939178211 0.00559095327554
0.38320509818 0.00559570330831
0.383471018149 0.00560044435283
0.383736938118 0.00560517628305
0.384002858087 0.00560989898365
0.384268778056 0.00561461239464
0.384534698025 0.00561931645163
0.384800617994 0.00562401124816
0.385066537963 0.00562869666868
0.385332457932 0.00563337264278
0.385598377901 0.00563803913267
0.38586429787 0.00564269606842
0.386130217839 0.00564734335043
0.386396137808 0.00565198087182
0.386662057777 0.00565660851271
0.386927977746 0.00566122612286
0.387193897715 0.00566583351707
0.387459817684 0.00567043077696
0.387725737653 0.00567501788375
0.387991657622 0.00567959474622
0.388257577591 0.00568416127544
0.38852349756 0.00568871733748
0.388789417529 0.00569326278923
0.389055337498 0.00569779747321
0.389321257467 0.00570232110688
0.389587177436 0.00570683322644
0.389853097405 0.00571133355446
0.390119017374 0.00571582185031
0.390384937343 0.0057202979639
0.390650857312 0.0057247617614
0.390916777281 0.00572921318116
0.39118269725 0.00573365212106
0.39144861722 0.00573807849192
0.391714537189 0.00574249219203
0.391980457158 0.00574689308097
0.392246377127 0.00575128104069
0.392512297096 0.0057556559831
0.392778217065 0.00576001781938
0.393044137034 0.0057643664381
0.393310057003 0.00576870179865
0.393575976972 0.00577302387167
0.393841896941 0.00577733260297
0.39410781691 0.00578162798113
0.394373736879 0.00578590999681
0.394639656848 0.00579017882768
0.394905576817 0.00579443459658
0.395171496786 0.00579867738038
0.395437416755 0.00580290725065
0.395703336724 0.00580712428621
0.395969256693 0.00581132865909
0.396235176662 0.00581552056041
0.396501096631 0.00581970016643
0.3967670166 0.00582386765923
0.397032936569 0.00582802322558
0.397298856538 0.00583216711143
0.397564776507 0.00583629959996
0.397830696476 0.00584042093732
0.398096616445 0.00584453141092
0.398362536414 0.00584863127
0.398628456383 0.00585272075581
0.398894376352 0.00585680009826
0.399160296321 0.00586086955644
0.39942621629 0.00586492939779
0.399692136259 0.00586897991814
0.399958056228 0.00587303208493
0.400223976197 0.00587719015538
0.400489896166 0.00588133153973
0.400755816135 0.00588544220276
0.401021736104 0.0058895193557
0.401287656073 0.00589356219893
0.401553576042 0.0058975703084
0.401819496011 0.00590154331914
0.40208541598 0.00590548102112
0.402351335949 0.00590938327373
0.402617255918 0.00591325001634
0.402883175887 0.00591708123006
0.403149095856 0.00592087689937
0.403415015825 0.00592463699436
0.403680935794 0.00592836154935
0.403946855763 0.00593205064541
0.404212775732 0.00593570439225
0.404478695701 0.00593932291798
0.40474461567 0.00594290637352
0.405010535639 0.00594645493277
0.405276455608 0.0059499687733
0.405542375577 0.005953448102
0.405808295546 0.00595689321211
0.406074215515 0.00596030441723
0.406340135484 0.00596368200928
0.406606055453 0.00596702622334
0.406871975422 0.00597033732123
0.407137895391 0.00597361570009
0.40740381536 0.00597686179979
0.407669735329 0.00598007614203
0.407935655298 0.00598325926744
0.408201575267 0.00598641172011
0.408467495236 0.00598953403733
0.408733415205 0.00599262678084
0.408999335174 0.00599569050737
0.409265255143 0.00599872581334
0.409531175112 0.00600173334522
0.409797095081 0.00600471374842
0.41006301505 0.00600766767112
0.410328935019 0.00601059578161
0.410594854988 0.00601349875065
0.410860774957 0.00601637724581
0.411126694926 0.00601923194315
0.411392614895 0.00602206353528
0.411658534864 0.00602487268418
0.411924454833 0.00602766014308
0.412190374802 0.00603042663335
0.412456294771 0.00603317286759
0.41272221474 0.00603589955777
0.412988134709 0.00603860739268
0.413254054678 0.00604129707127
0.413519974647 0.00604396932922
0.413785894616 0.00604662493778
0.414051814586 0.00604926459774
0.414317734555 0.00605188903003
0.414583654524 0.00605449895018
0.414849574493 0.00605709509709
0.415115494462 0.00605967820287
0.415381414431 0.00606224898172
0.4156473344 0.0060648081405
0.415913254369 0.0060673563886
0.416179174338 0.00606989442531
0.416445094307 0.00607242294732
0.416711014276 0.00607494264319
0.416976934245 0.00607745421262
0.417242854214 0.00607995838061
0.417508774183 0.00608245583428
0.417774694152 0.00608494722062
0.418040614121 0.00608743322511
0.41830653409 0.00608991450403
0.418572454059 0.00609239173848
0.418838374028 0.00609486559629
0.419104293997 0.00609733675419
0.419370213966 0.00609980589019
0.419636133935 0.00610227365408
0.419902053904 0.00610474069839
0.420167973873 0.00610720766582
0.420433893842 0.00610967523009
0.420699813811 0.00611214406868
0.42096573378 0.00611461483013
0.421231653749 0.00611708819374
0.421497573718 0.00611956482737
0.421763493687 0.00612204538728
0.422029413656 0.00612453052542
0.422295333625 0.00612702082146
0.422561253594 0.00612951690997
0.422827173563 0.00613201943555
0.423093093532 0.00613452903898
0.423359013501 0.00613704638323
0.42362493347 0.00613957208976
0.423890853439 0.00614210672336
0.424156773408 0.0061446509349
0.424422693377 0.00614720537067
0.424688613346 0.00614977059997
0.424954533315 0.00615234719044
0.425220453284 0.00615493556632
0.425486373253 0.00615753607935
0.425752293222 0.00616014920159
0.426018213191 0.00616277545029
0.42628413316 0.00616541503145
0.426550053129 0.00616806836298
0.426815973098 0.0061707360193
0.427081893067 0.00617341857306
0.427347813036 0.0061761164234
0.427613733005 0.00617882990038
0.427879652974 0.00618155963278
0.428145572943 0.00618430616028
0.428411492912 0.00618707016271
0.428677412881 0.00618985203893
0.42894333285 0.00619265236355
0.429209252819 0.0061954717048
0.429475172788 0.00619831080176
0.429741092757 0.00620117031769
0.430007012726 0.00620405061001
0.430272932695 0.00620695201581
0.430538852664 0.0062098750221
0.430804772633 0.00621282011969
0.431070692602 0.00621578785649
0.431336612571 0.00621877877929
0.43160253254 0.00622179344117
0.431868452509 0.00622483236246
0.432134372478 0.00622789608936
0.432400292447 0.00623098533895
0.432666212416 0.00623410077885
0.432932132385 0.00623724290952
0.433198052354 0.00624041205261
0.433463972323 0.00624360870973
0.433729892292 0.00624683332934
0.433995812261 0.00625008626893
0.43426173223 0.00625336792356
0.434527652199 0.00625667872927
0.434793572168 0.00626001929285
0.435059492137 0.00626339016099
0.435325412106 0.00626679170731
0.435591332075 0.00627022445545
0.435857252044 0.00627368889821
0.436123172013 0.00627718547373
0.436389091983 0.00628071458189
0.436655011952 0.00628427659209
0.436920931921 0.00628787183713
0.43718685189 0.00629150057899
0.437452771859 0.00629516315739
0.437718691828 0.00629886007182
0.437984611797 0.00630259168542
0.438250531766 0.00630635832627
0.438516451735 0.00631016036406
0.438782371704 0.00631399794713
0.439048291673 0.0063178711628
0.439314211642 0.00632178005693
0.439580131611 0.00632572438547
0.43984605158 0.00632970393059
0.440111971549 0.00633371850592
0.440377891518 0.0063377679387
0.440643811487 0.00634185213709
0.440909731456 0.00634597093043
0.441175651425 0.00635012409227
0.441441571394 0.00635431139488
0.441707491363 0.00635853267159
0.441973411332 0.00636278763691
0.442239331301 0.00636707589373
0.44250525127 0.0063713970242
0.442771171239 0.00637575061923
0.443037091208 0.00638013615789
0.443303011177 0.00638455310472
0.443568931146 0.00638900090983
0.443834851115 0.00639347893199
0.444100771084 0.00639798653477
0.444366691053 0.00640252306429
0.444632611022 0.00640708791092
0.444898530991 0.0064116805691
0.44516445096 0.00641630028413
0.445430370929 0.0064209462521
0.445696290898 0.00642561762728
0.445962210867 0.0064303135605
0.446228130836 0.00643503326105
0.446494050805 0.00643977585928
0.446759970774 0.0064445404242
0.447025890743 0.00644932597151
0.447291810712 0.00645413149777
0.447557730681 0.00645895614593
0.44782365065 0.00646379896621
0.448089570619 0.00646865897118
0.448355490588 0.00647353517529
0.448621410557 0.00647842647915
0.448887330526 0.00648333176168
0.449153250495 0.00648824986215
0.449419170464 0.00649317961312
0.449685090433 0.00649811984199
0.449951010402 0.00650309975964
0.450216930371 0.00650810910845
0.45048285034 0.00651311283315
0.450748770309 0.00651810750676
0.451014690278 0.00652309799741
0.451280610247 0.00652808946255
0.451546530216 0.00653308627621
0.451812450185 0.00653809184215
0.452078370154 0.00654310900033
0.452344290123 0.00654814025063
0.452610210092 0.00655318769944
0.452876130061 0.00655825320272
0.45314205003 0.00656333820197
0.453407969999 0.00656844375388
0.453673889968 0.00657357074449
0.453939809937 0.00657871984351
0.454205729906 0.0065838915926
0.454471649875 0.00658908631449
0.454737569844 0.00659430410367
0.455003489813 0.00659954489667
0.455269409782 0.00660480850892
0.455535329751 0.00661009456996
0.45580124972 0.00661540265803
0.456067169689 0.00662073225456
0.456333089658 0.00662608262963
0.456599009627 0.00663145299207
0.456864929596 0.00663684262645
0.457130849565 0.00664225078085
0.457396769534 0.00664767663205
0.457662689503 0.00665311929313
0.457928609472 0.00665857787791
0.458194529441 0.00666405135857
0.45846044941 0.00666953871436
0.458726369379 0.00667503894603
0.458992289349 0.00668055106458
0.459258209318 0.00668607407482
0.459524129287 0.00669160697191
0.459790049256 0.00669714873545
0.460055969225 0.0067026983618
0.460321889194 0.00670825484026
0.460587809163 0.00671381717039
0.460853729132 0.00671938436443
0.461119649101 0.00672495546448
0.46138556907 0.00673052950407
0.461651489039 0.00673610561193
0.461917409008 0.00674168295924
0.462183328977 0.00674726069273
0.462449248946 0.00675283795899
0.462715168915 0.00675841392828
0.462981088884 0.00676398778773
0.463247008853 0.00676955876606
0.463512928822 0.00677512611782
0.463778848791 0.00678068906537
0.46404476876 0.00678624693862
0.464310688729 0.00679179908309
0.464576608698 0.00679734486134
0.464842528667 0.00680288366817
0.465108448636 0.00680841492497
0.465374368605 0.00681393809709
0.465640288574 0.006819452677
0.465906208543 0.00682495817765
0.466172128512 0.00683045415493
0.466438048481 0.00683594020741
0.46670396845 0.00684141595309
0.466969888419 0.00684688102275
0.467235808388 0.00685233511223
0.467501728357 0.00685777784832
0.467767648326 0.00686320888427
0.468033568295 0.00686862796068
0.468299488264 0.00687403483665
0.468565408233 0.00687942929677
0.468831328202 0.00688481115819
0.469097248171 0.00689018024885
0.46936316814 0.00689553641473
0.469629088109 0.00690087951391
0.469895008078 0.00690620942878
0.470160928047 0.00691152595573
0.470426848016 0.00691682902429
0.470692767985 0.00692211857811
0.470958687954 0.00692739458317
0.471224607923 0.00693265700566
0.471490527892 0.00693790582722
0.471756447861 0.00694314103557
0.47202236783 0.00694836258302
0.472288287799 0.0069535703899
0.472554207768 0.00695876449283
0.472820127737 0.00696394500474
0.473086047706 0.00696911204284
0.473351967675 0.00697426580059
0.473617887644 0.00697940630265
0.473883807613 0.00698453367369
0.474149727582 0.00698964805669
0.474415647551 0.00699474959173
0.47468156752 0.00699983831035
0.474947487489 0.00700491419998
0.475213407458 0.00700997720593
0.475479327427 0.00701502747791
0.475745247396 0.00702006520049
0.476011167365 0.00702509028356
0.476277087334 0.00703010284574
0.476543007303 0.00703510306253
0.476808927272 0.00704009123676
0.477074847241 0.00704506758154
0.47734076721 0.0070500320321
0.477606687179 0.00705498478702
0.477872607148 0.007059926094
0.478138527117 0.00706485626897
0.478404447086 0.00706977566096
0.478670367055 0.00707468443159
0.478936287024 0.00707958288238
0.479202206993 0.00708447124827
0.479468126962 0.00708934989573
0.479734046931 0.00709421895408
0.4799999669 0.00709907850499
0.480265886869 0.00710392849619
0.480531806838 0.00710876899074
0.480797726807 0.0071136000908
0.481063646776 0.00711842190429
0.481329566745 0.00712323452335
0.481595486715 0.00712803805068
0.481861406684 0.00713283255932
0.482127326653 0.0071376181237
0.482393246622 0.00714239489896
0.482659166591 0.00714716292725
0.48292508656 0.00715192210127
0.483191006529 0.00715667235479
0.483456926498 0.00716141362274
0.483722846467 0.00716614578286
0.483988766436 0.00717086871312
0.484254686405 0.00717558235423
0.484520606374 0.00718028664085
0.484786526343 0.00718498165356
0.485052446312 0.00718966730263
0.485318366281 0.00719434350235
0.48558428625 0.00719901021831
0.485850206219 0.00720366738247
0.486116126188 0.00720831489641
0.486382046157 0.00721295265406
0.486647966126 0.00721758053668
0.486913886095 0.00722219839831
0.487179806064 0.00722680604852
0.487445726033 0.00723140355583
0.487711646002 0.00723599091282
0.487977565971 0.00724056802724
0.48824348594 0.00724513481239
0.488509405909 0.00724969113664
0.488775325878 0.00725423685761
0.489041245847 0.00725877181832
0.489307165816 0.00726329575891
0.489573085785 0.00726780819935
0.489839005754 0.00727230886069
0.490104925723 0.00727679750084
0.490370845692 0.00728127396254
0.490636765661 0.00728573810982
0.49090268563 0.00729018988414
0.491168605599 0.00729462918111
0.491434525568 0.00729905591322
0.491700445537 0.00730346998189
0.491966365506 0.00730787124559
0.492232285475 0.00731225958477
0.492498205444 0.00731663490926
0.492764125413 0.00732099713554
0.493030045382 0.00732534614563
0.493295965351 0.0073296818988
0.49356188532 0.00733400436488
0.493827805289 0.00733831349053
0.494093725258 0.00734260926255
0.494359645227 0.00734689166864
0.494625565196 0.00735116087785
0.494891485165 0.00735541701971
0.495157405134 0.00735966017154
0.495423325103 0.0073638904053
0.495689245072 0.00736810779965
0.495955165041 0.0073723125203
0.49622108501 0.00737650475827
0.496487004979 0.00738068469098
0.496752924948 0.00738485250036
0.497018844917 0.00738900837299
0.497284764886 0.00739315254717
0.497550684855 0.00739728531103
0.497816604824 0.00740140691038
0.498082524793 0.00740551763089
0.498348444762 0.00740961772521
0.498614364731 0.00741370743601
0.4988802847 0.00741778699121
0.499146204669 0.00742185664942
0.499412124638 0.00742591667724
0.499678044607 0.00742996736852
0.499943964576 0.00743401805141
0.500209884545 0.00743817740322
0.500475804514 0.00744232049054
0.500741724483 0.00744643261805
0.501007644452 0.0074505108098
0.501273564421 0.00745455424549
0.50153948439 0.00745856255969
0.501805404359 0.00746253545989
0.502071324328 0.00746647279745
0.502337244297 0.00747037448844
0.502603164266 0.00747424052688
0.502869084235 0.00747807092794
0.503135004204 0.00748186571222
0.503400924173 0.0074856248654
0.503666844142 0.00748934843404
0.503932764112 0.00749303651347
0.504198684081 0.00749668922173
0.50446460405 0.00750030669624
0.504730524019 0.00750388909402
0.504996443988 0.00750743659487
0.505262363957 0.00751094938616
0.505528283926 0.00751442766913
0.505794203895 0.00751787173857
0.506060123864 0.00752128191082
0.506326043833 0.0075246584801
0.506591963802 0.00752800168657
0.506857883771 0.00753131178598
0.50712380374 0.00753458917675
0.507389723709 0.00753783428677
0.507655643678 0.00754104764044
0.507921563647 0.00754422977771
0.508187483616 0.00754738124453
0.508453403585 0.00755050258375
0.508719323554 0.0075535943521
0.508985243523 0.00755665710343
0.509251163492 0.00755969143249
0.509517083461 0.00756269798279
0.50978300343 0.00756567740143
0.510048923399 0.00756863033464
0.510314843368 0.00757155745061
0.510580763337 0.00757445941949
0.510846683306 0.00757733690947
0.511112603275 0.00758019059466
0.511378523244 0.00758302116758
0.511644443213 0.00758582928838
0.511910363182 0.00758861570963
0.512176283151 0.00759138115367
0.51244220312 0.00759412633263
0.512708123089 0.00759685195797
0.512974043058 0.00759955872361
0.513239963027 0.00760224732416
0.513505882996 0.00760491847808
0.513771802965 0.00760757296816
0.514037722934 0.00761021149439
0.514303642903 0.007612834777
0.514569562872 0.00761544353087
0.514835482841 0.00761803849491
0.51510140281 0.00762062040204
0.515367322779 0.00762318996686
0.515633242748 0.00762574789622
0.515899162717 0.007628294899
0.516165082686 0.00763083167602
0.516431002655 0.00763335892461
0.516696922624 0.00763587733224
0.516962842593 0.00763838759537
0.517228762562 0.00764089044151
0.517494682531 0.00764338656103
0.5177606025 0.0076458765985
0.518026522469 0.00764836124011
0.518292442438 0.00765084114482
0.518558362407 0.00765331699208
0.518824282376 0.00765578944806
0.519090202345 0.00765825919057
0.519356122314 0.00766072689739
0.519622042283 0.00766319322007
0.519887962252 0.00766565881101
0.520153882221 0.00766812430262
0.52041980219 0.00767059037412
0.520685722159 0.00767305770296
0.520951642128 0.00767552693911
0.521217562097 0.00767799876099
0.521483482066 0.00768047383829
0.521749402035 0.0076829528265
0.522015322004 0.00768543637938
0.522281241973 0.0076879250792
0.522547161942 0.0076904195598
0.522813081911 0.00769292046427
0.52307900188 0.00769542843303
0.523344921849 0.00769794413023
0.523610841818 0.00770046818159
0.523876761787 0.00770300114901
0.524142681756 0.00770554368362
0.524408601725 0.00770809643198
0.524674521694 0.00771065996775
0.524940441663 0.00771323486073
0.525206361632 0.00771582153505
0.525472281601 0.00771842036204
0.52573820157 0.00772103179146
0.526004121539 0.00772365634626
0.526270041508 0.00772629425001
0.526535961478 0.00772894589527
0.526801881447 0.00773161185535
0.527067801416 0.0077342927075
0.527333721385 0.00773698887907
0.527599641354 0.00773970067082
0.527865561323 0.00774242870569
0.528131481292 0.00774517353802
0.528397401261 0.00774793583282
0.52866332123 0.0077507160154
0.528929241199 0.00775351464644
0.529195161168 0.00775633228666
0.529461081137 0.00775916965894
0.529727001106 0.00776202746548
0.529992921075 0.00776490603759
0.530258841044 0.00776780574045
0.530524761013 0.00777072704544
0.530790680982 0.00777367044359
0.531056600951 0.0077766364792
0.53132252092 0.0077796256985
0.531588440889 0.00778263865728
0.531854360858 0.00778567587353
0.532120280827 0.00778873789351
0.532386200796 0.00779182541214
