0.000812182741117 0
0.00107558052761 0
0.0013389783141 0
0.0016023761006 0
0.00186577388709 0
0.00212917167358 0
0.00239256946008 0
0.00265596724657 0
0.00291936503306 0
0.00318276281956 0
0.00344616060605 0
0.00370955839254 0
0.00397295617904 0
0.00423635396553 0
0.00449975175203 0
0.00476314953852 0
0.00502654732501 0
0.00528994511151 0
0.005553342898 0
0.00581674068449 0
0.00608013847099 0
0.00634353625748 0
0.00660693404397 0
0.00687033183047 0
0.00713372961696 0
0.00739712740345 0
0.00766052518995 0
0.00792392297644 0
0.00818732076293 0
0.00845071854943 0
0.00871411633592 0
0.00897751412241 0
0.00924091190891 0
0.0095043096954 0
0.00976770748189 0
0.0100311052684 0
0.0102945030549 0
0.0105579008414 0
0.0108212986279 0
0.0110846964144 0
0.0113480942009 0
0.0116114919873 0
0.0118748897738 0
0.0121382875603 0
0.0124016853468 0
0.0126650831333 0
0.0129284809198 0
0.0131918787063 0
0.0134552764928 0
0.0137186742793 0
0.0139820720658 0
0.0142454698523 -5.8319075451e-06
0.0145088676388 -1.1385547799e-05
0.0147722654253 -1.66670821798e-05
0.0150356632118 -2.16795631291e-05
0.0152990609983 -2.64249032585e-05
0.0155624587848 -3.09047339853e-05
0.0158258565712 -3.51202142044e-05
0.0160892543577 -3.90736387574e-05
0.0163526521442 -4.27712740942e-05
0.0166160499307 -4.6214646869e-05
0.0168794477172 -4.94055971341e-05
0.0171428455037 -5.23457500345e-05
0.0174062432902 -5.50356221474e-05
0.0176696410767 -5.74824214895e-05
0.0179330388632 -5.96894461773e-05
0.0181964366497 -6.16576638056e-05
0.0184598344362 -6.33871431118e-05
0.0187232322227 -6.48780945326e-05
0.0189866300092 -6.61306315304e-05
0.0192500277957 -6.71438406424e-05
0.0195134255822 -6.79190424749e-05
0.0197768233686 -6.84612500049e-05
0.0200402211551 -6.87687722972e-05
0.0203036189416 -6.88383289344e-05
0.0205670167281 -6.86659751068e-05
0.0208304145146 -6.82469606487e-05
0.0210938123011 -6.75778298385e-05
0.0213572100876 -6.66557185157e-05
0.0216206078741 -6.54789853564e-05
0.0218840056606 -6.4044590023e-05
0.0221474034471 -6.23465431349e-05
0.0224108012336 -6.0380552977e-05
0.0226741990201 -5.8147283625e-05
0.0229375968066 -5.56425453169e-05
0.0232009945931 -5.28615208227e-05
0.0234643923796 -4.98017439933e-05
0.023727790166 -4.64601857471e-05
0.0239911879525 -4.28336077637e-05
0.024254585739 -3.89199546603e-05
0.0245179835255 -3.47167012899e-05
0.024781381312 -3.02203119695e-05
0.0250447790985 -2.54310561209e-05
0.025308176885 -2.03481981335e-05
0.0255715746715 -1.49700346417e-05
0.025834972458 -9.29513168703e-06
0.0260983702445 -3.32145077628e-06
0.026361768031 2.95174836698e-06
0.0266251658175 9.52533626318e-06
0.026888563604 1.64027545275e-05
0.0271519613905 2.35840681169e-05
0.027415359177 3.10690928633e-05
0.0276787569635 3.88567017023e-05
0.0279421547499 4.69489943625e-05
0.0282055525364 5.53471609254e-05
0.0284689503229 6.4052730421e-05
0.0287323481094 7.30635423069e-05
0.0289957458959 8.23807190492e-05
0.0292591436824 9.20046634698e-05
0.0295225414689 0.000101932953195
0.0297859392554 0.00011216169138
0.0300493370419 0.000122693039313
0.0303127348284 0.000133529059438
0.0305761326149 0.000144672412645
0.0308395304014 0.000156115949716
0.0311029281879 0.000167855326801
0.0313663259744 0.000179887992144
0.0316297237609 0.000192218015537
0.0318931215473 0.000204828527908
0.0321565193338 0.000217704005958
0.0324199171203 0.000230802876504
0.0326833149068 0.000244118411444
0.0329467126933 0.000257644668724
0.0332101104798 0.000271378403193
0.0334735082663 0.00028530962477
0.0337369060528 0.000299431048807
0.0340003038393 0.000313716867382
0.0342637016258 0.000328195624306
0.0345270994123 0.000342885075097
0.0347904971988 0.000357761604825
0.0350538949853 0.000372830317995
0.0353172927718 0.000388096251018
0.0355806905583 0.000403561719869
0.0358440883447 0.000419214439272
0.0361074861312 0.000435040023901
0.0363708839177 0.000451024439926
0.0366342817042 0.000467160065441
0.0368976794907 0.000483433570723
0.0371610772772 0.000499827466024
0.0374244750637 0.000516340015166
0.0376878728502 0.000532952379066
0.0379512706367 0.000549649855831
0.0382146684232 0.000566414055994
0.0384780662097 0.000583241905109
0.0387414639962 0.000600116778517
0.0390048617827 0.000617018036519
0.0392682595692 0.000633922707953
0.0395316573557 0.000650787624871
0.0397950551421 0.000667587769848
0.0400584529286 0.0006842965664
0.0403218507151 0.000700919373527
0.0405852485016 0.00071744348544
0.0408486462881 0.000733846187622
0.0411120440746 0.000750109356244
0.0413754418611 0.000766217693852
0.0416388396476 0.000782164687641
0.0419022374341 0.000797943642946
0.0421656352206 0.00081355414827
0.0424290330071 0.000829006225021
0.0426924307936 0.000844297192016
0.0429558285801 0.000859425636677
0.0432192263666 0.000874389355982
0.0434826241531 0.000889184376089
0.0437460219396 0.000903808070719
0.044009419726 0.000918261827468
0.0442728175125 0.00093254846836
0.044536215299 0.000946675183961
0.0447996130855 0.000960657346238
0.045063010872 0.00097449644504
0.0453264086585 0.000988190689955
0.045589806445 0.00100173589748
0.0458532042315 0.00101512959615
0.046116602018 0.00102836543279
0.0463799998045 0.00104143344215
0.046643397591 0.00105432114865
0.0469067953775 0.0010670160669
0.047170193164 0.00107950759001
0.0474335909505 0.00109178664108
0.047696988737 0.00110384240785
0.0479603865234 0.0011156620747
0.0482237843099 0.00112723382082
0.0484871820964 0.00113854672287
0.0487505798829 0.00114959103821
0.0490139776694 0.00116035823603
0.0492773754559 0.00117084116276
0.0495407732424 0.00118103498708
0.0498041710289 0.00119093859971
0.0500675688154 0.00119987713134
0.0503309666019 0.00120919027949
0.0505943643884 0.00121845654142
0.0508577621749 0.00122760428599
0.0511211599614 0.00123655764815
0.0513845577479 0.00124523767647
0.0516479555344 0.001253565289
0.0519113533208 0.00126147871567
0.0521747511073 0.00126894799622
0.0524381488938 0.00127595958754
0.0527015466803 0.00128251459999
0.0529649444668 0.00128862094282
0.0532283422533 0.00129429568261
0.0534917400398 0.00129956028199
0.0537551378263 0.00130443670336
0.0540185356128 0.00130894596067
0.0542819333993 0.00131310760354
0.0545453311858 0.00131693938009
0.0548087289723 0.00132045715057
0.0550721267588 0.00132367500865
0.0553355245453 0.00132660600785
0.0555989223318 0.00132926150056
0.0558623201183 0.00133165224383
0.0561257179047 0.00133379836729
0.0563891156912 0.00133571577879
0.0566525134777 0.00133741773376
0.0569159112642 0.00133891764631
0.0571793090507 0.00134022838407
0.0574427068372 0.00134136132824
0.0577061046237 0.00134232688931
0.0579695024102 0.00134313568083
0.0582329001967 0.00134379755486
0.0584962979832 0.0013443224169
0.0587596957697 0.00134471921915
0.0590230935562 0.00134499897677
0.0592864913427 0.00134517068836
0.0595498891292 0.00134524118331
0.0598132869157 0.00134521610126
0.0600766847021 0.00134510053584
0.0603400824886 0.00134489863583
0.0606034802751 0.0013446139301
0.0608668780616 0.00134424932215
0.0611302758481 0.00134380922453
0.0613936736346 0.00134330345213
0.0616570714211 0.00134273618529
0.0619204692076 0.00134211078225
0.0621838669941 0.00134143046556
0.0624472647806 0.00134069614265
0.0627106625671 0.00133990852608
0.0629740603536 0.00133906850617
0.0632374581401 0.00133817675748
0.0635008559266 0.00133723364273
0.0637642537131 0.00133623910002
0.0640276514995 0.00133519282387
0.064291049286 0.00133409420609
0.0645544470725 0.00133294202415
0.064817844859 0.00133173458959
0.0650812426455 0.0013304698813
0.065344640432 0.00132914599292
0.0656080382185 0.00132776077515
0.065871436005 0.00132631108267
0.0661348337915 0.00132479349005
0.066398231578 0.00132320440195
0.0666616293645 0.0013215400099
0.066925027151 0.00131979754637
0.0671884249375 0.00131797735498
0.067451822724 0.00131607592565
0.0677152205105 0.00131408800119
0.067978618297 0.00131200862895
0.0682420160834 0.00130983292176
0.0685054138699 0.00130755578703
0.0687688116564 0.0013051720998
0.0690322094429 0.00130267739255
0.0692956072294 0.00130006816094
0.0695590050159 0.00129733993605
0.0698224028024 0.00129448814854
0.0700858005889 0.001291508129
0.0703491983754 0.00128839555584
0.0706125961619 0.00128514623649
0.0708759939484 0.00128175531148
0.0711393917349 0.00127821796735
0.0714027895214 0.00127452942373
0.0716661873079 0.00127068479532
0.0719295850944 0.00126667935685
0.0721929828808 0.00126250763277
0.0724563806673 0.00125816671102
0.0727197784538 0.00125365335016
0.0729831762403 0.00124896201299
0.0732465740268 0.00124408774581
0.0735099718133 0.0012390260444
0.0737733695998 0.00123377287948
0.0740367673863 0.00122832475154
0.0743001651728 0.00122267707789
0.0745635629593 0.00121682640005
0.0748269607458 0.00121076755577
0.0750903585323 0.00120449625098
0.0753537563188 0.0011980086546
0.0756171541053 0.00119129928077
0.0758805518918 0.00118436306908
0.0761439496782 0.00117719352633
0.0764073474647 0.00116978805598
0.0766707452512 0.00116214567495
0.0769341430377 0.00115426204056
0.0771975408242 0.00114613488909
0.0774609386107 0.00113776348544
0.0777243363972 0.00112914489618
0.0779877341837 0.00112027691444
0.0782511319702 0.00111115768945
0.0785145297567 0.00110178660099
0.0787779275432 0.00109216422903
0.0790413253297 0.00108228893591
0.0793047231162 0.00107215906045
0.0795681209027 0.00106177575023
0.0798315186892 0.001051139909
0.0800949164757 0.00104025409473
0.0803583142621 0.00102912194686
0.0806217120486 0.00101774532867
0.0808851098351 0.00100612836212
0.0811485076216 0.000994285903033
0.0814119054081 0.000982230695173
0.0816753031946 0.000969966086647
0.0819387009811 0.000957494660592
0.0822020987676 0.000944822154787
0.0824654965541 0.000931953913182
0.0827288943406 0.000918900079271
0.0829922921271 0.000905665585405
0.0832556899136 0.000892245960731
0.0835190877001 0.000878626129879
0.0837824854866 0.000864808596536
0.0840458832731 0.000850806676401
0.0843092810595 0.000836625712218
0.084572678846 0.000822258362562
0.0848360766325 0.000807706837103
0.085099474419 0.000792974009894
0.0853628722055 0.000778058508677
0.085626269992 0.000762963099163
0.0858896677785 0.000747690359179
0.086153065565 0.000732248490507
0.0864164633515 0.000716642005295
0.086679861138 0.000700874864136
0.0869432589245 0.00068495275185
0.087206656711 0.000668877740784
0.0874700544975 0.000652654760893
0.087733452284 0.000636292739693
0.0879968500705 0.000619803976929
0.0882602478569 0.00060320261263
0.0885236456434 0.000586496125428
0.0887870434299 0.00056969483115
0.0890504412164 0.000552809949216
0.0893138390029 0.000535851485191
0.0895772367894 0.000518825754937
0.0898406345759 0.000501734516505
0.0901040323624 0.000484577636713
0.0903674301489 0.000467356927854
0.0906308279354 0.0004500784126
0.0908942257219 0.000432743156216
0.0911576235084 0.0004153478613
0.0914210212949 0.00039789719799
0.0916844190814 0.000380395381106
0.0919478168679 0.00036284710583
0.0922112146543 0.000345258834219
0.0924746124408 0.000327638257894
0.0927380102273 0.000309990900558
0.0930014080138 0.000292319923973
0.0932648058003 0.000274627219083
0.0935282035868 0.000256916866369
0.0937916013733 0.000239187098969
0.0940549991598 0.000221441277043
0.0943183969463 0.000203686164029
0.0945817947328 0.000185939030496
0.0948451925193 0.000168213781362
0.0951085903058 0.000150516166834
0.0953719880923 0.000132852975078
0.0956353858788 0.000115230059299
0.0958987836653 9.76509735546e-05
0.0961621814518 8.01194238301e-05
0.0964255792382 6.26414618633e-05
0.0966889770247 4.52231239034e-05
0.0969523748112 2.78696128922e-05
0.0972157725977 1.0583534661e-05
0.0974791703842 -6.63211799323e-06
0.0977425681707 -2.37750037408e-05
0.0980059659572 -4.08480565276e-05
0.0982693637437 -5.78550184959e-05
0.0985327615302 -7.47923448369e-05
0.0987961593167 -9.16564274113e-05
0.0990595571032 -0.000108443566711
0.0993229548897 -0.000125151496646
0.0995863526762 -0.000141778555849
0.0998497504627 -0.000158320727689
0.100113148249 -0.000175401624102
0.100376546036 -0.000192458839622
0.100639943822 -0.000209581614167
0.100903341609 -0.000226756210993
0.101166739395 -0.000243974470692
0.101430137182 -0.000261232647938
0.101693534968 -0.000278509000074
0.101956932755 -0.000295776625483
0.102220330541 -0.000313011686621
0.102483728328 -0.000330191055173
0.102747126114 -0.000347297239552
0.103010523901 -0.000364316515317
0.103273921687 -0.000381238504395
0.103537319474 -0.00039805683593
0.10380071726 -0.000414764440041
0.104064115047 -0.000431358380996
0.104327512833 -0.000447839544744
0.10459091062 -0.000464203220057
0.104854308406 -0.000480442686503
0.105117706193 -0.00049655051954
0.105381103979 -0.000512518872015
0.105644501766 -0.000528339386319
0.105907899552 -0.000544003523466
0.106171297339 -0.000559502420941
0.106434695125 -0.000574827261793
0.106698092911 -0.000589969392262
0.106961490698 -0.00060492083533
0.107224888484 -0.000619673633041
0.107488286271 -0.000634219038196
0.107751684057 -0.000648548457495
0.108015081844 -0.000662654630095
0.10827847963 -0.000676530510362
0.108541877417 -0.000690169008763
0.108805275203 -0.000703563551362
0.10906867299 -0.000716708137493
0.109332070776 -0.000729595931907
0.109595468563 -0.000742220335426
0.109858866349 -0.000754579992428
0.110122264136 -0.000766677862423
0.110385661922 -0.00077851005281
0.110649059709 -0.000790078518007
0.110912457495 -0.000801382856153
0.111175855282 -0.000812420493454
0.111439253068 -0.00082318848461
0.111702650855 -0.000833684036078
0.111966048641 -0.000843905322848
0.112229446428 -0.000853851338913
0.112492844214 -0.000863522245297
0.112756242001 -0.000872915531275
0.113019639787 -0.000882027462557
0.113283037574 -0.000890855616877
0.11354643536 -0.000899398225574
0.113809833147 -0.000907654547345
0.114073230933 -0.000915623433713
0.11433662872 -0.000923303031149
0.114600026506 -0.000930691471536
0.114863424293 -0.000937791350042
0.115126822079 -0.000944603164511
0.115390219866 -0.000951124257554
0.115653617652 -0.000957355231208
0.115917015439 -0.000963296528554
0.116180413225 -0.000968945005134
0.116443811012 -0.000974297741139
0.116707208798 -0.000979352443311
0.116970606585 -0.000984104760974
0.117234004371 -0.000988552471409
0.117497402158 -0.000992693629574
0.117760799944 -0.000996525273276
0.118024197731 -0.00100004589035
0.118287595517 -0.00100325282076
0.118550993304 -0.00100614405389
0.11881439109 -0.00100872059618
0.119077788877 -0.00101098170338
0.119341186663 -0.00101292814639
0.11960458445 -0.00101456314605
0.119867982236 -0.00101588321795
0.120131380023 -0.00101688446383
0.120394777809 -0.00101756215827
0.120658175596 -0.00101791082604
0.120921573382 -0.00101792614765
0.121184971169 -0.0010176037414
0.121448368955 -0.00101694068031
0.121711766742 -0.00101593362014
0.121975164528 -0.00101458016786
0.122238562315 -0.00101287674391
0.122501960101 -0.00101081990529
0.122765357888 -0.00100840913419
0.123028755674 -0.00100564315668
0.123292153461 -0.00100251992356
0.123555551247 -0.00099903508135
0.123818949034 -0.000995184750695
0.12408234682 -0.000990966577677
0.124345744607 -0.000986379292357
0.124609142393 -0.000981422161395
0.12487254018 -0.000976093406398
0.125135937966 -0.000970391376721
0.125399335753 -0.000964317212449
0.125662733539 -0.00095787048879
0.125926131326 -0.000951049249403
0.126189529112 -0.00094385422645
0.126452926899 -0.000936282848092
0.126716324685 -0.000928333636194
0.126979722471 -0.000920012586149
0.127243120258 -0.000911321594037
0.127506518044 -0.000902257812783
0.127769915831 -0.000892819691363
0.128033313617 -0.000883013934239
0.128296711404 -0.000872842821204
0.12856010919 -0.000862305548633
0.128823506977 -0.000851402178167
0.129086904763 -0.000840139067187
0.12935030255 -0.000828521073954
0.129613700336 -0.000816546108535
0.129877098123 -0.000804223159346
0.130140495909 -0.000791555699222
0.130403893696 -0.000778561451808
0.130667291482 -0.000765257289734
0.130930689269 -0.000751656731764
0.131194087055 -0.00073777050898
0.131457484842 -0.000723595202405
0.131720882628 -0.00070913181142
0.131984280415 -0.000694385205161
0.132247678201 -0.000679347021177
0.132511075988 -0.000664022724603
0.132774473774 -0.000648408526096
0.133037871561 -0.000632500628503
0.133301269347 -0.000616324464477
0.133564667134 -0.000599919951964
0.13382806492 -0.000583297128823
0.134091462707 -0.00056646253194
0.134354860493 -0.000549425944368
0.13461825828 -0.000532200105094
0.134881656066 -0.00051480218662
0.135145053853 -0.000497249987364
0.135408451639 -0.000479556234785
0.135671849426 -0.000461733728901
0.135935247212 -0.000443800233798
0.136198644999 -0.000425774027969
0.136462042785 -0.000407680525445
0.136725440572 -0.000389550803183
0.136988838358 -0.000371424338392
0.137252236145 -0.000353337404737
0.137515633931 -0.000335320559959
0.137779031718 -0.000317405178698
0.138042429504 -0.000299606487094
0.138305827291 -0.000281937638998
0.138569225077 -0.000264422415566
0.138832622864 -0.000247087522798
0.13909602065 -0.000229953248389
0.139359418437 -0.000213039954448
0.139622816223 -0.000196369042329
0.13988621401 -0.000179952889186
0.140149611796 -0.000163791384929
0.140413009583 -0.000147893450829
0.140676407369 -0.00013226543846
0.140939805156 -0.000116910317952
0.141203202942 -0.000101830829525
0.141466600729 -8.70264717753e-05
0.141729998515 -7.24938784581e-05
0.141993396302 -5.8220950475e-05
0.142256794088 -4.41848605737e-05
0.142520191875 -3.03781156611e-05
0.142783589661 -1.67924435345e-05
0.143046987448 -3.4197557242e-06
0.143310385234 9.74844203681e-06
0.143573783021 2.27165787049e-05
0.143837180807 3.54869692149e-05
0.144100578594 4.80594120642e-05
0.14436397638 6.04335036563e-05
0.144627374167 7.26132653563e-05
0.144890771953 8.45997951568e-05
0.14515416974 9.6390270176e-05
0.145417567526 0.000107979973092
0.145680965313 0.000119363690459
0.145944363099 0.000130537850109
0.146207760886 0.000141497883014
0.146471158672 0.000152238412772
0.146734556458 0.000162755396874
0.146997954245 0.000173045804916
0.147261352031 0.000183104577635
0.147524749818 0.00019292485671
0.147788147604 0.000202500450692
0.148051545391 0.000211829704484
0.148314943177 0.000220912447297
0.148578340964 0.000229745424907
0.14884173875 0.000238325723143
0.149105136537 0.000246650604937
0.149368534323 0.000254718327459
0.14963193211 0.000262527589708
0.149895329896 0.000270078039285
0.150158727683 0.000276654558923
0.150422125469 0.000283607854032
0.150685523256 0.000290453439232
0.150948921042 0.000297174961538
0.151212318829 0.000303723762089
0.151475716615 0.000310027602167
0.151739114402 0.000316019785878
0.152002512188 0.00032165032926
0.152265909975 0.000326879175458
0.152529307761 0.000331688990243
0.152792705548 0.000336079425127
0.153056103334 0.000340060451839
0.153319501121 0.000343649454283
0.153582898907 0.000346862149803
0.153846296694 0.000349714600561
0.15410969448 0.000352223128383
0.154373092267 0.0003544042016
0.154636490053 0.000356273706636
0.15489988784 0.000357845527696
0.155163285626 0.000359131966318
0.155426683413 0.0003601447764
0.155690081199 0.000360894908991
0.155953478986 0.00036139304354
0.156216876772 0.000361649104319
0.156480274559 0.000361672715476
0.156743672345 0.000361473555403
0.157007070132 0.000361060910178
0.157270467918 0.000360443542633
0.157533865705 0.000359642703162
0.157797263491 0.000358671619375
0.158060661278 0.000357542482537
0.158324059064 0.000356267234093
0.158587456851 0.000354857573925
0.158850854637 0.00035332646049
0.159114252424 0.000351684920704
0.15937765021 0.000349942348446
0.159641047997 0.000348106389537
0.159904445783 0.000346183762154
0.16016784357 0.00034418058734
0.160431241356 0.00034210267853
0.160694639143 0.000339955141251
0.160958036929 0.000337743157167
0.161221434716 0.000335470578841
0.161484832502 0.000333140609604
0.161748230289 0.000330755489665
0.162011628075 0.000328329503817
0.162275025862 0.000325869406954
0.162538423648 0.000323379184899
0.162801821435 0.000320861664666
0.163065219221 0.000318319080287
0.163328617008 0.000315753600605
0.163592014794 0.00031316687058
0.163855412581 0.000310560248392
0.164118810367 0.000307933963839
0.164382208154 0.000305286778646
0.16464560594 0.000302617221165
0.164909003727 0.000299923556261
0.165172401513 0.000297203724259
0.1654357993 0.000294454967146
0.165699197086 0.000291674611185
0.165962594873 0.000288858791403
0.166225992659 0.00028600443891
0.166489390446 0.000283116155853
0.166752788232 0.000280192688385
0.167016186018 0.000277231844349
0.167279583805 0.000274230899418
0.167542981591 0.000271186463729
0.167806379378 0.000268095101793
0.168069777164 0.000264954315778
0.168333174951 0.000261759887512
0.168596572737 0.000258507142706
0.168859970524 0.000255190520493
0.16912336831 0.000251804086411
0.169386766097 0.000248340820254
0.169650163883 0.000244793842772
0.16991356167 0.000241156247782
0.170176959456 0.000237420753559
0.170440357243 0.000233585994568
0.170703755029 0.000229647303142
0.170967152816 0.000225598649154
0.171230550602 0.000221436134471
0.171493948389 0.000217155657101
0.171757346175 0.00021275168636
0.172020743962 0.00020821917907
0.172284141748 0.000203551354153
0.172547539535 0.000198741078598
0.172810937321 0.000193783891802
0.173074335108 0.000188674863779
0.173337732894 0.000183409031649
0.173601130681 0.000177983310353
0.173864528467 0.000172394445313
0.174127926254 0.000166639469709
0.17439132404 0.000160712007862
0.174654721827 0.000154605123585
0.174918119613 0.000148313895053
0.1751815174 0.000141833203027
0.175444915186 0.000135158380588
0.175708312973 0.000128282388577
0.175971710759 0.00012120312904
0.176235108546 0.00011392032997
0.176498506332 0.000106428765503
0.176761904119 9.87259716447e-05
0.177025301905 9.08113460515e-05
0.177288699692 8.26818076537e-05
0.177552097478 7.43365414055e-05
0.177815495265 6.57742689709e-05
0.178078893051 5.6993268327e-05
0.178342290838 4.79931511083e-05
0.178605688624 3.8775334864e-05
0.178869086411 2.9342369922e-05
0.179132484197 1.96963903605e-05
0.179395881984 9.84028350995e-06
0.17965927977 -2.2349751059e-07
0.179922677557 -1.04875590331e-05
0.180186075343 -2.09464944594e-05
0.18044947313 -3.15945182124e-05
0.180712870916 -4.24313439312e-05
0.180976268703 -5.34494646105e-05
0.181239666489 -6.46491390048e-05
0.181503064276 -7.60313980755e-05
0.181766462062 -8.75898410956e-05
0.182029859849 -9.93134939131e-05
0.182293257635 -0.000111203026165
0.182556655422 -0.000123250874606
0.182820053208 -0.000135450191471
0.183083450995 -0.000147795662669
0.183346848781 -0.00016028310684
0.183610246568 -0.000172908290671
0.183873644354 -0.000185664930348
0.184137042141 -0.000198548767724
0.184400439927 -0.000211559187948
0.184663837714 -0.00022469877965
0.1849272355 -0.000237971067484
0.185190633287 -0.000251377080624
0.185454031073 -0.000264918395266
0.18571742886 -0.000278593974852
0.185980826646 -0.000292405554244
0.186244224433 -0.000306358090065
0.186507622219 -0.000320460848846
0.186771020006 -0.000334722840778
0.187034417792 -0.000349157983688
0.187297815578 -0.000363783044197
0.187561213365 -0.000378615998143
0.187824611151 -0.000393658838801
0.188088008938 -0.000408905832407
0.188351406724 -0.000424352500402
0.188614804511 -0.000439997472675
0.188878202297 -0.000455835760765
0.189141600084 -0.00047186180234
0.18940499787 -0.000488069006376
0.189668395657 -0.000504449958108
0.189931793443 -0.000521002659117
0.19019519123 -0.000537723640919
0.190458589016 -0.00055460554874
0.190721986803 -0.000571640686635
0.190985384589 -0.000588818360784
0.191248782376 -0.00060612097092
0.191512180162 -0.000623538109214
0.191775577949 -0.000641064669411
0.192038975735 -0.000658696052549
0.192302373522 -0.000676426686723
0.192565771308 -0.000694261399231
0.192829169095 -0.000712198860301
0.193092566881 -0.000730236376245
0.193355964668 -0.000748370526734
0.193619362454 -0.000766598980161
0.193882760241 -0.000784917698404
0.194146158027 -0.000803321937679
0.194409555814 -0.000821806767836
0.1946729536 -0.000840367507925
0.194936351387 -0.000858999368306
0.195199749173 -0.000877695925501
0.19546314696 -0.000896450976651
0.195726544746 -0.000915260415863
0.195989942533 -0.000934120908716
0.196253340319 -0.000953030214584
0.196516738106 -0.000971982782067
0.196780135892 -0.000990971095212
0.197043533679 -0.00100999724805
0.197306931465 -0.00102905881175
0.197570329252 -0.00104814961502
0.197833727038 -0.00106726271383
0.198097124825 -0.00108639107538
0.198360522611 -0.00110552980263
0.198623920398 -0.00112467467867
0.198887318184 -0.00114381820473
0.199150715971 -0.00116295229808
0.199414113757 -0.00118206900587
0.199677511544 -0.00120115990138
0.19994090933 -0.00122021695646
0.200204307117 -0.0012399369763
0.200467704903 -0.00125970135978
0.20073110269 -0.00127958491433
0.200994500476 -0.00129958848409
0.201257898263 -0.00131969166081
0.201521296049 -0.00133987565072
0.201784693836 -0.00136011026546
0.202048091622 -0.00138036538278
0.202311489409 -0.00140061959657
0.202574887195 -0.00142085985378
0.202838284982 -0.00144108105047
0.203101682768 -0.00146127191474
0.203365080555 -0.00148142306386
0.203628478341 -0.00150152685881
0.203891876128 -0.00152157645191
0.204155273914 -0.00154156524771
0.204418671701 -0.00156148760116
0.204682069487 -0.00158133644942
0.204945467274 -0.0016011037662
0.20520886506 -0.00162078100764
0.205472262847 -0.00164035857234
0.205735660633 -0.0016598263862
0.20599905842 -0.00167917391655
0.206262456206 -0.00169839007052
0.206525853993 -0.0017174633119
0.206789251779 -0.00173639504584
0.207052649566 -0.00175517627724
0.207316047352 -0.00177379831389
0.207579445138 -0.00179225329668
0.207842842925 -0.00181053878972
0.208106240711 -0.00182864535758
0.208369638498 -0.00184656374471
0.208633036284 -0.00186428418321
0.208896434071 -0.00188179862891
0.209159831857 -0.00189909971668
0.209423229644 -0.00191617938316
0.20968662743 -0.00193302911107
0.209950025217 -0.00194964129214
0.210213423003 -0.00196600858966
0.21047682079 -0.00198212363966
0.210740218576 -0.00199797915353
0.211003616363 -0.00201356758986
0.211267014149 -0.00202888156538
0.211530411936 -0.00204392609313
0.211793809722 -0.00205869590749
0.212057207509 -0.00207318628717
0.212320605295 -0.00208739175783
0.212584003082 -0.002101307368
0.212847400868 -0.00211493345478
0.213110798655 -0.00212826890913
0.213374196441 -0.00214130952914
0.213637594228 -0.00215405202934
0.213900992014 -0.00216649379678
0.214164389801 -0.00217863212493
0.214427787587 -0.0021904638978
0.214691185374 -0.00220198524136
0.21495458316 -0.00221319234742
0.215217980947 -0.00222408094989
0.215481378733 -0.00223464800632
0.21574477652 -0.00224489087041
0.216008174306 -0.00225481051059
0.216271572093 -0.0022644025219
0.216534969879 -0.00227366231259
0.216798367666 -0.00228258805246
0.217061765452 -0.00229118102366
0.217325163239 -0.00229943936977
0.217588561025 -0.00230735864707
0.217851958812 -0.00231493461477
0.218115356598 -0.00232216246389
0.218378754385 -0.002329036285
0.218642152171 -0.0023355508197
0.218905549958 -0.00234169832881
0.219168947744 -0.00234747343243
0.219432345531 -0.00235287022452
0.219695743317 -0.00235788479916
0.219959141104 -0.00236251510428
0.22022253889 -0.00236676425557
0.220485936677 -0.00237063008748
0.220749334463 -0.00237410856635
0.22101273225 -0.0023771962925
0.221276130036 -0.00237988822385
0.221539527823 -0.00238217605068
0.221802925609 -0.00238405416328
0.222066323396 -0.00238551385619
0.222329721182 -0.00238654751394
0.222593118969 -0.00238714743282
0.222856516755 -0.00238730845598
0.223119914542 -0.0023870280313
0.223383312328 -0.00238629836184
0.223646710115 -0.00238511256088
0.223910107901 -0.00238346736927
0.224173505688 -0.00238135976473
0.224436903474 -0.00237878239204
0.224700301261 -0.002375728465
0.224963699047 -0.00237219199006
0.225227096834 -0.00236817160001
0.22549049462 -0.00236366499449
0.225753892407 -0.00235867154455
0.226017290193 -0.00235318948433
0.22628068798 -0.00234721254078
0.226544085766 -0.00234073945852
0.226807483553 -0.00233377402925
0.227070881339 -0.0023263155024
0.227334279126 -0.00231836270025
0.227597676912 -0.00230991782878
0.227861074698 -0.00230098406934
0.228124472485 -0.00229156033081
0.228387870271 -0.00228165243156
0.228651268058 -0.00227126339092
0.228914665844 -0.00226040360405
0.229178063631 -0.00224908312628
0.229441461417 -0.00223731851444
0.229704859204 -0.00222512112266
0.22996825699 -0.0022124948218
0.230231654777 -0.00219944168632
0.230495052563 -0.00218597353643
0.23075845035 -0.00217209299805
0.231021848136 -0.00215779023437
0.231285245923 -0.00214308260028
0.231548643709 -0.00212798455751
0.231812041496 -0.00211251197518
0.232075439282 -0.00209669185781
0.232338837069 -0.00208053941118
0.232602234855 -0.00206405968575
0.232865632642 -0.00204726544675
0.233129030428 -0.00203017303428
0.233392428215 -0.00201278935325
0.233655826001 -0.0019951257605
0.233919223788 -0.00197720437898
0.234182621574 -0.00195905792744
0.234446019361 -0.00194069813295
0.234709417147 -0.00192214397278
0.234972814934 -0.0019034325766
0.23523621272 -0.0018846093879
0.235499610507 -0.00186570840831
0.235763008293 -0.00184676110314
0.23602640608 -0.00182778625683
0.236289803866 -0.00180880482828
0.236553201653 -0.00178984680298
0.236816599439 -0.00177094947027
0.237079997226 -0.00175214897227
0.237343395012 -0.00173347277491
0.237606792799 -0.00171494570516
0.237870190585 -0.00169657312045
0.238133588372 -0.00167837586794
0.238396986158 -0.00166037332664
0.238660383945 -0.00164257908598
0.238923781731 -0.00162500139184
0.239187179518 -0.00160764949215
0.239450577304 -0.00159052718549
0.239713975091 -0.00157361309857
0.239977372877 -0.00155690020567
0.240240770664 -0.0015403836967
0.24050416845 -0.00152405808384
0.240767566237 -0.00150791897231
0.241030964023 -0.0014919618652
0.24129436181 -0.00147618321144
0.241557759596 -0.00146057873364
0.241821157383 -0.0014451391835
0.242084555169 -0.00142986230324
0.242347952956 -0.00141474821183
0.242611350742 -0.00139979776619
0.242874748529 -0.0013850106754
0.243138146315 -0.00137038897908
0.243401544102 -0.00135593585552
0.243664941888 -0.00134165155399
0.243928339675 -0.0013275373634
0.244191737461 -0.00131359896376
0.244455135248 -0.0012998435766
0.244718533034 -0.00128627840262
0.244981930821 -0.0012729096862
0.245245328607 -0.00125974318184
0.245508726394 -0.00124678421282
0.24577212418 -0.00123403758075
0.246035521967 -0.00122150877417
0.246298919753 -0.00120919999266
0.24656231754 -0.00119711072353
0.246825715326 -0.00118524226119
0.247089113113 -0.00117359695984
0.247352510899 -0.00116217731497
0.247615908686 -0.00115098591804
0.247879306472 -0.0011400257146
0.248142704258 -0.00112929968552
0.248406102045 -0.0011188107268
0.248669499831 -0.0011085537755
0.248932897618 -0.00109852888222
0.249196295404 -0.00108873672519
0.249459693191 -0.0010791790365
0.249723090977 -0.00106985722387
0.249986488764 -0.00106077243522
0.25024988655 -0.00105264775771
0.250513284337 -0.00104409652667
0.250776682123 -0.00103558369838
0.25104007991 -0.00102714248322
0.251303477696 -0.00101882840725
0.251566875483 -0.00101072367701
0.251830273269 -0.00100290242207
0.252093671056 -0.000995421192043
0.252357068842 -0.000988321683071
0.252620466629 -0.000981621651578
0.252883864415 -0.000975324951297
0.253147262202 -0.000969412545951
0.253410659988 -0.000963865138252
0.253674057775 -0.000958663527459
0.253937455561 -0.000953785632246
0.254200853348 -0.000949210753052
0.254464251134 -0.000944919928495
0.254727648921 -0.000940896320722
0.254991046707 -0.000937125026968
0.255254444494 -0.000933592440707
0.25551784228 -0.000930286591385
0.255781240067 -0.000927197060521
0.256044637853 -0.000924314724681
0.25630803564 -0.000921630456616
0.256571433426 -0.000919135718195
0.256834831213 -0.00091682294534
0.257098228999 -0.000914674454139
0.257361626786 -0.000912676434783
0.257625024572 -0.000910817916383
0.257888422359 -0.000909088506735
0.258151820145 -0.0009074784067
0.258415217932 -0.000905977726607
0.258678615718 -0.000904577145594
0.258942013505 -0.00090326936642
0.259205411291 -0.000902046896985
0.259468809078 -0.00090090330259
0.259732206864 -0.000899833111179
0.259995604651 -0.000898831533458
0.260259002437 -0.000897894358926
0.260522400224 -0.000897018093406
0.26078579801 -0.000896200055091
0.261049195797 -0.000895438757433
0.261312593583 -0.000894726610677
0.26157599137 -0.000894056155705
0.261839389156 -0.000893424261168
0.262102786943 -0.000892828500214
0.262366184729 -0.000892267096077
0.262629582516 -0.00089173817811
0.262892980302 -0.000891239397754
0.263156378089 -0.000890772572615
0.263419775875 -0.000890339529963
0.263683173662 -0.0008899424932
0.263946571448 -0.000889583621118
0.264209969235 -0.00088926434406
0.264473367021 -0.000888985895235
0.264736764808 -0.000888750872489
0.265000162594 -0.000888562343539
0.265263560381 -0.000888424172362
0.265526958167 -0.000888340514874
0.265790355954 -0.00088830714466
0.26605375374 -0.000888324963937
0.266317151527 -0.000888396584096
0.266580549313 -0.000888524982053
0.2668439471 -0.000888713938151
0.267107344886 -0.000888968021558
0.267370742673 -0.000889291930443
0.267634140459 -0.000889690290518
0.267897538245 -0.000890167698263
0.268160936032 -0.000890728496763
0.268424333818 -0.000891376679236
0.268687731605 -0.000892118003788
0.268951129391 -0.000892958151126
0.269214527178 -0.000893902298688
0.269477924964 -0.000894957801394
0.269741322751 -0.000896126835695
0.270004720537 -0.000897411955007
0.270268118324 -0.000898817039637
0.27053151611 -0.000900347296067
0.270794913897 -0.00090200943403
0.271058311683 -0.000903810594689
0.27132170947 -0.000905756117392
0.271585107256 -0.000907850603808
0.271848505043 -0.000910098930401
0.272111902829 -0.000912505553177
0.272375300616 -0.000915075051884
0.272638698402 -0.000917811895292
0.272902096189 -0.00092072478611
0.273165493975 -0.000923813567296
0.273428891762 -0.000927080408861
0.273692289548 -0.000930530178258
0.273955687335 -0.000934168791351
0.274219085121 -0.00093799964465
0.274482482908 -0.000942025821621
0.274745880694 -0.00094625218704
0.275009278481 -0.000950684438005
0.275272676267 -0.000955329489692
0.275536074054 -0.000960190400516
0.27579947184 -0.000965271126724
0.276062869627 -0.000970574376575
0.276326267413 -0.000976099326325
0.2765896652 -0.000981850163107
0.276853062986 -0.000987828994101
0.277116460773 -0.000994037486437
0.277379858559 -0.00100047891948
0.277643256346 -0.00100715352211
0.277906654132 -0.00101406133002
0.278170051919 -0.00102120096645
0.278433449705 -0.00102857174145
0.278696847492 -0.0010361731636
0.278960245278 -0.00104400382472
0.279223643065 -0.00105205863219
0.279487040851 -0.00106033154984
0.279750438638 -0.00106881960072
0.280013836424 -0.00107751775757
0.280277234211 -0.00108641928831
0.280540631997 -0.00109551891613
0.280804029784 -0.00110481396759
0.28106742757 -0.00111430134523
0.281330825357 -0.00112397822356
0.281594223143 -0.00113384109625
0.28185762093 -0.00114388738869
0.282121018716 -0.00115411765195
0.282384416503 -0.00116452178408
0.282647814289 -0.00117509746121
0.282911212076 -0.00118584273841
0.283174609862 -0.00119675216906
0.283438007649 -0.00120782249824
0.283701405435 -0.00121905046308
0.283964803222 -0.00123043380616
0.284228201008 -0.00124197538014
0.284491598795 -0.00125367834688
0.284754996581 -0.00126554143202
0.285018394368 -0.00127756985199
0.285281792154 -0.00128976279644
0.285545189941 -0.00130212457486
0.285808587727 -0.00131466383336
0.286071985514 -0.00132739214857
0.2863353833 -0.00134032077498
0.286598781087 -0.00135346317693
0.286862178873 -0.00136683119987
0.28712557666 -0.00138043278495
0.287388974446 -0.00139427187218
0.287652372233 -0.00140835380457
0.287915770019 -0.00142267626328
0.288179167805 -0.00143723408599
0.288442565592 -0.00145202215005
0.288705963378 -0.00146703104606
0.288969361165 -0.00148225727533
0.289232758951 -0.00149769495712
0.289496156738 -0.00151333725168
0.289759554524 -0.00152918190654
0.290022952311 -0.00154522078816
0.290286350097 -0.00156144720374
0.290549747884 -0.00157785266061
0.29081314567 -0.0015944261589
0.291076543457 -0.0016111478754
0.291339941243 -0.00162800175074
0.29160333903 -0.00164498739348
0.291866736816 -0.00166210591632
0.292130134603 -0.00167935527464
0.292393532389 -0.00169673380104
0.292656930176 -0.00171424113315
0.292920327962 -0.00173187491461
0.293183725749 -0.00174962959284
0.293447123535 -0.00176749850591
0.293710521322 -0.00178547772845
0.293973919108 -0.00180356346042
0.294237316895 -0.00182175178847
0.294500714681 -0.00184003828269
0.294764112468 -0.0018584170449
0.295027510254 -0.00187688282657
0.295290908041 -0.00189543003835
0.295554305827 -0.00191405459851
0.295817703614 -0.00193275825193
0.2960811014 -0.00195154179506
0.296344499187 -0.00197040236642
0.296607896973 -0.00198933641724
0.29687129476 -0.00200833759465
0.297134692546 -0.00202740111937
0.297398090333 -0.00204652382887
0.297661488119 -0.002065698932
0.297924885906 -0.00208491982394
0.298188283692 -0.00210417978188
0.298451681479 -0.00212347173092
0.298715079265 -0.00214278678802
0.298978477052 -0.00216211626678
0.299241874838 -0.00218145164721
0.299505272625 -0.00220078413463
0.299768670411 -0.00222010479977
0.300032068198 -0.00224015584499
0.300295465984 -0.00226032231851
0.300558863771 -0.00228064784372
0.300822261557 -0.00230113933373
0.301085659344 -0.00232177082713
0.30134905713 -0.00234251454794
0.301612454917 -0.00236336059418
0.301875852703 -0.00238428560133
0.30213925049 -0.00240527239871
0.302402648276 -0.00242630214775
0.302666046063 -0.00244735538324
0.302929443849 -0.00246841353315
0.303192841636 -0.00248946307015
0.303456239422 -0.00251049326002
0.303719637209 -0.00253149448963
0.303983034995 -0.00255245838696
0.304246432782 -0.00257337634222
0.304509830568 -0.00259423946266
0.304773228355 -0.00261503819477
0.305036626141 -0.0026357622857
0.305300023928 -0.00265641166828
0.305563421714 -0.00267698702464
0.305826819501 -0.00269748003914
0.306090217287 -0.00271788141738
0.306353615074 -0.00273818103849
0.30661701286 -0.00275836852411
0.306880410647 -0.00277843343425
0.307143808433 -0.00279836455643
0.30740720622 -0.00281815045481
0.307670604006 -0.00283778129532
0.307934001793 -0.00285724646213
0.308197399579 -0.00287653479149
0.308460797365 -0.00289563548961
0.308724195152 -0.00291453801797
0.308987592938 -0.0029332304342
0.309250990725 -0.00295170325055
0.309514388511 -0.00296994478372
0.309777786298 -0.00298794358378
0.310041184084 -0.00300569336397
0.310304581871 -0.00302319223131
0.310567979657 -0.00304043151188
0.310831377444 -0.0030574110559
0.31109477523 -0.00307412290984
0.311358173017 -0.00309055916367
0.311621570803 -0.0031067127056
0.31188496859 -0.00312257656163
0.312148366376 -0.00313814353749
0.312411764163 -0.0031534064496
0.312675161949 -0.00316835957627
0.312938559736 -0.00318299693163
0.313201957522 -0.00319731164749
0.313465355309 -0.00321129776247
0.313728753095 -0.00322494950674
0.313992150882 -0.00323826135544
0.314255548668 -0.00325122756403
0.314518946455 -0.00326385085523
0.314782344241 -0.00327612904127
0.315045742028 -0.00328806691374
0.315309139814 -0.00329966228604
0.315572537601 -0.00331091096348
0.315835935387 -0.00332180910597
0.316099333174 -0.00333235299459
0.31636273096 -0.00334253538676
0.316626128747 -0.00335235104527
0.316889526533 -0.00336179750975
0.31715292432 -0.00337087025345
0.317416322106 -0.00337956278025
0.317679719893 -0.0033878688195
0.317943117679 -0.0033957832851
0.318206515466 -0.00340330408997
0.318469913252 -0.00341043718084
0.318733311039 -0.00341717517798
0.318996708825 -0.00342351687038
0.319260106612 -0.00342945816561
0.319523504398 -0.00343499376097
0.319786902185 -0.00344011860022
0.320050299971 -0.00344482583808
0.320313697758 -0.00344910987632
0.320577095544 -0.00345296154543
0.320840493331 -0.00345637607327
0.321103891117 -0.0034593517608
0.321367288904 -0.00346188910383
0.32163068669 -0.00346398441224
0.321894084477 -0.0034656319691
0.322157482263 -0.0034668271154
0.32242088005 -0.00346756302935
0.322684277836 -0.0034678325363
0.322947675623 -0.00346762883599
0.323211073409 -0.0034669431038
0.323474471196 -0.00346577027562
0.323737868982 -0.00346410985029
0.324001266769 -0.00346195599376
0.324264664555 -0.00345930649377
0.324528062342 -0.00345616077295
0.324791460128 -0.00345251598972
0.325054857915 -0.00344836657355
0.325318255701 -0.00344370850345
0.325581653488 -0.00343853989097
0.325845051274 -0.00343286731829
0.326108449061 -0.00342669221642
0.326371846847 -0.00342001419219
0.326635244634 -0.00341283000694
0.32689864242 -0.00340514810298
0.327162040207 -0.00339696974403
0.327425437993 -0.00338829798061
0.32768883578 -0.00337913814388
0.327952233566 -0.00336950106868
0.328215631353 -0.00335938906084
0.328479029139 -0.00334881283929
0.328742426925 -0.00333778070355
0.329005824712 -0.00332632018728
0.329269222498 -0.00331443741871
0.329532620285 -0.0033021311785
0.329796018071 -0.0032894162156
0.330059415858 -0.00327629758531
0.330322813644 -0.003262772827
0.330586211431 -0.00324886133965
0.330849609217 -0.00323456676662
0.331113007004 -0.00321991059696
0.33137640479 -0.00320491650728
0.331639802577 -0.00318961366484
0.331903200363 -0.00317401452123
0.33216659815 -0.00315812691324
0.332429995936 -0.00314196520646
0.332693393723 -0.00312554148368
0.332956791509 -0.00310886992627
0.333220189296 -0.00309196092569
0.333483587082 -0.00307483166624
0.333746984869 -0.0030575011054
0.334010382655 -0.00303999432833
0.334273780442 -0.00302236447983
0.334537178228 -0.00300464010406
0.334800576015 -0.00298683863024
0.335063973801 -0.00296898110542
0.335327371588 -0.00295109113476
0.335590769374 -0.00293319628801
0.335854167161 -0.00291532911253
0.336117564947 -0.00289752756652
0.336380962734 -0.00287981453132
0.33664436052 -0.00286219872172
0.336907758307 -0.00284469645729
0.337171156093 -0.00282732855771
0.33743455388 -0.00281010888081
0.337697951666 -0.00279304667124
0.337961349453 -0.00277615204127
0.338224747239 -0.00275942552954
0.338488145026 -0.00274285442349
0.338751542812 -0.00272643429707
0.339014940599 -0.00271016208567
0.339278338385 -0.00269403341655
0.339541736172 -0.00267804234084
0.339805133958 -0.00266218366455
0.340068531745 -0.00264645493252
0.340331929531 -0.00263085188267
0.340595327318 -0.00261536897207
0.340858725104 -0.00260000575319
0.341122122891 -0.00258476211602
0.341385520677 -0.00256963954594
0.341648918464 -0.00255463891035
0.34191231625 -0.00253976225032
0.342175714037 -0.00252501315569
0.342439111823 -0.00251039230882
0.34270250961 -0.00249590399614
0.342965907396 -0.00248155570087
0.343229305183 -0.00246735372594
0.343492702969 -0.00245330296695
0.343756100756 -0.00243940915473
0.344019498542 -0.00242567771333
0.344282896329 -0.00241211387525
0.344546294115 -0.00239872294358
0.344809691902 -0.00238550590937
0.345073089688 -0.00237246728688
0.345336487475 -0.00235961094815
0.345599885261 -0.00234694259137
0.345863283048 -0.00233446790378
0.346126680834 -0.00232219219618
0.346390078621 -0.00231012027224
0.346653476407 -0.00229825701495
0.346916874194 -0.00228660701935
0.34718027198 -0.00227517455149
0.347443669767 -0.00226396331272
0.347707067553 -0.00225297575869
0.34797046534 -0.00224221503614
0.348233863126 -0.00223168436784
0.348497260913 -0.00222138514864
0.348760658699 -0.0022113166945
0.349024056485 -0.00220148109031
0.349287454272 -0.00219188039541
0.349550852058 -0.00218251666442
0.349814249845 -0.00217338677881
0.350077647631 -0.0021652021378
0.350341045418 -0.00215655051611
0.350604443204 -0.0021478561191
0.350867840991 -0.0021391949718
0.351131238777 -0.00213064170401
0.351394636564 -0.0021222969356
0.35165803435 -0.00211424807696
0.351921432137 -0.00210656598047
0.352184829923 -0.00209928706603
0.35244822771 -0.00209242343812
0.352711625496 -0.00208597213441
0.352975023283 -0.00207991951234
0.353238421069 -0.00207424739253
0.353501818856 -0.00206893466432
0.353765216642 -0.00206395872116
0.354028614429 -0.0020592987332
0.354292012215 -0.00205492345145
0.354555410002 -0.0020508116308
0.354818807788 -0.00204694535243
0.355082205575 -0.00204330919755
0.355345603361 -0.00203988931312
0.355609001148 -0.00203667359664
0.355872398934 -0.00203365045651
0.356135796721 -0.00203080914201
0.356399194507 -0.00202813994818
0.356662592294 -0.00202563383025
0.35692599008 -0.00202328186636
0.357189387867 -0.00202107495113
0.357452785653 -0.00201900442711
0.35771618344 -0.00201706201439
0.357979581226 -0.00201524050051
0.358242979013 -0.00201353341969
0.358506376799 -0.00201192514094
0.358769774586 -0.00201040386766
0.359033172372 -0.00200896054069
0.359296570159 -0.0020075871211
0.359559967945 -0.00200627673684
0.359823365732 -0.00200502301258
0.360086763518 -0.00200382231241
0.360350161305 -0.00200267101206
0.360613559091 -0.00200156603522
0.360876956878 -0.00200050513197
0.361140354664 -0.00199948659524
0.361403752451 -0.00199850921276
0.361667150237 -0.00199757229422
0.361930548024 -0.00199667570185
0.36219394581 -0.00199581924521
0.362457343597 -0.00199500434947
0.362720741383 -0.00199423295962
0.36298413917 -0.00199350742718
0.363247536956 -0.0019928250314
0.363510934743 -0.00199218349966
0.363774332529 -0.00199158402427
0.364037730316 -0.00199102823195
0.364301128102 -0.0019905180862
0.364564525889 -0.00199005747494
0.364827923675 -0.00198964985987
0.365091321462 -0.00198929869438
0.365354719248 -0.00198900786074
0.365618117035 -0.00198878031394
0.365881514821 -0.00198861922128
0.366144912608 -0.00198852887603
0.366408310394 -0.00198851323155
0.366671708181 -0.00198857662867
0.366935105967 -0.00198872246229
0.367198503754 -0.00198895513738
0.36746190154 -0.00198927964641
0.367725299327 -0.00198970128658
0.367988697113 -0.00199022259575
0.3682520949 -0.00199084555089
0.368515492686 -0.00199157459282
0.368778890473 -0.00199241583398
0.369042288259 -0.00199337544947
0.369305686045 -0.00199445985451
0.369569083832 -0.00199567484711
0.369832481618 -0.00199702602263
0.370095879405 -0.00199851880471
0.370359277191 -0.00200015829731
0.370622674978 -0.00200194949008
0.370886072764 -0.00200389636905
0.371149470551 -0.00200600385429
0.371412868337 -0.00200827677559
0.371676266124 -0.00201072040823
0.37193966391 -0.0020133401249
0.372203061697 -0.00201613860618
0.372466459483 -0.0020191194997
0.37272985727 -0.00202228612164
0.372993255056 -0.00202564384382
0.373256652843 -0.00202919626339
0.373520050629 -0.0020329468121
0.373783448416 -0.0020369028209
0.374046846202 -0.00204106807805
0.374310243989 -0.0020454460514
0.374573641775 -0.00205004158783
0.374837039562 -0.00205486105633
0.375100437348 -0.00205991031366
0.375363835135 -0.00206519371986
0.375627232921 -0.00207070874807
0.375890630708 -0.00207646217868
0.376154028494 -0.00208245591545
0.376417426281 -0.00208869263889
0.376680824067 -0.00209517617368
0.376944221854 -0.00210191022373
0.37720761964 -0.00210889666228
0.377471017427 -0.00211613672287
0.377734415213 -0.00212363153541
0.377997813 -0.00213138185793
0.378261210786 -0.00213938691264
0.378524608573 -0.00214764726424
0.378788006359 -0.00215616184281
0.379051404146 -0.00216492900653
0.379314801932 -0.00217394691403
0.379578199719 -0.00218321353937
0.379841597505 -0.00219272618816
0.380104995292 -0.00220247726865
0.380368393078 -0.00221245763236
0.380631790865 -0.00222266143681
0.380895188651 -0.00223308167021
0.381158586438 -0.00224371079689
0.381421984224 -0.00225454015601
0.381685382011 -0.00226556610918
0.381948779797 -0.00227679331031
0.382212177584 -0.00228822790273
0.38247557537 -0.002299868358
0.382738973157 -0.00231170961661
0.383002370943 -0.002323743609
0.38326576873 -0.00233596774785
0.383529166516 -0.00234837684715
0.383792564303 -0.00236096205912
0.384055962089 -0.00237371627633
0.384319359876 -0.00238663349484
0.384582757662 -0.00239970727933
0.384846155449 -0.00241293983558
0.385109553235 -0.00242632645176
0.385372951022 -0.00243986601627
0.385636348808 -0.0024535620039
0.385899746595 -0.00246741387091
0.386163144381 -0.00248143086722
0.386426542168 -0.00249560887438
0.386689939954 -0.00250993954508
0.386953337741 -0.00252442736024
0.387216735527 -0.00253908099819
0.387480133314 -0.00255390249561
0.3877435311 -0.00256889162355
0.388006928887 -0.00258404913975
0.388270326673 -0.00259937361382
0.38853372446 -0.00261486324194
0.388797122246 -0.00263052318809
0.389060520032 -0.00264635493398
0.389323917819 -0.00266235552177
0.389587315605 -0.00267852180081
0.389850713392 -0.0026948488678
0.390114111178 -0.00271133356623
0.390377508965 -0.00272796915345
0.390640906751 -0.00274474884449
0.390904304538 -0.00276166275708
0.391167702324 -0.00277870247578
0.391431100111 -0.00279586265886
0.391694497897 -0.00281314234231
0.391957895684 -0.00283053655896
0.39222129347 -0.00284804782229
0.392484691257 -0.00286566990214
0.392748089043 -0.00288338722635
0.39301148683 -0.00290118519542
0.393274884616 -0.0029190571722
0.393538282403 -0.00293699886613
0.393801680189 -0.0029550051135
0.394065077976 -0.00297307134413
0.394328475762 -0.00299119397436
0.394591873549 -0.00300936954414
0.394855271335 -0.00302759581586
0.395118669122 -0.00304586923877
0.395382066908 -0.00306418319131
0.395645464695 -0.00308253213564
0.395908862481 -0.00310091112255
0.396172260268 -0.00311931551924
0.396435658054 -0.00313774940527
0.396699055841 -0.0031562112422
0.396962453627 -0.00317469622573
0.397225851414 -0.00319319834787
0.3974892492 -0.00321171177527
0.397752646987 -0.00323023603909
0.398016044773 -0.00324876869901
0.39827944256 -0.00326730574219
0.398542840346 -0.00328584524371
0.398806238133 -0.00330438281758
0.399069635919 -0.00332291275125
0.399333033706 -0.00334143107402
0.399596431492 -0.00335993117395
0.399859829279 -0.00337840581589
0.400123227065 -0.00339754823232
0.400386624852 -0.003416795568
0.400650022638 -0.00343618111377
0.400913420425 -0.00345570459402
0.401176818211 -0.00347534357029
0.401440215998 -0.00349507488051
0.401703613784 -0.00351488281448
0.401967011571 -0.00353473641723
0.402230409357 -0.00355462373275
0.402493807144 -0.00357452978383
0.40275720493 -0.00359443618446
0.403020602717 -0.00361432666248
0.403284000503 -0.00363418770687
0.40354739829 -0.00365400791016
0.403810796076 -0.00367377836541
0.404074193863 -0.00369349067758
0.404337591649 -0.00371313778289
0.404600989436 -0.0037327134294
0.404864387222 -0.00375221072284
0.405127785009 -0.00377162200923
0.405391182795 -0.00379093879909
0.405654580582 -0.00381015218963
0.405917978368 -0.00382925254438
0.406181376155 -0.00384822932023
0.406444773941 -0.00386707162574
0.406708171728 -0.0038857704215
0.406971569514 -0.00390433130244
0.407234967301 -0.0039227474679
0.407498365087 -0.00394101046493
0.407761762874 -0.00395911056084
0.40802516066 -0.00397703874281
0.408288558447 -0.00399478564667
0.408551956233 -0.00401234159211
0.40881535402 -0.00402969654229
0.409078751806 -0.00404684100437
0.409342149592 -0.00406376676113
0.409605547379 -0.00408046530066
0.409868945165 -0.00409692737489
0.410132342952 -0.00411314441394
0.410395740738 -0.00412911009969
0.410659138525 -0.0041448168951
0.410922536311 -0.00416025710871
0.411185934098 -0.00417542288914
0.411449331884 -0.00419030655202
0.411712729671 -0.00420490301569
0.411976127457 -0.00421921860649
0.412239525244 -0.00423325316295
0.41250292303 -0.00424700186458
0.412766320817 -0.00426046004563
0.413029718603 -0.00427362307132
0.41329311639 -0.00428648761432
0.413556514176 -0.00429904965592
0.413819911963 -0.00431130552154
0.414083309749 -0.00432325108152
0.414346707536 -0.00433488187781
0.414610105322 -0.00434619376392
0.414873503109 -0.0043571829903
0.415136900895 -0.00436784578863
0.415400298682 -0.00437817857792
0.415663696468 -0.00438817797349
0.415927094255 -0.00439784140576
0.416190492041 -0.00440718076479
0.416453889828 -0.00441619624807
0.416717287614 -0.00442488262493
0.416980685401 -0.00443323451656
0.417244083187 -0.00444124756397
0.417507480974 -0.00444891588143
0.41777087876 -0.00445623328048
0.418034276547 -0.00446319429635
0.418297674333 -0.00446979215554
0.41856107212 -0.00447602195132
0.418824469906 -0.00448187777732
0.419087867693 -0.00448735419984
0.419351265479 -0.00449244790118
0.419614663266 -0.00449715905546
0.419878061052 -0.00450148903682
0.420141458839 -0.00450543733362
0.420404856625 -0.00450900081411
0.420668254412 -0.00451217401357
0.420931652198 -0.00451494557409
0.421195049985 -0.00451730767447
0.421458447771 -0.00451925382621
0.421721845558 -0.00452077810576
0.421985243344 -0.00452187330369
0.422248641131 -0.00452253800401
0.422512038917 -0.00452276927303
0.422775436704 -0.00452256566198
0.42303883449 -0.00452192137725
0.423302232277 -0.00452082905347
0.423565630063 -0.00451927952008
0.42382902785 -0.00451726700328
0.424092425636 -0.00451478681294
0.424355823423 -0.00451183621522
0.424619221209 -0.00450841496412
0.424882618996 -0.00450452236354
0.425146016782 -0.00450015979072
0.425409414569 -0.00449532360551
0.425672812355 -0.00449001077178
0.425936210142 -0.00448421970142
0.426199607928 -0.00447795072533
0.426463005715 -0.00447120834293
0.426726403501 -0.00446399434536
0.426989801288 -0.00445630851997
0.427253199074 -0.00444815537025
0.427516596861 -0.0044395430159
0.427779994647 -0.0044304724019
0.428043392434 -0.00442094191094
0.42830679022 -0.00441096133951
0.428570188007 -0.00440054246839
0.428833585793 -0.00438968573674
0.42909698358 -0.00437840565641
0.429360381366 -0.00436671773318
0.429623779152 -0.00435464267521
0.429887176939 -0.0043421849405
0.430150574725 -0.00432934692875
0.430413972512 -0.00431614235498
0.430677370298 -0.00430257221626
0.430940768085 -0.00428863385127
0.431204165871 -0.00427434683619
0.431467563658 -0.00425971163349
0.431730961444 -0.00424473683165
0.431994359231 -0.00422945810073
0.432257757017 -0.00421390223452
0.432521154804 -0.00419808574799
0.43278455259 -0.00418200958808
0.433047950377 -0.00416568452249
0.433311348163 -0.00414912272249
0.43357474595 -0.00413233614703
0.433838143736 -0.00411533269127
0.434101541523 -0.00409812096944
0.434364939309 -0.00408072449964
0.434628337096 -0.00406317353219
0.434891734882 -0.00404550628622
0.435155132669 -0.00402776259124
0.435418530455 -0.00400996945231
0.435681928242 -0.00399213673653
0.435945326028 -0.00397429107481
0.436208723815 -0.00395645893465
0.436472121601 -0.00393866271892
0.436735519388 -0.00392093446367
0.436998917174 -0.00390329860233
0.437262314961 -0.00388578354852
0.437525712747 -0.00386839566835
0.437789110534 -0.00385115118865
0.43805250832 -0.00383406214865
0.438315906107 -0.00381714198952
0.438579303893 -0.00380039914761
0.43884270168 -0.00378383819563
0.439106099466 -0.00376746081827
0.439369497253 -0.00375125135058
0.439632895039 -0.00373519765465
0.439896292826 -0.00371929600856
0.440159690612 -0.00370354130746
0.440423088399 -0.00368792910826
0.440686486185 -0.00367245458126
0.440949883972 -0.00365711356486
0.441213281758 -0.00364190316544
0.441476679545 -0.00362682155869
0.441740077331 -0.00361186378587
0.442003475118 -0.00359703191582
0.442266872904 -0.00358232742447
0.442530270691 -0.00356775345671
0.442793668477 -0.00355331410852
0.443057066264 -0.00353901213561
0.44332046405 -0.00352485078119
0.443583861837 -0.00351083500166
0.443847259623 -0.00349696798966
0.44411065741 -0.0034832553407
0.444374055196 -0.00346970297344
0.444637452983 -0.00345631506887
0.444900850769 -0.00344309792974
0.445164248556 -0.00343005854018
0.445427646342 -0.00341720393677
0.445691044129 -0.00340454044233
0.445954441915 -0.00339207388956
0.446217839702 -0.00337980958291
0.446481237488 -0.00336775169159
0.446744635275 -0.00335590327903
0.447008033061 -0.00334426882625
0.447271430848 -0.00333285242875
0.447534828634 -0.00332165774047
0.447798226421 -0.00331068813294
0.448061624207 -0.00329994635346
0.448325021994 -0.00328943092358
0.44858841978 -0.00327914377979
0.448851817567 -0.00326908672686
0.449115215353 -0.00325926094068
0.44937861314 -0.00324966632785
0.449642010926 -0.00324029875355
0.449905408712 -0.00323115934819
0.450168806499 -0.00322296476391
0.450432204285 -0.00321431158492
0.450695602072 -0.00320562814056
0.450958999858 -0.00319697848356
0.451222397645 -0.00318843299121
0.451485795431 -0.00318008879036
0.451749193218 -0.00317203105481
0.452012591004 -0.00316432932142
0.452275988791 -0.00315702105291
0.452539386577 -0.00315012097891
0.452802784364 -0.00314362823597
0.45306618215 -0.00313753118749
0.453329579937 -0.00313181133229
0.453592977723 -0.00312644929525
0.45385637551 -0.00312141395626
0.454119773296 -0.00311667838006
0.454383171083 -0.00311222036005
0.454646568869 -0.00310802051155
0.454909966656 -0.00310406150759
0.455173364442 -0.00310032689969
0.455436762229 -0.00309680525646
0.455700160015 -0.00309348504624
0.455963557802 -0.00309035599281
0.456226955588 -0.00308740854813
0.456490353375 -0.00308463448412
0.456753751161 -0.00308202572033
0.457017148948 -0.0030795744812
0.457280546734 -0.00307727289328
0.457543944521 -0.00307511313935
0.457807342307 -0.00307308548852
0.458070740094 -0.0030711720026
0.45833413788 -0.00306936204228
0.458597535667 -0.00306764648222
0.458860933453 -0.00306601638872
0.45912433124 -0.00306446352191
0.459387729026 -0.00306298045131
0.459651126813 -0.00306156237905
0.459914524599 -0.00306020405882
0.460177922386 -0.00305890064304
0.460441320172 -0.00305764818778
0.460704717959 -0.00305644400572
0.460968115745 -0.00305528573674
0.461231513532 -0.00305417171797
0.461494911318 -0.00305310066558
0.461758309105 -0.00305207139935
0.462021706891 -0.00305108397544
0.462285104678 -0.00305013934795
0.462548502464 -0.00304923613995
0.462811900251 -0.00304836866375
0.463075298037 -0.00304753688596
0.463338695824 -0.00304674124562
0.46360209361 -0.00304598261455
0.463865491397 -0.00304526300242
0.464128889183 -0.00304458533354
0.46439228697 -0.00304395237828
0.464655684756 -0.00304336700529
0.464919082543 -0.00304283235551
0.465182480329 -0.00304235179428
0.465445878116 -0.00304192831515
0.465709275902 -0.00304156501861
0.465972673689 -0.00304126568042
0.466236071475 -0.00304103415275
0.466499469262 -0.00304087494411
0.466762867048 -0.00304079168936
0.467026264835 -0.00304078915353
0.467289662621 -0.00304087239158
0.467553060408 -0.00304104049014
0.467816458194 -0.00304129618648
0.468079855981 -0.00304164520793
0.468343253767 -0.00304209363316
0.468606651554 -0.00304264759938
0.46887004934 -0.00304331312444
0.469133447127 -0.00304409661781
0.469396844913 -0.00304500410871
0.4696602427 -0.00304604140763
0.469923640486 -0.00304721409304
0.470187038272 -0.00304852762761
0.470450436059 -0.00304998758603
0.470713833845 -0.00305159927979
0.470977231632 -0.00305336700374
0.471240629418 -0.00305529591807
0.471504027205 -0.00305739117425
0.471767424991 -0.00305965765097
0.472030822778 -0.00306209850679
0.472294220564 -0.00306471756565
0.472557618351 -0.00306752055312
0.472821016137 -0.0030705110854
0.473084413924 -0.00307369256843
0.47334781171 -0.00307706992937
0.473611209497 -0.00308064716472
0.473874607283 -0.00308442974532
0.47413800507 -0.00308842324097
0.474401402856 -0.0030926318097
0.474664800643 -0.00309705944633
0.474928198429 -0.00310171254457
0.475191596216 -0.00310659719769
0.475454994002 -0.00311171586182
0.475718391789 -0.00311707034689
0.475981789575 -0.00312266386977
0.476245187362 -0.00312849979053
0.476508585148 -0.00313458003586
0.476771982935 -0.00314090898504
0.477035380721 -0.00314749008055
0.477298778508 -0.00315432526157
0.477562176294 -0.00316141743239
0.477825574081 -0.00316876526114
0.478088971867 -0.00317637079802
0.478352369654 -0.00318423366642
0.47861576744 -0.00319235228482
0.478879165227 -0.00320072714104
0.479142563013 -0.00320935674616
0.4794059608 -0.0032182382445
0.479669358586 -0.00322736906932
0.479932756373 -0.00323674571379
0.480196154159 -0.00324635918659
0.480459551946 -0.00325620154057
0.480722949732 -0.00326626571402
0.480986347519 -0.00327654495441
0.481249745305 -0.00328702985286
0.481513143092 -0.00329771882676
0.481776540878 -0.00330860884199
0.482039938665 -0.00331970151439
0.482303336451 -0.00333100143908
0.482566734238 -0.00334250533281
0.482830132024 -0.00335421533417
0.483093529811 -0.0033661181965
0.483356927597 -0.00337820861282
0.483620325384 -0.003390484509
0.48388372317 -0.00340293741849
0.484147120957 -0.00341556231572
0.484410518743 -0.00342835404107
0.48467391653 -0.0034413090281
0.484937314316 -0.00345443004042
0.485200712103 -0.00346771469975
0.485464109889 -0.00348115501996
0.485727507676 -0.00349476040232
0.485990905462 -0.00350853626162
0.486254303249 -0.0035224814439
0.486517701035 -0.00353659240783
0.486781098822 -0.00355086371024
0.487044496608 -0.0035652995431
0.487307894395 -0.00357990091216
0.487571292181 -0.0035946697176
0.487834689968 -0.00360960856197
0.488098087754 -0.00362472023558
0.488361485541 -0.00364000343652
0.488624883327 -0.00365545719009
0.488888281114 -0.00367107866342
0.4891516789 -0.00368687226783
0.489415076687 -0.00370283973964
0.489678474473 -0.00371897867821
0.48994187226 -0.00373528434036
0.490205270046 -0.00375174955081
0.490468667832 -0.00376836996132
0.490732065619 -0.00378513791018
0.490995463405 -0.00380204341914
0.491258861192 -0.0038190820096
0.491522258978 -0.00383625037497
0.491785656765 -0.00385354153429
0.492049054551 -0.00387095641578
0.492312452338 -0.0038884888449
0.492575850124 -0.00390613225056
0.492839247911 -0.00392387929283
0.493102645697 -0.00394171750703
0.493366043484 -0.00395962525359
0.49362944127 -0.00397759169133
0.493892839057 -0.00399561515497
0.494156236843 -0.00401369033396
0.49441963463 -0.00403181271871
0.494683032416 -0.00404997870674
0.494946430203 -0.00406818496656
0.495209827989 -0.00408643035837
0.495473225776 -0.00410472077724
0.495736623562 -0.00412304846115
0.496000021349 -0.00414140527804
0.496263419135 -0.00415978565233
0.496526816922 -0.00417818587192
0.496790214708 -0.00419660406399
0.497053612495 -0.00421504018514
0.497317010281 -0.0042334903438
0.497580408068 -0.00425194897649
0.497843805854 -0.00427041037192
0.498107203641 -0.00428887051228
0.498370601427 -0.00430732607182
0.498633999214 -0.00432577113017
0.498897397 -0.00434420313503
0.499160794787 -0.00436262036968
0.499424192573 -0.00438101954282
0.49968759036 -0.00439939463341
0.499950988146 -0.0044177378598
0.500214385933 -0.00443676829885
0.500477783719 -0.00445593569718
0.500741181506 -0.00447525087044
0.501004579292 -0.00449470631977
0.501267977079 -0.00451427709982
0.501531374865 -0.00453394234683
0.501794772652 -0.00455369074576
0.502058170438 -0.00457350506571
0.502321568225 -0.00459336465635
0.502584966011 -0.00461325068957
0.502848363798 -0.00463314011103
0.503111761584 -0.00465301337504
0.503375159371 -0.0046728537196
0.503638557157 -0.00469264722883
0.503901954944 -0.00471238310492
0.50416535273 -0.00473205253437
0.504428750517 -0.00475164688554
0.504692148303 -0.00477115771352
0.50495554609 -0.00479057669342
0.505218943876 -0.00480989485982
0.505482341663 -0.00482910337498
0.505745739449 -0.00484819444738
0.506009137236 -0.00486716450837
0.506272535022 -0.00488600774901
0.506535932809 -0.00490472334203
0.506799330595 -0.00492330383136
0.507062728382 -0.00494174070226
0.507326126168 -0.00496002411822
0.507589523955 -0.00497814454677
0.507852921741 -0.00499609218712
0.508116319528 -0.00501385691994
0.508379717314 -0.00503142890235
0.508643115101 -0.00504879827599
0.508906512887 -0.00506595458572
0.509169910674 -0.00508288841576
0.50943330846 -0.00509959080447
0.509696706247 -0.00511605381385
0.509960104033 -0.00513226856721
0.510223501819 -0.00514822675242
0.510486899606 -0.00516392042794
0.510750297392 -0.00517934091215
0.511013695179 -0.00519448114951
0.511277092965 -0.00520933348022
0.511540490752 -0.0052238957227
0.511803888538 -0.00523816992972
0.512067286325 -0.00525215634944
0.512330684111 -0.00526585032267
0.512594081898 -0.00527924718908
0.512857479684 -0.00529234199265
0.513120877471 -0.00530512986626
0.513384275257 -0.00531760655156
0.513647673044 -0.00532976828486
0.51391107083 -0.00534161046369
0.514174468617 -0.00535312913148
0.514437866403 -0.00536432010199
0.51470126419 -0.0053751806587
0.514964661976 -0.00538570758891
0.515228059763 -0.00539589728472
0.515491457549 -0.00540574660589
0.515754855336 -0.00541525636266
0.516018253122 -0.00542443276378
0.516281650909 -0.00543327560214
0.516545048695 -0.00544178451426
0.516808446482 -0.00544995577809
0.517071844268 -0.00545778623652
0.517335242055 -0.00546527240569
0.517598639841 -0.00547240888495
0.517862037628 -0.00547919121813
0.518125435414 -0.00548561543274
0.518388833201 -0.00549167556472
0.518652230987 -0.00549736634114
0.518915628774 -0.0055026811895
0.51917902656 -0.0055076165431
0.519442424347 -0.00551217394414
0.519705822133 -0.00551635565629
0.51996921992 -0.00552015739039
0.520232617706 -0.00552357639201
0.520496015493 -0.00552661139728
0.520759413279 -0.00552925459188
0.521022811066 -0.00553149914805
0.521286208852 -0.00553333848384
0.521549606639 -0.00553476699566
0.521813004425 -0.00553577841987
0.522076402212 -0.00553636587048
0.522339799998 -0.00553652812292
0.522603197785 -0.00553626552202
0.522866595571 -0.00553557583657
0.523129993358 -0.00553445349777
0.523393391144 -0.00553288833057
0.523656788931 -0.00553087489079
0.523920186717 -0.00552840696328
0.524183584504 -0.00552548135139
0.52444698229 -0.00552209587497
0.524710380077 -0.00551825080351
0.524973777863 -0.00551394724264
0.52523717565 -0.00550918346277
0.525500573436 -0.00550395850282
0.525763971223 -0.00549827193818
0.526027369009 -0.00549212337355
0.526290766796 -0.00548551432058
0.526554164582 -0.00547844789865
0.526817562369 -0.0054709244274
0.527080960155 -0.00546294631632
0.527344357942 -0.00545451723998
