0.000812182741117 0
0.00107669556588 0
0.00134120839065 0
0.00160572121542 0
0.00187023404019 0
0.00213474686496 0
0.00239925968972 0
0.00266377251449 0
0.00292828533926 0
0.00319279816403 0
0.00345731098879 0
0.00372182381356 0
0.00398633663833 0
0.0042508494631 0
0.00451536228787 0
0.00477987511263 0
0.0050443879374 0
0.00530890076217 0
0.00557341358694 0
0.0058379264117 0
0.00610243923647 0
0.00636695206124 0
0.00663146488601 0
0.00689597771077 0
0.00716049053554 0
0.00742500336031 0
0.00768951618508 0
0.00795402900985 0
0.00821854183461 0
0.00848305465938 0
0.00874756748415 0
0.00901208030892 0
0.00927659313368 0
0.00954110595845 0
0.00980561878322 0
0.010070131608 0
0.0103346444328 0
0.0105991572575 0
0.0108636700823 0
0.0111281829071 0
0.0113926957318 0
0.0116572085566 0
0.0119217213814 0
0.0121862342061 0
0.0124507470309 0
0.0127152598557 0
0.0129797726804 0
0.0132442855052 0
0.01350879833 0
0.0137733111547 0
0.0140378239795 0
0.0143023368043 -3.1170365346e-06
0.014566849629 -6.0682245038e-06
0.0148313624538 -8.85635415509e-06
0.0150958752786 -1.14842155588e-05
0.0153603881033 -1.39553699462e-05
0.0156249009281 -1.62760876048e-05
0.0158894137529 -1.84507314353e-05
0.0161539265776 -2.04816429566e-05
0.0164184394024 -2.23711643813e-05
0.0166829522272 -2.41208719486e-05
0.0169474650519 -2.57312887989e-05
0.0172119778767 -2.72052284035e-05
0.0174764907015 -2.85454212645e-05
0.0177410035263 -2.97537145615e-05
0.018005516351 -3.08311685812e-05
0.0182700291758 -3.17775465629e-05
0.0185345420006 -3.25920617967e-05
0.0187990548253 -3.32744556184e-05
0.0190635676501 -3.38259729846e-05
0.0193280804749 -3.42457286238e-05
0.0195925932996 -3.45325768757e-05
0.0198571061244 -3.46846743028e-05
0.0201216189492 -3.47002903607e-05
0.0203861317739 -3.45776914475e-05
0.0206506445987 -3.43145989501e-05
0.0209151574235 -3.39091688988e-05
0.0211796702482 -3.3360141119e-05
0.021444183073 -3.26656782971e-05
0.0217086958978 -3.18246417144e-05
0.0219732087225 -3.08344740413e-05
0.0222377215473 -2.96921847156e-05
0.0225022343721 -2.83951890765e-05
0.0227667471968 -2.69412265425e-05
0.0230312600216 -2.53279525143e-05
0.0232957728464 -2.35525496317e-05
0.0235602856711 -2.16113946121e-05
0.0238247984959 -1.95020620478e-05
0.0240893113207 -1.72223275896e-05
0.0243538241454 -1.4770851356e-05
0.0246183369702 -1.21469501906e-05
0.024882849795 -9.34794113559e-06
0.0251473626197 -6.37090232195e-06
0.0254118754445 -3.21328648083e-06
0.0256763882693 1.27665159152e-07
0.0259409010941 3.65480248842e-06
0.0262054139188 7.36932033442e-06
0.0264699267436 1.12730431839e-05
0.0267344395684 1.53672618413e-05
0.0269989523931 1.96538513318e-05
0.0272634652179 2.41369374393e-05
0.0275279780427 2.88177497904e-05
0.0277924908674 3.36986195431e-05
0.0280570036922 3.878093528e-05
0.028321516517 4.40672469353e-05
0.0285860293417 4.95602853874e-05
0.0288505421665 5.52601989019e-05
0.0291150549913 6.11698463535e-05
0.029379567816 6.72898160152e-05
0.0296440806408 7.36243437404e-05
0.0299085934656 8.01736943877e-05
0.0301731062903 8.69373963112e-05
0.0304376191151 9.39189295826e-05
0.0307021319399 0.000101122453632
0.0309666447646 0.000108546482422
0.0312311575894 0.000116187401244
0.0314956704142 0.000124046089216
0.0317601832389 0.000132113654714
0.0320246960637 0.000140380717138
0.0322892088885 0.000148842389502
0.0325537217132 0.000157492583424
0.032818234538 0.000166328333302
0.0330827473628 0.000175344972065
0.0333472601875 0.000184542973487
0.0336117730123 0.000193916185962
0.0338762858371 0.000203464136754
0.0341407986619 0.000213182132596
0.0344053114866 0.000223082234044
0.0346698243114 0.000233167432758
0.0349343371362 0.000243445753932
0.0351988499609 0.000253906555169
0.0354633627857 0.000264547469559
0.0357278756105 0.000275363783814
0.0359923884352 0.000286349425701
0.03625690126 0.000297500237868
0.0365214140848 0.000308810985237
0.0367859269095 0.000320275506164
0.0370504397343 0.000331890164275
0.0373149525591 0.000343648089897
0.0375794653838 0.000355540753024
0.0378439782086 0.000367558955509
0.0381084910334 0.000379701884642
0.0383730038581 0.000391966202549
0.0386375166829 0.00040434266811
0.0389020295077 0.000416815049282
0.0391665423324 0.000429377513286
0.0394310551572 0.000442020030644
0.039695567982 0.000454729252879
0.0399600808067 0.000467490662817
0.0402245936315 0.000480287629261
0.0404891064563 0.000493097047237
0.040753619281 0.000505904702116
0.0410181321058 0.000518694793595
0.0412826449306 0.00053146051775
0.0415471577553 0.000544191234954
0.0418116705801 0.0005568725252
0.0420761834049 0.000569490752154
0.0423406962297 0.000582033743391
0.0426052090544 0.000594486581897
0.0428697218792 0.000606835387917
0.043134234704 0.000619067010342
0.0433987475287 0.000631167425512
0.0436632603535 0.000643134385869
0.0439277731783 0.000654958566769
0.044192286003 0.000666629786074
0.0444567988278 0.000678141034887
0.0447213116526 0.000689486882609
0.0449858244773 0.000700663631823
0.0452503373021 0.000711669118761
0.0455148501269 0.000722500115764
0.0457793629516 0.000733155814864
0.0460438757764 0.000743637355962
0.0463083886012 0.00075395813322
0.0465729014259 0.000764122884362
0.0468374142507 0.000774135112463
0.0471019270755 0.000783997548439
0.0473664399002 0.000793712608747
0.047630952725 0.000803281645202
0.0478954655498 0.000812706218172
0.0481599783745 0.000821987292125
0.0484244911993 0.000831126928652
0.0486890040241 0.000840125191765
0.0489535168488 0.000848981504089
0.0492180296736 0.000857697342157
0.0494825424984 0.000866270627544
0.0497470553231 0.000874699806916
0.0500115681479 0.000882549185903
0.0502760809727 0.000890531470558
0.0505405937975 0.000898422788549
0.0508051066222 0.000906215812949
0.051069619447 0.000913916192153
0.0513341322718 0.000921521025005
0.0515986450965 0.000929022370999
0.0518631579213 0.00093640161526
0.0521276707461 0.000943637287505
0.0523921835708 0.000950705578975
0.0526566963956 0.00095758280072
0.0529212092204 0.000964247282524
0.0531857220451 0.000970680257844
0.0534502348699 0.00097686646181
0.0537147476947 0.000982794562587
0.0539792605194 0.000988459539963
0.0542437733442 0.000993857625509
0.054508286169 0.000998987419991
0.0547727989937 0.00100384995129
0.0550373118185 0.00100844918026
0.0553018246433 0.00101278960718
0.055566337468 0.00101687635339
0.0558308502928 0.00102071507737
0.0560953631176 0.00102431201991
0.0563598759423 0.00102767327727
0.0566243887671 0.0010308046679
0.0568889015919 0.00103371207152
0.0571534144166 0.00103640103327
0.0574179272414 0.00103887753214
0.0576824400662 0.00104114842113
0.0579469528909 0.00104321937773
0.0582114657157 0.00104509515893
0.0584759785405 0.00104678349958
0.0587404913653 0.00104829130009
0.05900500419 0.00104962390723
0.0592695170148 0.0010507864907
0.0595340298396 0.00105178409145
0.0597985426643 0.00105262081741
0.0600630554891 0.0010533006037
0.0603275683139 0.00105382747383
0.0605920811386 0.00105420549965
0.0608565939634 0.00105443854102
0.0611211067882 0.00105453031051
0.0613856196129 0.00105448433393
0.0616501324377 0.00105430416792
0.0619146452625 0.00105399321827
0.0621791580872 0.0010535547156
0.062443670912 0.00105299147107
0.0627081837368 0.00105230618432
0.0629726965615 0.00105150313145
0.0632372093863 0.00105058820121
0.0635017222111 0.00104956573776
0.0637662350358 0.00104843927287
0.0640307478606 0.00104721163641
0.0642952606854 0.00104588473104
0.0645597735101 0.00104446086983
0.0648242863349 0.00104294134391
0.0650887991597 0.00104132611266
0.0653533119844 0.00103961595449
0.0656178248092 0.00103781164727
0.065882337634 0.00103591396192
0.0661468504587 0.00103392505288
0.0664113632835 0.00103184559237
0.0666758761083 0.0010296760139
0.0669403889331 0.00102741668905
0.0672049017578 0.001025067698
0.0674694145826 0.0010226308166
0.0677339274074 0.00102010873302
0.0679984402321 0.00101750298846
0.0682629530569 0.00101481400254
0.0685274658817 0.0010120415746
0.0687919787064 0.00100918552664
0.0690564915312 0.00100624563149
0.069321004356 0.00100322157695
0.0695855171807 0.00100011297117
0.0698500300055 0.000996919289121
0.0701145428303 0.000993640036666
0.070379055655 0.000990274617909
0.0706435684798 0.000986821755491
0.0709080813046 0.000983279877597
0.0711725941293 0.00097964769117
0.0714371069541 0.000975924705481
0.0717016197789 0.000972113347076
0.0719661326036 0.000968213199356
0.0722306454284 0.000964223470934
0.0724951582532 0.000960143192876
0.0727596710779 0.000955970535477
0.0730241839027 0.000951702986354
0.0732886967275 0.000947338824794
0.0735532095522 0.000942876520219
0.073817722377 0.000938314171338
0.0740822352018 0.00093365043469
0.0743467480265 0.000928882511754
0.0746112608513 0.000924007365747
0.0748757736761 0.000919025159477
0.0751402865009 0.000913935167656
0.0754047993256 0.000908737560351
0.0756693121504 0.000903430187698
0.0759338249752 0.000898010007964
0.0761983377999 0.000892476420178
0.0764628506247 0.000886828712501
0.0767273634495 0.000881065428691
0.0769918762742 0.000875183091842
0.077256389099 0.000869181051691
0.0775209019238 0.000863059182571
0.0777854147485 0.000856817871922
0.0780499275733 0.000850456906398
0.0783144403981 0.000843975312513
0.0785789532228 0.000837373280588
0.0788434660476 0.000830650797202
0.0791079788724 0.000823808224395
0.0793724916971 0.000816844352526
0.0796370045219 0.000809759240074
0.0799015173467 0.000802553831461
0.0801660301714 0.0007952290877
0.0804305429962 0.000787785772137
0.080695055821 0.000780225949902
0.0809595686457 0.000772550448158
0.0812240814705 0.000764764477817
0.0814885942953 0.000756871975498
0.08175310712 0.000748877196682
0.0820176199448 0.000740782852621
0.0822821327696 0.000732590217083
0.0825466455943 0.000724303302113
0.0828111584191 0.00071592560483
0.0830756712439 0.000707461055014
0.0833401840686 0.000698906405453
0.0836046968934 0.000690257086039
0.0838692097182 0.000681514141483
0.084133722543 0.000672681936173
0.0843982353677 0.000663764630469
0.0846627481925 0.000654768351264
0.0849272610173 0.00064569875482
0.085191773842 0.000636559611592
0.0854562866668 0.000627355268756
0.0857207994916 0.000618090869379
0.0859853123163 0.00060877458774
0.0862498251411 0.000599410409405
0.0865143379659 0.000590003285476
0.0867788507906 0.000580559755601
0.0870433636154 0.000571085894034
0.0873078764402 0.000561582203775
0.0875723892649 0.000552050897273
0.0878369020897 0.00054249587115
0.0881014149145 0.000532921555112
0.0883659277392 0.000523332006799
0.088630440564 0.000513730948731
0.0888949533888 0.000504125097284
0.0891594662135 0.000494518220028
0.0894239790383 0.000484915072554
0.0896884918631 0.000475318333143
0.0899530046878 0.000465728666064
0.0902175175126 0.000456146376237
0.0904820303374 0.000446571128268
0.0907465431621 0.000436996057035
0.0910110559869 0.000427418039534
0.0912755688117 0.000417837069515
0.0915400816364 0.000408255147469
0.0918045944612 0.000398674865233
0.092069107286 0.000389096082628
0.0923336201108 0.000379521840212
0.0925981329355 0.000369954805376
0.0928626457603 0.000360397467446
0.0931271585851 0.000350852178021
0.0933916714098 0.000341321823516
0.0936561842346 0.000331808418126
0.0939206970594 0.000322310560164
0.0941852098841 0.000312831010155
0.0944497227089 0.000303372532702
0.0947142355337 0.000293938949231
0.0949787483584 0.000284531119525
0.0952432611832 0.000275157790416
0.095507774008 0.000265825375324
0.0957722868327 0.0002565373592
0.0960367996575 0.000247296806554
0.0963013124823 0.00023810462005
0.096565825307 0.000228963083109
0.0968303381318 0.000219874744472
0.0970948509566 0.00021084359723
0.0973593637813 0.000201871559973
0.0976238766061 0.000192960622148
0.0978883894309 0.000184113558105
0.0981529022556 0.00017533261023
0.0984174150804 0.000166619441098
0.0986819279052 0.000157976589763
0.0989464407299 0.000149406602174
0.0992109535547 0.000140911499049
0.0994754663795 0.000132489340097
0.0997399792042 0.00012414107425
0.100004492029 0.000115296410571
0.100269004854 0.000106467325596
0.100533517679 9.75995722616e-05
0.100798030503 8.87188414398e-05
0.101062543328 7.98349516398e-05
0.101327056153 7.09533537295e-05
0.101591568978 6.2078427154e-05
0.101856081802 5.32192831604e-05
0.102120594627 4.43846458586e-05
0.102385107452 3.55824069001e-05
0.102649620277 2.68198886443e-05
0.102914133101 1.81004568517e-05
0.103178645926 9.42698177868e-06
0.103443158751 8.00691479699e-07
0.103707671576 -7.77774232159e-06
0.103972184401 -1.63067886069e-05
0.104236697225 -2.478471707e-05
0.10450121005 -3.32135247399e-05
0.104765722875 -4.15952792748e-05
0.1050302357 -4.99285718647e-05
0.105294748524 -5.82114295897e-05
0.105559261349 -6.64419442525e-05
0.105823774174 -7.46177952116e-05
0.106088286999 -8.27361641873e-05
0.106352799823 -9.07941122413e-05
0.106617312648 -9.87887601168e-05
0.106881825473 -0.000106717117593
0.107146338298 -0.000114575801306
0.107410851123 -0.000122361359376
0.107675363947 -0.000130069922367
0.107939876772 -0.000137697572407
0.108204389597 -0.000145240502934
0.108468902422 -0.000152694540444
0.108733415246 -0.000160055668719
0.108997928071 -0.000167321480512
0.109262440896 -0.00017449341941
0.109526953721 -0.000181569165107
0.109791466545 -0.000188545681416
0.11005597937 -0.000195419752488
0.110320492195 -0.000202187879766
0.11058500502 -0.000208846569487
0.110849517844 -0.000215392912828
0.111114030669 -0.000221824002711
0.111378543494 -0.00022813647699
0.111643056319 -0.000234327398366
0.111907569144 -0.000240393785532
0.112172081968 -0.000246333597259
0.112436594793 -0.000252143385248
0.112701107618 -0.000257818732465
0.112965620443 -0.000263356162918
0.113230133267 -0.000268751718789
0.113494646092 -0.000274001358924
0.113759158917 -0.000279103187214
0.114023671742 -0.000284059357691
0.114288184566 -0.000288866910102
0.114552697391 -0.000293522856077
0.114817210216 -0.000298024023988
0.115081723041 -0.000302367260252
0.115346235866 -0.00030655028028
0.11561074869 -0.000310570109896
0.115875261515 -0.000314423932602
0.11613977434 -0.000318108786023
0.116404287165 -0.000321621486936
0.116668799989 -0.000324958695808
0.116933312814 -0.000328117746481
0.117197825639 -0.00033109554848
0.117462338464 -0.000333889414287
0.117726851288 -0.000336497225664
0.117991364113 -0.000338922253683
0.118255876938 -0.000341163568474
0.118520389763 -0.000343219811566
0.118784902588 -0.000345090411324
0.119049415412 -0.000346772782532
0.119313928237 -0.000348264471885
0.119578441062 -0.000349562560606
0.119842953887 -0.000350664337844
0.120107466711 -0.000351567017809
0.120371979536 -0.000352267793854
0.120636492361 -0.000352762796308
0.120901005186 -0.000353047991376
0.12116551801 -0.000353121716297
0.121430030835 -0.00035298102699
0.12169454366 -0.000352623543391
0.121959056485 -0.000352046565148
0.12222356931 -0.000351247185886
0.122488082134 -0.000350221337919
0.122752594959 -0.000348963515612
0.123017107784 -0.000347469593405
0.123281620609 -0.00034573519872
0.123546133433 -0.0003437560345
0.123810646258 -0.000341528782995
0.124075159083 -0.000339052574796
0.124339671908 -0.000336324536381
0.124604184732 -0.000333342148802
0.124868697557 -0.000330103340677
0.125133210382 -0.000326602571649
0.125397723207 -0.000322836796151
0.125662236031 -0.000318803058712
0.125926748856 -0.000314498540798
0.126191261681 -0.000309922409524
0.126455774506 -0.000305075324819
0.126720287331 -0.000299954651607
0.126984800155 -0.000294555986768
0.12724931298 -0.000288876434979
0.127513825805 -0.000282917471679
0.12777833863 -0.0002766775465
0.128042851454 -0.000270154254793
0.128307364279 -0.000263347624581
0.128571877104 -0.000256258665691
0.128836389929 -0.000248888243808
0.129100902753 -0.000241233729416
0.129365415578 -0.000233297032893
0.129629928403 -0.000225077855801
0.129894441228 -0.000216585099538
0.130158954053 -0.000207829020012
0.130423466877 -0.000198810434248
0.130687979702 -0.000189534051154
0.130952492527 -0.000179999257583
0.131217005352 -0.000170205375043
0.131481518176 -0.00016015601969
0.131746031001 -0.000149854438321
0.132010543826 -0.000139298374377
0.132275056651 -0.000128485453978
0.132539569475 -0.000117422911271
0.1328040823 -0.000106117536469
0.133068595125 -9.45733061629e-05
0.13333310795 -8.2800319995e-05
0.133597620775 -7.08092975181e-05
0.133862133599 -5.86044731815e-05
0.134126646424 -4.61919294358e-05
0.134391159249 -3.35795073912e-05
0.134655672074 -2.07774299109e-05
0.134920184898 -7.78955600119e-06
0.135184697723 5.37735807973e-06
0.135449210548 1.87170409449e-05
0.135713723373 3.22146054594e-05
0.135978236197 4.58546908197e-05
0.136242749022 5.96312828318e-05
0.136507261847 7.35320444302e-05
0.136771774672 8.75431739774e-05
0.137036287496 0.00010164504058
0.137300800321 0.000115812071842
0.137565313146 0.000130026338776
0.137829825971 0.000144268952936
0.138094338796 0.000158530796195
0.13835885162 0.000172798078054
0.138623364445 0.000187052104001
0.13888787727 0.000201273049737
0.139152390095 0.000215440160426
0.139416902919 0.000229534734164
0.139681415744 0.000243538459766
0.139945928569 0.000257434874288
0.140210441394 0.000271216137492
0.140474954218 0.000284869166979
0.140739467043 0.000298380744009
0.141003979868 0.00031173880402
0.141268492693 0.00032493692783
0.141533005518 0.000337968792756
0.141797518342 0.000350828419461
0.142062031167 0.000363510654819
0.142326543992 0.000376016560516
0.142591056817 0.000388351839764
0.142855569641 0.000400518108127
0.143120082466 0.000412517478987
0.143384595291 0.000424352322277
0.143649108116 0.000436025399115
0.14391362094 0.000447539956531
0.144178133765 0.000458899183114
0.14444264659 0.000470106331393
0.144707159415 0.000481165285902
0.14497167224 0.000492082626168
0.145236185064 0.000502861092188
0.145500697889 0.000513502503267
0.145765210714 0.000524009258931
0.146029723539 0.000534383179846
0.146294236363 0.000544625255391
0.146558749188 0.000554736647969
0.146823262013 0.000564719921217
0.147087774838 0.000574575419815
0.147352287662 0.000584301703624
0.147616800487 0.000593897618481
0.147881313312 0.0006033629804
0.148145826137 0.000612695505751
0.148410338962 0.000621893398024
0.148674851786 0.000630955029209
0.148939364611 0.000639878996658
0.149203877436 0.000648664024773
0.149468390261 0.00065730856488
0.149732903085 0.000665811293359
0.14999741591 0.00067406791609
0.150261928735 0.000681816387789
0.15052644156 0.000689758027465
0.150790954384 0.000697635583991
0.151055467209 0.000705425030425
0.151319980034 0.000713127845674
0.151584492859 0.000720747578018
0.151849005683 0.000728273719027
0.152113518508 0.000735687112798
0.152378031333 0.000742968649287
0.152642544158 0.000750099497363
0.152907056983 0.000757060326363
0.153171569807 0.000763833830802
0.153436082632 0.000770404157882
0.153700595457 0.000776758209202
0.153965108282 0.000782885771146
0.154229621106 0.000788780398238
0.154494133931 0.000794441358448
0.154758646756 0.000799868318674
0.155023159581 0.000805062547286
0.155287672405 0.000810027160819
0.15555218523 0.000814767075205
0.155816698055 0.00081928838519
0.15608121088 0.000823599393466
0.156345723705 0.000827709378878
0.156610236529 0.000831625712004
0.156874749354 0.000835355293454
0.157139262179 0.00083890459071
0.157403775004 0.000842279582635
0.157668287828 0.00084548505329
0.157932800653 0.000848525493233
0.158197313478 0.000851405172381
0.158461826303 0.000854127974092
0.158726339127 0.000856697821335
0.158990851952 0.000859118007451
0.159255364777 0.000861391516792
0.159519877602 0.000863521135683
0.159784390427 0.000865509505467
0.160048903251 0.000867359044982
0.160313416076 0.000869075811497
0.160577928901 0.000870665497132
0.160842441726 0.000872131748494
0.16110695455 0.000873478030321
0.161371467375 0.000874707534158
0.1616359802 0.000875823219048
0.161900493025 0.000876826774534
0.162165005849 0.00087771998387
0.162429518674 0.000878504726726
0.162694031499 0.000879182772541
0.162958544324 0.000879756447001
0.163223057149 0.000880228099384
0.163487569973 0.000880599032079
0.163752082798 0.000880869839871
0.164016595623 0.000881041462094
0.164281108448 0.000881114756195
0.164545621272 0.000881094474847
0.164810134097 0.000880983700843
0.165074646922 0.000880784859647
0.165339159747 0.000880498968313
0.165603672571 0.000880126582223
0.165868185396 0.000879667780779
0.166132698221 0.000879122736272
0.166397211046 0.000878491197981
0.16666172387 0.000877772227005
0.166926236695 0.000876964587513
0.16719074952 0.000876067049973
0.167455262345 0.000875078486767
0.16771977517 0.000873997871853
0.167984287994 0.000872823981101
0.168248800819 0.000871555647358
0.168513313644 0.000870196145471
0.168777826469 0.00086874762388
0.169042339293 0.000867209912818
0.169306852118 0.000865582211126
0.169571364943 0.000863863515053
0.169835877768 0.00086205156805
0.170100390592 0.000860145574446
0.170364903417 0.000858144185675
0.170629416242 0.00085604565077
0.170893929067 0.000853848987787
0.171158441892 0.000851553107533
0.171422954716 0.000849155834425
0.171687467541 0.000846655876929
0.171951980366 0.000844055263384
0.172216493191 0.000841353027318
0.172481006015 0.000838547278071
0.17274551884 0.0008356380538
0.173010031665 0.000832624762923
0.17327454449 0.000829504274024
0.173539057314 0.000826275005265
0.173803570139 0.000822935614025
0.174068082964 0.000819483839094
0.174332595789 0.00081591791081
0.174597108614 0.000812234889772
0.174861621438 0.000808435993044
0.175126134263 0.000804521036602
0.175390647088 0.000800488751128
0.175655159913 0.000796336052646
0.175919672737 0.000792064175365
0.176184185562 0.000787672862948
0.176448698387 0.000783160924074
0.176713211212 0.000778525723838
0.176977724036 0.000773766286566
0.177242236861 0.00076888393888
0.177506749686 0.00076387928755
0.177771262511 0.000758752684468
0.178035775335 0.000753504055026
0.17830028816 0.000748134366414
0.178564800985 0.000742643308104
0.17882931381 0.000737031092915
0.179093826635 0.0007312976064
0.179358339459 0.00072544575715
0.179622852284 0.000719477452222
0.179887365109 0.000713394826138
0.180151877934 0.000707200216501
0.180416390758 0.000700896951383
0.180680903583 0.000694488549512
0.180945416408 0.00068797748318
0.181209929233 0.000681365393766
0.181474442057 0.000674654142476
0.181738954882 0.000667846552324
0.182003467707 0.000660943919301
0.182267980532 0.00065394739018
0.182532493357 0.000646861593027
0.182797006181 0.000639692212495
0.183061519006 0.000632442631039
0.183326031831 0.000625117933076
0.183590544656 0.000617724789093
0.18385505748 0.000610266861153
0.184119570305 0.000602747476731
0.18438408313 0.000595169073861
0.184648595955 0.000587535349073
0.184913108779 0.000579854130013
0.185177621604 0.000572127907289
0.185442134429 0.000564357562005
0.185706647254 0.000556544730542
0.185971160079 0.000548694792346
0.186235672903 0.000540811604892
0.186500185728 0.000532897514346
0.186764698553 0.000524951725581
0.187029211378 0.000516978528901
0.187293724202 0.000508981231449
0.187558237027 0.000500961350845
0.187822749852 0.000492916506658
0.188087262677 0.000484845073912
0.188351775501 0.000476742378513
0.188616288326 0.000468602679156
0.188880801151 0.000460422136234
0.189145313976 0.000452199163447
0.189409826801 0.000443932936465
0.189674339625 0.000435623934727
0.18993885245 0.000427273229509
0.190203365275 0.000418878699572
0.1904678781 0.00041043962971
0.190732390924 0.0004019583165
0.190996903749 0.00039343512887
0.191261416574 0.000384870386884
0.191525929399 0.000376265136747
0.191790442223 0.00036761786951
0.192054955048 0.000358929961315
0.192319467873 0.000350204350015
0.192583980698 0.000341444011324
0.192848493522 0.00033265737875
0.193113006347 0.000323851345521
0.193377519172 0.000315028424544
0.193642031997 0.000306192205653
0.193906544822 0.000297346225141
0.194171057646 0.000288493587868
0.194435570471 0.000279636648237
0.194700083296 0.000270778018325
0.194964596121 0.000261919973824
0.195229108945 0.000253065040346
0.19549362177 0.000244212441621
0.195758134595 0.000235364822099
0.19602264742 0.000226525013297
0.196287160244 0.000217696437437
0.196551673069 0.000208881401546
0.196816185894 0.000200082836534
0.197080698719 0.000191304093219
0.197345211544 0.00018254855036
0.197609724368 0.000173818345969
0.197874237193 0.000165115301623
0.198138750018 0.000156441031296
0.198403262843 0.000147797424914
0.198667775667 0.000139187290531
0.198932288492 0.000130613693406
0.199196801317 0.000122079547106
0.199461314142 0.000113587890093
0.199725826966 0.000105141983839
0.199990339791 9.67403724553e-05
0.200254852616 8.78192205527e-05
0.200519365441 7.88944985789e-05
0.200783878266 6.99100235934e-05
0.20104839109 6.08893041012e-05
0.201312903915 5.18439203905e-05
0.20157741674 4.27842488799e-05
0.201841929565 3.37173370313e-05
0.202106442389 2.46546178657e-05
0.202370955214 1.56066105015e-05
0.202635468039 6.58249231453e-06
0.202899980864 -2.41029224476e-06
0.203164493688 -1.13697754665e-05
0.203429006513 -2.02928501948e-05
0.203693519338 -2.91790132451e-05
0.203958032163 -3.80277713983e-05
0.204222544988 -4.68382289845e-05
0.204487057812 -5.56096273991e-05
0.204751570637 -6.43460524302e-05
0.205016083462 -7.30497660227e-05
0.205280596287 -8.17202580311e-05
0.205545109111 -9.03560667681e-05
0.205809621936 -9.89550568035e-05
0.206074134761 -0.000107514740928
0.206338647586 -0.000116031926012
0.20660316041 -0.000124503599423
0.206867673235 -0.000132926195461
0.20713218606 -0.000141295606122
0.207396698885 -0.000149607495078
0.207661211709 -0.00015785715431
0.207925724534 -0.000166039788862
0.208190237359 -0.000174150827851
0.208454750184 -0.000182185559542
0.208719263009 -0.000190140199834
0.208983775833 -0.000198014497681
0.209248288658 -0.000205807250729
0.209512801483 -0.000213514248504
0.209777314308 -0.000221131375103
0.210041827132 -0.000228654617327
0.210306339957 -0.000236079772787
0.210570852782 -0.000243402973251
0.210835365607 -0.000250620481152
0.211099878431 -0.000257728306437
0.211364391256 -0.000264722550022
0.211628904081 -0.000271599325036
0.211893416906 -0.000278356101819
0.212157929731 -0.00028498916637
0.212422442555 -0.000291494594699
0.21268695538 -0.000297867313346
0.212951468205 -0.00030410217392
0.21321598103 -0.000310196783511
0.213480493854 -0.000316149510171
0.213745006679 -0.00032195916689
0.214009519504 -0.000327621791336
0.214274032329 -0.000333133541734
0.214538545153 -0.000338490737826
0.214803057978 -0.000343690554403
0.215067570803 -0.000348729536496
0.215332083628 -0.00035360425698
0.215596596453 -0.000358311182272
0.215861109277 -0.000362846916129
0.216125622102 -0.000367208057084
0.216390134927 -0.000371390221769
0.216654647752 -0.000375389861126
0.216919160576 -0.000379203563869
0.217183673401 -0.000382829193061
0.217448186226 -0.000386269295757
0.217712699051 -0.000389522551537
0.217977211875 -0.000392586375483
0.2182417247 -0.000395458793224
0.218506237525 -0.000398139678386
0.21877075035 -0.000400625342578
0.219035263174 -0.000402912603031
0.219299775999 -0.000404997944879
0.219564288824 -0.000406878248198
0.219828801649 -0.000408550242935
0.220093314474 -0.000410010387831
0.220357827298 -0.00041125469154
0.220622340123 -0.000412281382512
0.220886852948 -0.000413088557042
0.221151365773 -0.000413672260215
0.221415878597 -0.000414029559604
0.221680391422 -0.000414157226851
0.221944904247 -0.000414051415745
0.222209417072 -0.000413707235783
0.222473929896 -0.000413118864128
0.222738442721 -0.000412281095355
0.223002955546 -0.000411188940821
0.223267468371 -0.000409839299055
0.223531981196 -0.000408230240476
0.22379649402 -0.000406358338037
0.224061006845 -0.000404220479956
0.22432551967 -0.000401814541753
0.224590032495 -0.000399136932544
0.224854545319 -0.000396182041468
0.225119058144 -0.000392946226544
0.225383570969 -0.00038942610155
0.225648083794 -0.000385619785758
0.225912596618 -0.000381527222276
0.226177109443 -0.000377145924026
0.226441622268 -0.000372473276521
0.226706135093 -0.000367504867847
0.226970647918 -0.000362239225626
0.227235160742 -0.000356676414651
0.227499673567 -0.00035081427601
0.227764186392 -0.000344651426306
0.228028699217 -0.000338189373315
0.228293212041 -0.000331427744625
0.228557724866 -0.000324364206004
0.228822237691 -0.000316998624953
0.229086750516 -0.000309331438357
0.22935126334 -0.000301368491123
0.229615776165 -0.000293118452256
0.22988028899 -0.000284586576898
0.230144801815 -0.000275771439536
0.23040931464 -0.000266678555987
0.230673827464 -0.00025730813901
0.230938340289 -0.000247659207088
0.231202853114 -0.000237736504892
0.231467365939 -0.000227540678491
0.231731878763 -0.000217067130576
0.231996391588 -0.000206323742955
0.232260904413 -0.000195320616682
0.232525417238 -0.000184063390705
0.232789930062 -0.000172558096111
0.233054442887 -0.000160819284136
0.233318955712 -0.00014884987093
0.233583468537 -0.000136655001941
0.233847981361 -0.000124241250415
0.234112494186 -0.000111617528044
0.234377007011 -9.87869004461e-05
0.234641519836 -8.57547806463e-05
0.234906032661 -7.25306199574e-05
0.235170545485 -5.91310108697e-05
0.23543505831 -4.55674975648e-05
0.235699571135 -3.18484811002e-05
0.23596408396 -1.7987719589e-05
0.236228596784 -3.99960843495e-06
0.236493109609 1.00910335283e-05
0.236757622434 2.42623669588e-05
0.237022135259 3.84953314909e-05
0.237286648083 5.27733958712e-05
0.237551160908 6.70893246784e-05
0.237815673733 8.14232625802e-05
0.238080186558 9.57518378071e-05
0.238344699383 0.000110054588752
0.238609212207 0.000124312018371
0.238873725032 0.000138503640628
0.239138237857 0.000152611766328
0.239402750682 0.000166625632231
0.239667263506 0.000180532748831
0.239931776331 0.000194315816254
0.240196289156 0.000207960715054
0.240460801981 0.000221455554195
0.240725314805 0.000234788504584
0.24098982763 0.000247951398445
0.241254340455 0.000260937978985
0.24151885328 0.00027375349586
0.241783366105 0.000286400938762
0.242047878929 0.000298881440906
0.242312391754 0.000311196619213
0.242576904579 0.00032334765315
0.242841417404 0.000335335848965
0.243105930228 0.000347162620132
0.243370443053 0.00035883088009
0.243634955878 0.000370344348276
0.243899468703 0.000381709440703
0.244163981527 0.000392929462621
0.244428494352 0.000404007417557
0.244693007177 0.000414946519651
0.244957520002 0.000425749270703
0.245222032826 0.000436417589594
0.245486545651 0.000446953251593
0.245751058476 0.000457357904871
0.246015571301 0.000467632722946
0.246280084126 0.000477777696236
0.24654459695 0.000487792032555
0.246809109775 0.000497676460698
0.2470736226 0.000507430804225
0.247338135425 0.00051705405763
0.247602648249 0.000526544905738
0.247867161074 0.000535902692799
0.248131673899 0.000545127887342
0.248396186724 0.000554219349264
0.248660699548 0.000563176514244
0.248925212373 0.000571998376111
0.249189725198 0.00058068471458
0.249454238023 0.000589235082371
0.249718750848 0.000597648608892
0.249983263672 0.000605924439791
0.250247776497 0.000613598502727
0.250512289322 0.000621435135247
0.250776802147 0.000629196885022
0.251041314971 0.000636877129597
0.251305827796 0.000644486652237
0.251570340621 0.000652029575288
0.251834853446 0.000659492554003
0.25209936627 0.000666853087351
0.252363879095 0.00067408821104
0.25262839192 0.000681177291866
0.252892904745 0.000688099548886
0.25315741757 0.000694836188075
0.253421930394 0.000701371515435
0.253686443219 0.000707692873167
0.253950956044 0.00071379068325
0.254215468869 0.00071965909007
0.254479981693 0.000725295781761
0.254744494518 0.000730703035583
0.255009007343 0.000735881970269
0.255273520168 0.000740836192985
0.255538032992 0.000745570481414
0.255802545817 0.000750090372524
0.256067058642 0.000754402120011
0.256331571467 0.000758515592437
0.256596084292 0.000762438839753
0.256860597116 0.000766178973074
0.257125109941 0.000769742355779
0.257389622766 0.000773135022929
0.257654135591 0.00077636215093
0.257918648415 0.000779427968052
0.25818316124 0.00078233654255
0.258447674065 0.000785091737285
0.25871218689 0.000787697183694
0.258976699714 0.000790156211792
0.259241212539 0.000792471956282
0.259505725364 0.000794647307244
0.259770238189 0.000796685214404
0.260034751013 0.000798588233753
0.260299263838 0.000800359740245
0.260563776663 0.000802006502763
0.260828289488 0.000803532934121
0.261092802313 0.000804942396277
0.261357315137 0.000806238035403
0.261621827962 0.00080742296981
0.261886340787 0.000808499311038
0.262150853612 0.000809468864482
0.262415366436 0.000810333470391
0.262679879261 0.000811094745871
0.262944392086 0.000811754225733
0.263208904911 0.000812314640455
0.263473417735 0.000812777233302
0.26373793056 0.000813142422153
0.264002443385 0.000813411097813
0.26426695621 0.000813583940896
0.264531469035 0.000813663945235
0.264795981859 0.00081365494944
0.265060494684 0.000813559697102
0.265325007509 0.000813379018137
0.265589520334 0.000813113775259
0.265854033158 0.000812763854291
0.266118545983 0.000812329248846
0.266383058808 0.000811809277982
0.266647571633 0.000811202954536
0.266912084457 0.000810509051986
0.267176597282 0.000809726305631
0.267441110107 0.000808853467601
0.267705622932 0.000807889468124
0.267970135757 0.000806833111246
0.268234648581 0.00080568296556
0.268499161406 0.000804441167927
0.268763674231 0.000803110541078
0.269028187056 0.000801691280793
0.26929269988 0.000800182706471
0.269557212705 0.000798583712898
0.26982172553 0.000796891939637
0.270086238355 0.000795106644422
0.270350751179 0.000793226338621
0.270615264004 0.000791249301083
0.270879776829 0.000789174432027
0.271144289654 0.00078700064934
0.271408802479 0.000784725703014
0.271673315303 0.000782348244287
0.271937828128 0.000779869912389
0.272202340953 0.000777289996697
0.272466853778 0.000774606736302
0.272731366602 0.000771820111698
0.272995879427 0.000768929379202
0.273260392252 0.000765931362787
0.273524905077 0.000762824510408
0.273789417901 0.000759607434533
0.274053930726 0.000756277946779
0.274318443551 0.000752834226553
0.274582956376 0.000749273257501
0.2748474692 0.000745596185048
0.275111982025 0.000741802816087
0.27537649485 0.000737891819883
0.275641007675 0.000733860340617
0.2759055205 0.000729709483337
0.276170033324 0.000725439008667
0.276434546149 0.000721047649516
0.276699058974 0.000716532635098
0.276963571799 0.000711893032767
0.277228084623 0.00070713032044
0.277492597448 0.00070224505216
0.277757110273 0.00069723755611
0.278021623098 0.000692107859941
0.278286135922 0.000686856832768
0.278550648747 0.000681483990476
0.278815161572 0.000675989579888
0.279079674397 0.000670373663708
0.279344187222 0.00066463923022
0.279608700046 0.000658788121814
0.279873212871 0.00065282241348
0.280137725696 0.000646744440104
0.280402238521 0.000640557735169
0.280666751345 0.000634265720182
0.28093126417 0.000627870897549
0.281195776995 0.000621374660546
0.28146028982 0.000614779044805
0.281724802644 0.000608086845842
0.281989315469 0.000601299559071
0.282253828294 0.000594417906598
0.282518341119 0.000587446932444
0.282782853944 0.000580392168595
0.283047366768 0.000573257218667
0.283311879593 0.000566047449228
0.283576392418 0.000558769181409
0.283840905243 0.000551427318946
0.284105418067 0.000544024172165
0.284369930892 0.000536562397698
0.284634443717 0.00052904610277
0.284898956542 0.000521482660151
0.285163469366 0.000513874529956
0.285427982191 0.000506221850271
0.285692495016 0.000498527183181
0.285957007841 0.000490795395255
0.286221520665 0.000483030209635
0.28648603349 0.000475233697048
0.286750546315 0.000467404965985
0.28701505914 0.00045954960254
0.287279571965 0.000451670776537
0.287544084789 0.000443769047176
0.287808597614 0.000435842210086
0.288073110439 0.000427888398488
0.288337623264 0.000419901956305
0.288602136088 0.000411877038462
0.288866648913 0.000403810987203
0.289131161738 0.000395702079633
0.289395674563 0.00038754950577
0.289660187387 0.000379354047804
0.289924700212 0.000371116311656
0.290189213037 0.000362834566193
0.290453725862 0.000354507194534
0.290718238687 0.000346136571557
0.290982751511 0.000337721763826
0.291247264336 0.000329264060889
0.291511777161 0.000320765507518
0.291776289986 0.000312224621794
0.29204080281 0.000303642610372
0.292305315635 0.000295022104907
0.29256982846 0.00028636730973
0.292834341285 0.00027768722282
0.293098854109 0.000268986617233
0.293363366934 0.000260268070935
0.293627879759 0.000251535414715
0.293892392584 0.000242792020036
0.294156905409 0.000234040659847
0.294421418233 0.000225283699824
0.294685931058 0.000216523647376
0.294950443883 0.000207762935175
0.295214956708 0.000199004800031
0.295479469532 0.000190249312355
0.295743982357 0.000181497162261
0.296008495182 0.000172751131738
0.296273008007 0.000164014721091
0.296537520831 0.000155290365782
0.296802033656 0.000146580799055
0.297066546481 0.000137889499979
0.297331059306 0.000129219680984
0.297595572131 0.000120572433065
0.297860084955 0.000111949589147
0.29812459778 0.000103352855039
0.298389110605 9.4784585461e-05
0.29865362343 8.62480274805e-05
0.298918136254 7.77459158404e-05
0.299182649079 6.92812224843e-05
0.299447161904 6.08570807852e-05
0.299711674729 5.24771182893e-05
0.299976187553 4.41424612118e-05
0.300240700378 3.5289965231e-05
0.300505213203 2.6432534194e-05
0.300769726028 1.75163850136e-05
0.301034238852 8.56366857753e-06
0.301298751677 -4.13395692218e-07
0.301563264502 -9.40460149199e-06
0.301827777327 -1.8402212874e-05
0.302092290152 -2.73954878213e-05
0.302356802976 -3.63739246045e-05
0.302621315801 -4.53283992453e-05
0.302885828626 -5.42518129123e-05
0.303150341451 -6.31415655658e-05
0.303414854275 -7.19952420837e-05
0.3036793671 -8.08121186981e-05
0.303943879925 -8.95925413842e-05
0.30420839275 -9.83356478544e-05
0.304472905574 -0.00010704063208
0.304737418399 -0.000115708940056
0.305001931224 -0.000124344345067
0.305266444049 -0.000132947226696
0.305530956874 -0.000141516592808
0.305795469698 -0.000150050657025
0.306059982523 -0.00015854690437
0.306324495348 -0.00016700218296
0.306589008173 -0.000175413516811
0.306853520997 -0.00018377766838
0.307118033822 -0.000192090395816
0.307382546647 -0.000200346857439
0.307647059472 -0.000208542713997
0.307911572296 -0.000216673759079
0.308176085121 -0.00022473538069
0.308440597946 -0.000232722822087
0.308705110771 -0.000240631469869
0.308969623596 -0.000248459760819
0.30923413642 -0.000256206576966
0.309498649245 -0.000263869613797
0.30976316207 -0.000271444872485
0.310027674895 -0.000278928104323
0.310292187719 -0.000286315115081
0.310556700544 -0.000293601593644
0.310821213369 -0.000300784165217
0.311085726194 -0.000307858697459
0.311350239018 -0.000314821480812
0.311614751843 -0.000321668949779
0.311879264668 -0.000328397685734
0.312143777493 -0.000335004650924
0.312408290318 -0.000341486055741
0.312672803142 -0.000347837412189
0.312937315967 -0.000354053268847
0.313201828792 -0.000360129735247
0.313466341617 -0.000366064985079
0.313730854441 -0.000371857915252
0.313995367266 -0.000377505741043
0.314259880091 -0.000383004578625
0.314524392916 -0.000388350620712
0.31478890574 -0.000393541049817
0.315053418565 -0.000398572437655
0.31531793139 -0.000403441229638
0.315582444215 -0.000408143984707
0.315846957039 -0.000412677313995
0.316111469864 -0.00041703793547
0.316375982689 -0.000421221493982
0.316640495514 -0.000425224385835
0.316905008339 -0.000429043335582
0.317169521163 -0.000432675115844
0.317434033988 -0.000436120956333
0.317698546813 -0.000439381123515
0.317963059638 -0.000442453405656
0.318227572462 -0.000445336967551
0.318492085287 -0.000448031797255
0.318756598112 -0.000450533867926
0.319021110937 -0.000452839666807
0.319285623761 -0.000454945456144
0.319550136586 -0.00045684791489
0.319814649411 -0.000458543731466
0.320079162236 -0.000460029341156
0.320343675061 -0.000461300598119
0.320608187885 -0.000462354514111
0.32087270071 -0.000463190099282
0.321137213535 -0.000463803586829
0.32140172636 -0.000464191269837
0.321666239184 -0.00046435054115
0.321930752009 -0.000464277423555
0.322195264834 -0.000463967928467
0.322459777659 -0.000463415876924
0.322724290483 -0.000462615963506
0.322988803308 -0.000461562857122
0.323253316133 -0.000460252681187
0.323517828958 -0.000458684162959
0.323782341783 -0.000456853670355
0.324046854607 -0.000454758146677
0.324311367432 -0.000452394905372
0.324575880257 -0.00044976137728
0.324840393082 -0.000446851859582
0.325104905906 -0.000443662368647
0.325369418731 -0.000440189288185
0.325633931556 -0.000436430123419
0.325898444381 -0.00043238473101
0.326162957205 -0.00042805105029
0.32642747003 -0.000423426321398
0.326691982855 -0.00041850655956
0.32695649568 -0.000413289388757
0.327221008504 -0.000407774929056
0.327485521329 -0.000401960892599
0.327750034154 -0.00039584583171
0.328014546979 -0.000389430797351
0.328279059804 -0.000382715418458
0.328543572628 -0.000375697831571
0.328808085453 -0.000368377213107
0.329072598278 -0.000360754034709
0.329337111103 -0.000352832592012
0.329601623927 -0.000344622708864
0.329866136752 -0.000336129579748
0.330130649577 -0.000327351507082
0.330395162402 -0.000318293654807
0.330659675226 -0.000308956355695
0.330924188051 -0.000299338674389
0.331188700876 -0.000289443999
0.331453213701 -0.00027927386272
0.331717726526 -0.000268824024083
0.33198223935 -0.000258100806415
0.332246752175 -0.000247115104399
0.332511265 -0.000235872062865
0.332775777825 -0.000224376426835
0.333040290649 -0.000212643999008
0.333304803474 -0.000200677226921
0.333569316299 -0.000188480920269
0.333833829124 -0.000176061558458
0.334098341948 -0.000163427625592
0.334362854773 -0.000150583393373
0.334627367598 -0.000137533784305
0.334891880423 -0.000124288073403
0.335156393248 -0.000110862005853
0.335420906072 -9.72683384824e-05
0.335685418897 -8.35144303797e-05
0.335949931722 -6.96143093109e-05
0.336214444547 -5.55820932884e-05
0.336478957371 -4.14426453877e-05
0.336743470196 -2.72172490111e-05
0.337007983021 -1.29252419944e-05
0.337272495846 1.41482028034e-06
0.33753700867 1.57972855107e-05
0.337801521495 3.02011164945e-05
0.33806603432 4.46036344507e-05
0.338330547145 5.89842783613e-05
0.33859505997 7.33234031115e-05
0.338859572794 8.76004930945e-05
0.339124085619 0.000101797316649
0.339388598444 0.000115902266576
0.339653111269 0.000129903053047
0.339917624093 0.000143781780986
0.340182136918 0.000157524124258
0.340446649743 0.00017111725776
0.340711162568 0.000184549378557
0.340975675392 0.000197812151221
0.341240188217 0.000210899425694
0.341504701042 0.000223815497325
0.341769213867 0.000236562934346
0.342033726691 0.000249142566073
0.342298239516 0.00026155562188
0.342562752341 0.000273802933183
0.342827265166 0.00028588539124
0.343091777991 0.000297804084631
0.343356290815 0.00030956197389
0.34362080364 0.000321162648669
0.343885316465 0.000332612482177
0.34414982929 0.000343914430934
0.344414342114 0.000355071787867
0.344678854939 0.000366087782843
0.344943367764 0.000376964894144
0.345207880589 0.000387705203622
0.345472393413 0.000398310730107
0.345736906238 0.00040878332936
0.346001419063 0.00041912438319
0.346265931888 0.00042933393561
0.346530444713 0.000439411233681
0.346794957537 0.000449357779302
0.347059470362 0.000459173159905
0.347323983187 0.000468856445534
0.347588496012 0.000478406453355
0.347853008836 0.000487823643309
0.348117521661 0.00049710771593
0.348382034486 0.000506257863461
0.348646547311 0.000515273457202
0.348911060135 0.000524153725201
0.34917557296 0.000532898478358
0.349440085785 0.000541507176958
0.34970459861 0.000549979039846
0.349969111435 0.000558313192661
0.350233624259 0.000566045785468
0.350498137084 0.000573941848931
0.350762649909 0.000581761831852
0.351027162734 0.000589498546176
0.351291675558 0.000597164099505
0.351556188383 0.000604762537915
0.351820701208 0.000612280969176
0.352085214033 0.000619697197001
0.352349726857 0.000626989164635
0.352614239682 0.000634136206221
0.352878752507 0.000641117758157
0.353143265332 0.000647915056568
0.353407778157 0.000654512589662
0.353672290981 0.000660897597782
0.353936803806 0.000667060393526
0.354201316631 0.000672994883976
0.354465829456 0.000678699579144
0.35473034228 0.000684175819795
0.354994855105 0.000689424758536
0.35525936793 0.000694449631538
0.355523880755 0.000699255178201
0.355788393579 0.000703846775158
0.356052906404 0.000708231823557
0.356317419229 0.000712420306015
0.356581932054 0.000716419554065
0.356846444878 0.000720236405014
0.357110957703 0.000723877245213
0.357375470528 0.000727347999578
0.357639983353 0.000730653479761
0.357904496178 0.000733798047311
0.358169009002 0.000736785726795
0.358433521827 0.000739620271552
0.358698034652 0.000742305497446
0.358962547477 0.000744844576751
0.359227060301 0.000747240559774
0.359491573126 0.000749496250393
0.359756085951 0.000751614438413
0.360020598776 0.000753597597049
0.3602851116 0.000755451196321
0.360549624425 0.000757181059939
0.36081413725 0.000758790891496
0.361078650075 0.000760284063398
0.3613431629 0.000761663627419
0.361607675724 0.000762932591529
0.361872188549 0.000764092568222
0.362136701374 0.000765145426533
0.362401214199 0.000766092960711
0.362665727023 0.000766936756019
0.362930239848 0.000767679053012
0.363194752673 0.000768321836675
0.363459265498 0.000768866185399
0.363723778322 0.000769312610368
0.363988291147 0.000769661925924
0.364252803972 0.000769914846394
0.364517316797 0.000770076571858
0.364781829622 0.000770149902655
0.365046342446 0.000770136986718
0.365310855271 0.00077003846879
0.365575368096 0.000769854676514
0.365839880921 0.000769585604634
0.366104393745 0.000769231343437
0.36636890657 0.000768791520465
0.366633419395 0.000768265148775
0.36689793222 0.000767650942436
0.367162445044 0.000766947535584
0.367426957869 0.000766153650657
0.367691470694 0.000765268081902
0.367955983519 0.000764289475734
0.368220496343 0.000763217690298
0.368485009168 0.000762055925426
0.368749521993 0.000760805758964
0.369014034818 0.000759466827968
0.369278547643 0.000758038027637
0.369543060467 0.000756518068349
0.369807573292 0.000754904939392
0.370072086117 0.000753197703133
0.370336598942 0.000751394689241
0.370601111766 0.000749494342616
0.370865624591 0.000747495668194
0.371130137416 0.000745397248512
0.371394650241 0.000743196860616
0.371659163065 0.000740895076641
0.37192367589 0.000738492374599
0.372188188715 0.000735987592399
0.37245270154 0.00073337941315
0.372717214365 0.000730667734888
0.372981727189 0.000727851295081
0.373246240014 0.000724927030449
0.373510752839 0.000721893624901
0.373775265664 0.000718749235605
0.374039778488 0.000715491994865
0.374304291313 0.000712119733161
0.374568804138 0.000708630761972
0.374833316963 0.000705025849039
0.375097829787 0.000701304628269
0.375362342612 0.000697464979429
0.375626855437 0.000693505446826
0.375891368262 0.00068942649097
0.376155881087 0.00068522776593
0.376420393911 0.00068090760435
0.376684906736 0.000676462977761
0.376949419561 0.000671894043435
0.377213932386 0.000667202763988
0.37747844521 0.000662389195675
0.377742958035 0.000657453370836
0.37800747086 0.000652395706746
0.378271983685 0.000647216784221
0.378536496509 0.000641915791638
0.378801009334 0.000636493016842
0.379065522159 0.000630949852569
0.379330034984 0.000625288770692
0.379594547809 0.00061951151144
0.379859060633 0.000613619785964
0.380123573458 0.000607616455175
0.380388086283 0.000601505249385
0.380652599108 0.000595289419804
0.380917111932 0.000588971204956
0.381181624757 0.000582551770141
0.381446137582 0.000576034017724
0.381710650407 0.000569419590322
0.381975163231 0.000562710438149
0.382239676056 0.000555907695172
0.382504188881 0.000549016728601
0.382768701706 0.00054204248282
0.38303321453 0.000534989020954
0.383297727355 0.000527862451328
0.38356224018 0.000520668657233
0.383826753005 0.000513413332624
0.38409126583 0.000506097714801
0.384355778654 0.000498724888485
0.384620291479 0.000491299849872
0.384884804304 0.000483828571394
0.385149317129 0.000476313110596
0.385413829953 0.000468753524004
0.385678342778 0.000461153477676
0.385942855603 0.000453517254298
0.386207368428 0.000445847924791
0.386471881252 0.000438146488245
0.386736394077 0.000430413256036
0.387000906902 0.000422654765093
0.387265419727 0.000414873826436
0.387529932552 0.00040706919171
0.387794445376 0.000399239073832
0.388058958201 0.000391379836536
0.388323471026 0.000383485933546
0.388587983851 0.000375552203631
0.388852496675 0.000367576678634
0.3891170095 0.000359557634031
0.389381522325 0.000351494727861
0.38964603515 0.000343388854879
0.389910547974 0.000335239539743
0.390175060799 0.000327045990782
0.390439573624 0.000318806445135
0.390704086449 0.000310521208093
0.390968599274 0.000302190067033
0.391233112098 0.000293814843774
0.391497624923 0.000285397748853
0.391762137748 0.000276938348831
0.392026650573 0.000268437420617
0.392291163397 0.0002598975312
0.392555676222 0.000251325742417
0.392820189047 0.000242728996979
0.393084701872 0.000234110027696
0.393349214696 0.000225472339775
0.393613727521 0.000216819583153
0.393878240346 0.000208154810375
0.394142753171 0.000199480475265
0.394407265996 0.000190799022661
0.39467177882 0.000182112756247
0.394936291645 0.000173424703104
0.39520080447 0.000164737937951
0.395465317295 0.000156053525635
0.395729830119 0.000147370929316
0.395994342944 0.00013869280915
0.396258855769 0.000130022337126
0.396523368594 0.000121362553029
0.396787881418 0.000112716043873
0.397052394243 0.000104086235511
0.397316907068 9.54750888706e-05
0.397581419893 8.6884409179e-05
0.397845932717 7.83155720569e-05
0.398110445542 6.97706129066e-05
0.398374958367 6.12524608258e-05
0.398639471192 5.27642160256e-05
0.398903984017 4.43087266676e-05
0.399168496841 3.58889870725e-05
0.399433009666 2.7508391955e-05
0.399697522491 1.9170296822e-05
0.399962035316 1.08779265218e-05
0.40022654814 2.06906771294e-06
0.400491060965 -6.74555340727e-06
0.40075557379 -1.56183401631e-05
0.401020086615 -2.4528221425e-05
0.401284599439 -3.34626853657e-05
0.401549112264 -4.2411507147e-05
0.401813625089 -5.13666283618e-05
0.402078137914 -6.03176739639e-05
0.402342650739 -6.9254113146e-05
0.402607163563 -7.81670526937e-05
0.402871676388 -8.70492752575e-05
0.403136189213 -9.58979690837e-05
0.403400702038 -0.000104711158972
0.403665214862 -0.000113488057719
0.403929727687 -0.000122229153965
0.404194240512 -0.00013093377262
0.404458753337 -0.000139601219823
0.404723266161 -0.000148231726729
0.404987778986 -0.000156829001392
0.405252291811 -0.000165394593401
0.405516804636 -0.00017392735528
0.405781317461 -0.000182425861269
0.406045830285 -0.000190887483247
0.40631034311 -0.000199309409754
0.406574855935 -0.000207688445174
0.40683936876 -0.000216021390017
0.407103881584 -0.000224303539749
0.407368394409 -0.000232530743345
0.407632907234 -0.00024069869245
0.407897420059 -0.000248803092824
0.408161932883 -0.000256839363603
0.408426445708 -0.00026480291349
0.408690958533 -0.000272688957941
0.408955471358 -0.000280494594509
0.409219984183 -0.000288218329735
0.409484497007 -0.00029585951523
0.409749009832 -0.000303413892532
0.410013522657 -0.000310877262876
0.410278035482 -0.000318245373759
0.410542548306 -0.000325513937734
0.410807061131 -0.000332679337629
0.411071573956 -0.000339737700386
0.411336086781 -0.000346685419026
0.411600599605 -0.000353518879431
0.41186511243 -0.000360234282706
0.412129625255 -0.000366828922121
0.41239413808 -0.000373298726015
0.412658650904 -0.000379639865138
0.412923163729 -0.000385846836595
0.413187676554 -0.000391914727927
0.413452189379 -0.000397842367578
0.413716702204 -0.000403627391819
0.413981215028 -0.000409268249183
0.414245727853 -0.000414761059875
0.414510240678 -0.000420102044595
0.414774753503 -0.000425288134554
0.415039266327 -0.000430315965923
0.415303779152 -0.000435182060445
0.415568291977 -0.000439882978839
0.415832804802 -0.000444415384203
0.416097317626 -0.000448775909666
0.416361830451 -0.000452960355822
0.416626343276 -0.000456965077398
0.416890856101 -0.000460786659692
0.417155368926 -0.000464421869107
0.41741988175 -0.000467870423823
0.417684394575 -0.000471133641555
0.4179489074 -0.000474209653392
0.418213420225 -0.000477098255154
0.418477933049 -0.00047979881177
0.418742445874 -0.00048230811854
0.419006958699 -0.000484622189611
0.419271471524 -0.000486737114275
0.419535984348 -0.000488649575695
0.419800497173 -0.000490356129924
0.420065009998 -0.000491853308102
0.420329522823 -0.000493136863764
0.420594035648 -0.000494203050742
0.420858548472 -0.000495051506649
0.421123061297 -0.000495678513419
0.421387574122 -0.000496079999391
0.421652086947 -0.000496253723308
0.421916599771 -0.000496195619918
0.422181112596 -0.000495902034294
0.422445625421 -0.000495366915165
0.422710138246 -0.000494584762844
0.42297465107 -0.000493550241691
0.423239163895 -0.000492259159428
0.42350367672 -0.000490709974674
0.423768189545 -0.00048889932155
0.424032702369 -0.000486824200464
0.424297215194 -0.000484481542236
0.424561728019 -0.000481869249356
0.424826240844 -0.000478981913103
0.425090753669 -0.000475815251015
0.425355266493 -0.000472365501058
0.425619779318 -0.000468629800814
0.425884292143 -0.000464607926025
0.426148804968 -0.000460298191527
0.426413317792 -0.000455697731148
0.426677830617 -0.00045080288764
0.426942343442 -0.000445610842314
0.427206856267 -0.000440121363465
0.427471369091 -0.000434332509996
0.427735881916 -0.000428242573338
0.428000394741 -0.000421852303353
0.428264907566 -0.000415161434975
0.428529420391 -0.000408168620489
0.428793933215 -0.000400872340465
0.42905844604 -0.000393273248198
0.429322958865 -0.000385374295537
0.42958747169 -0.000377186124991
0.429851984514 -0.000368714229874
0.430116497339 -0.000359957345054
0.430381010164 -0.000350919137029
0.430645522989 -0.000341600807624
0.430910035813 -0.000332001646185
0.431174548638 -0.000322123819309
0.431439061463 -0.000311969762809
0.431703574288 -0.000301535468064
0.431968087113 -0.000290825820899
0.432232599937 -0.000279852024316
0.432497112762 -0.000268619362857
0.432761625587 -0.00025713125111
0.433026138412 -0.000245404878191
0.433290651236 -0.000233442142468
0.433555164061 -0.000221247917563
0.433819676886 -0.000208828455202
0.434084189711 -0.000196191875495
0.434348702535 -0.000183343465353
0.43461321536 -0.000170287714261
0.434877728185 -0.000157033567073
0.43514224101 -0.000143596158396
0.435406753835 -0.000129989457829
0.435671266659 -0.0001162196733
0.435935779484 -0.000102300872962
0.436200292309 -8.82470466723e-05
0.436464805134 -7.40823252671e-05
0.436729317958 -5.98279370461e-05
0.436993830783 -4.55035618681e-05
0.437258343608 -3.11294868799e-05
0.437522856433 -1.67101364119e-05
0.437787369257 -2.26639948453e-06
0.438051882082 1.21791980632e-05
0.438316394907 2.66060338043e-05
0.438580907732 4.09943350958e-05
0.438845420556 5.53236899614e-05
0.439109933381 6.95753673147e-05
0.439374446206 8.37365686997e-05
0.439638959031 9.77960270676e-05
0.439903471856 0.000111735462829
0.44016798468 0.000125540232036
0.440432497505 0.000139196949979
0.44069701033 0.000152693778365
0.440961523155 0.000166022098754
0.441226035979 0.000179175904664
0.441490548804 0.000192157564627
0.441755061629 0.000204970142609
0.442019574454 0.00021761436844
0.442284087278 0.000230091123974
0.442548600103 0.000242401119692
0.442813112928 0.000254545069549
0.443077625753 0.000266523821673
0.443342138578 0.000278340297054
0.443606651402 0.000289997913724
0.443871164227 0.000301502736992
0.444135677052 0.000312857905217
0.444400189877 0.000324066823899
0.444664702701 0.00033513276534
0.444929215526 0.000346058264226
0.445193728351 0.000356845513212
0.445458241176 0.000367496593216
0.445722754 0.000378013547591
0.445987266825 0.000388397892335
0.44625177965 0.000398649804574
0.446516292475 0.000408768878953
0.4467808053 0.000418756529152
0.447045318124 0.00042861231242
0.447309830949 0.000438335396085
0.447574343774 0.000447924603896
0.447838856599 0.000457381160013
0.448103369423 0.00046670425328
0.448367882248 0.000475893148127
0.448632395073 0.000484947255459
0.448896907898 0.000493865774543
0.449161420722 0.000502648523934
0.449425933547 0.000511295070674
0.449690446372 0.000519804659149
0.449954959197 0.000528176433775
0.450219472022 0.000535946996189
0.450483984846 0.00054388125436
0.450748497671 0.000551738472424
0.451013010496 0.000559511211025
0.451277523321 0.000567212114473
0.451542036145 0.000574845273897
0.45180654897 0.000582398114312
0.452071061795 0.000589848744054
0.45233557462 0.0005971755898
0.452600087444 0.000604358092806
0.452864600269 0.000611375736142
0.453129113094 0.000618209902126
0.453393625919 0.000624845120775
0.453658138743 0.000631268513607
0.453922651568 0.000637470231974
0.454187164393 0.00064344414735
0.454451677218 0.00064918917078
0.454716190043 0.000654706024094
0.454980702867 0.000659996035604
0.455245215692 0.000665062253841
0.455509728517 0.000669909315271
0.455774241342 0.000674542725195
0.456038754166 0.000678970514794
0.456303266991 0.000683202018369
0.456567779816 0.000687244451444
0.456832292641 0.000691104614983
0.457096805465 0.000694788846253
0.45736131829 0.000698303090532
0.457625831115 0.000701651942472
0.45789034394 0.000704839836591
0.458154856765 0.000707870781156
0.458419369589 0.000710748584264
0.458683882414 0.000713476956027
0.458948395239 0.000716059007257
0.459212908064 0.0007184977325
0.459477420888 0.000720795938059
0.459741933713 0.000722956323774
0.460006446538 0.000724981328832
0.460270959363 0.000726877569176
0.460535472187 0.00072865023021
0.460799985012 0.000730302829804
0.461064497837 0.000731838602908
0.461329010662 0.000733260654246
0.461593523487 0.000734571659614
0.461858036311 0.000735773233423
0.462122549136 0.00073686725268
0.462387061961 0.000737855513956
0.462651574786 0.000738739585101
0.46291608761 0.000739522136037
0.463180600435 0.000740204746062
0.46344511326 0.000740788408357
0.463709626085 0.000741273645894
0.463974138909 0.000741661240355
0.464238651734 0.000741952641447
0.464503164559 0.000742152954066
0.464767677384 0.000742264965802
0.465032190208 0.000742290495892
0.465296703033 0.000742230173398
0.465561215858 0.000742084130309
0.465825728683 0.000741852440331
0.466090241508 0.000741535161007
0.466354754332 0.000741132073005
0.466619267157 0.000740642246007
0.466883779982 0.000740064402829
0.467148292807 0.000739397129644
0.467412805631 0.000738639142719
0.467677318456 0.000737789124662
0.467941831281 0.000736845743164
0.468206344106 0.000735809970704
0.46847085693 0.000734684866909
0.468735369755 0.000733471231957
0.46899988258 0.000732168601678
0.469264395405 0.000730775771356
0.46952890823 0.000729291379412
0.469793421054 0.000727713555571
0.470057933879 0.000726041334712
0.470322446704 0.000724272967448
0.470586959529 0.000722406929988
0.470851472353 0.000720442239444
0.471115985178 0.000718377268477
0.471380498003 0.000716209924404
0.471645010828 0.000713941890605
0.471909523652 0.000711572702259
0.472174036477 0.000709101104215
0.472438549302 0.000706526143422
0.472703062127 0.000703847616697
0.472967574952 0.000701063981733
0.473232087776 0.000698172241489
0.473496600601 0.000695171171684
0.473761113426 0.000692058736495
0.474025626251 0.000688833184325
0.474290139075 0.000685492253736
0.4745546519 0.000682034997962
0.474819164725 0.000678461814681
0.47508367755 0.000674772304113
0.475348190374 0.000670964055354
0.475612703199 0.000667036132587
0.475877216024 0.000662988700942
0.476141728849 0.000658821415254
0.476406241674 0.00065453222003
0.476670754498 0.000650118470628
0.476935267323 0.000645580870151
0.477199780148 0.000640921071702
0.477464292973 0.000636139129729
0.477728805797 0.000631234880568
0.477993318622 0.000626208944266
0.478257831447 0.00062106163769
0.478522344272 0.000615792339846
0.478786857096 0.000610401181231
0.479051369921 0.000604890187578
0.479315882746 0.000599261531011
0.479580395571 0.000593516897437
0.479844908395 0.000587657852583
0.48010942122 0.000581687436008
0.480373934045 0.000575609544307
0.48063844687 0.000569427343088
0.480902959695 0.000563142798221
0.481167472519 0.000556757261277
0.481431985344 0.000550273974753
0.481696498169 0.000543693953286
0.481961010994 0.000537019414816
0.482225523818 0.000530251719395
0.482490036643 0.000523396395456
0.482754549468 0.000516457926758
0.483019062293 0.00050944055741
0.483283575117 0.000502350824476
0.483548087942 0.000495194543178
0.483812600767 0.000487977706113
0.484077113592 0.000480701089044
0.484341626417 0.000473367955638
0.484606139241 0.000465983709587
0.484870652066 0.000458553774862
0.485135164891 0.000451079650194
0.485399677716 0.00044356195956
0.48566419054 0.000436004509284
0.485928703365 0.000428411487068
0.48619321619 0.000420785554145
0.486457729015 0.000413127244695
0.486722241839 0.000405437864409
0.486986754664 0.000397723428843
0.487251267489 0.000389987170098
0.487515780314 0.00038222712812
0.487780293139 0.000374441668886
0.488044805963 0.000366626395919
0.488309318788 0.000358775446782
0.488573831613 0.000350884660377
0.488838344438 0.000342952090638
0.489102857262 0.000334975971417
0.489367370087 0.000326956145996
0.489631882912 0.000318893551182
0.489896395737 0.000310787178633
0.490160908561 0.000302636582188
0.490425421386 0.000294440348681
0.490689934211 0.000286197180276
0.490954447036 0.000277907535462
0.491218959861 0.000269573353038
0.491483472685 0.000261196695894
0.49174798551 0.000252778267337
0.492012498335 0.000244318162897
0.49227701116 0.000235818955651
0.492541523984 0.000227289059274
0.492806036809 0.0002187343535
0.493070549634 0.000210156684982
0.493335062459 0.000201559862831
0.493599575283 0.000192947479191
0.493864088108 0.000184322383678
0.494128600933 0.000175686957193
0.494393113758 0.000167043654053
0.494657626582 0.000158394725651
0.494922139407 0.000149743489037
0.495186652232 0.000141092806632
0.495451165057 0.000132444498417
0.495715677882 0.000123797336091
0.495980190706 0.000115153861082
0.496244703531 0.000106517060051
0.496509216356 9.7890255473e-05
0.496773729181 8.92759828792e-05
0.497038242005 8.06775503703e-05
0.49730275483 7.20964019181e-05
0.497567267655 6.35343263512e-05
0.49783178048 5.49928999864e-05
0.498096293304 4.64743821096e-05
0.498360806129 3.79818869711e-05
0.498625318954 2.95183670628e-05
0.498889831779 2.10867249514e-05
0.499154344604 1.26899685851e-05
0.499418857428 4.33157730314e-06
0.499683370253 -3.98512732345e-06
0.499947883078 -1.22565194128e-05
0.500212395903 -2.10427245353e-05
0.500476908727 -2.98351552145e-05
0.500741421552 -3.86852343392e-05
0.501005934377 -4.75726246843e-05
0.501270447202 -5.64845870544e-05
0.501534960026 -6.541088954e-05
0.501799472851 -7.43432877217e-05
0.502063985676 -8.32716642834e-05
0.502328498501 -9.2185483317e-05
0.502593011326 -0.00010107596173
0.50285752415 -0.000109935797264
0.503122036975 -0.000118762173945
0.5033865498 -0.000127553259106
0.503651062625 -0.000136308083886
0.503915575449 -0.000145027415445
0.504180088274 -0.000153710659715
0.504444601099 -0.000162357194723
0.504709113924 -0.000170966449077
0.504973626748 -0.000179542073565
0.505238139573 -0.000188086412091
0.505502652398 -0.000196598429836
0.505767165223 -0.000205076473725
0.506031678047 -0.000213518210569
0.506296190872 -0.000221920828179
0.506560703697 -0.000230281106397
0.506825216522 -0.000238595506575
0.507089729347 -0.000246859802271
0.507354242171 -0.00025506982261
0.507618754996 -0.000263221324433
0.507883267821 -0.000271309950515
0.508147780646 -0.000279331173633
0.50841229347 -0.000287280444031
0.508676806295 -0.000295152857187
0.50894131912 -0.000302944758391
0.509205831945 -0.000310654762284
0.509470344769 -0.000318282322233
0.509734857594 -0.000325823642083
0.509999370419 -0.000333274501575
0.510263883244 -0.00034063063521
0.510528396069 -0.000347887752564
0.510792908893 -0.000355042088857
0.511057421718 -0.000362089968739
0.511321934543 -0.00036902782332
0.511586447368 -0.000375852023126
0.511850960192 -0.000382558763456
0.512115473017 -0.00038914496552
0.512379985842 -0.000395606832795
0.512644498667 -0.000401940565297
0.512909011491 -0.000408141130447
0.513173524316 -0.000414203334924
0.513438037141 -0.000420125366991
0.513702549966 -0.000425904466589
0.513967062791 -0.000431540005847
0.514231575615 -0.00043702811255
0.51449608844 -0.0004423649904
0.514760601265 -0.000447547356842
0.51502511409 -0.000452571994305
0.515289626914 -0.000457435456961
0.515554139739 -0.000462134307728
0.515818652564 -0.000466665249417
0.516083165389 -0.000471024855508
0.516347678213 -0.000475209062364
0.516612191038 -0.00047921414792
0.516876703863 -0.000483036637011
0.517141216688 -0.000486673336948
0.517405729513 -0.000490122888203
0.517670242337 -0.000493387125354
0.517934755162 -0.000496464689832
0.518199267987 -0.000499355564516
0.518463780812 -0.000502058812804
0.518728293636 -0.000504571769811
0.518992806461 -0.000506890237581
0.519257319286 -0.000509010237287
0.519521832111 -0.0005109283879
0.519786344935 -0.000512641212404
0.52005085776 -0.000514145268526
0.520315370585 -0.0005154363317
0.52057988341 -0.000516510178245
0.520844396234 -0.000517366461286
0.521108909059 -0.000518001934456
0.521373421884 -0.000518412410657
0.521637934709 -0.00051859542349
0.521902447534 -0.000518547081988
0.522166960358 -0.000518263760412
0.522431473183 -0.0005177398781
0.522695986008 -0.000516969697389
0.522960498833 -0.00051594791632
0.523225011657 -0.000514670194678
0.523489524482 -0.000513134480135
0.523754037307 -0.000511337806879
0.524018550132 -0.000509277180959
0.524283062956 -0.000506949463509
0.524547575781 -0.000504352497148
0.524812088606 -0.000501481385345
0.525076601431 -0.000498331585262
0.525341114256 -0.000494899241786
0.52560562708 -0.000491181275175
0.525870139905 -0.000487177175037
0.52613465273 -0.000482885696741
0.526399165555 -0.000478303907068
0.526663678379 -0.000473428410751
0.526928191204 -0.00046825602379
0.527192704029 -0.000462786250146
0.527457216854 -0.000457017484126
0.527721729678 -0.000450947753084
0.527986242503 -0.000444577553388
0.528250755328 -0.000437906739654
0.528515268153 -0.000430934482158
0.528779780978 -0.000423658478568
0.529044293802 -0.000416079829827
0.529308806627 -0.000408200050649
0.529573319452 -0.000400030520976
