0.532386200796 0.00779182541214
0.532197744619 0.00613486198431
0.53200942202 0.00509298158444
0.531821232856 0.00442770708641
0.531633176986 0.00394801340714
0.531445254268 0.00355424266535
0.53125746456 0.00320149755504
0.531069807723 0.00285699180219
0.530882283614 0.00251011363228
0.530694892092 0.00214352051099
0.530133511651 0.000953631310629
0.529573319452 -0.000400030520976
0.529014311726 -0.00186221301595
0.528456484721 -0.00321256081173
0.5278998347 -0.00435819399827
0.527344357942 -0.00545451723998
